75 0.27320504665408407 0.47449142460589405 0.3141481120909475 0.4720068098242015 0.31985159799717167 0.5659850821917328 0.27890853422547934 0.5684696784240282
67 0.33178833056047097 0.542874303058521 0.34574058136774966 0.5463139275101258 0.3389189743963925 0.5739820060227417 0.32496672655838665 0.5705423899060854
67 0.33295047541344047 0.4998093508151743 0.37086174070952893 0.49369181087572506 0.3841035045670651 0.5757458980207886 0.3461922494512919 0.5818633959369856
28 0.35391187491256915 0.4949620340265658 0.3491768153517114 0.4950541940935185 0.34775309567362456 0.4219089899851323 0.3524881063359544 0.4218168303976546
28 0.30873607562682537 0.4136657855942845 0.3159616325550587 0.4112482362776347 0.34587143724468206 0.5006370201638027 0.3386458877879477 0.5030545535806826
75 0.4054468636830961 0.5359001161360416 0.42202522478191895 0.5387850882164302 0.4146359539710147 0.5812432251130119 0.3980575955748691 0.5783582636028699
75 0.5867270015625 0.552792990625 0.599694878125 0.552792990625 0.599694878125 0.6128221484374999 0.5867270015625 0.6128221484374999
76 0.6184231474589978 0.5991392456361744 0.5952567539217171 0.5959980998164022 0.606767718464539 0.5111124324774982 0.6299337805205596 0.5142535554972234
28 0.6188275808448225 0.44328411107065435 0.6154627906572614 0.44289698881987843 0.6201518835802062 0.402142686732363 0.6235166560508105 0.40252980794935844
28 0.6241862075074778 0.4470639875308995 0.6208989396421885 0.44702796807583894 0.6213234489731576 0.4082888897690712 0.6246107002186818 0.40832490913295993
26 0.652796650619166 0.5302212625 0.6256306561926976 0.5302212625 0.6256308695684538 0.42731413437500004 0.6527964607053036 0.42731413437500004
67 0.6554718401081345 0.5286071687107379 0.6865476887232944 0.5300664245997605 0.6840764354018347 0.5826885982020993 0.6530005872203901 0.5812293488245948
67 0.6374761645870421 0.6483790840101701 0.6728216950015167 0.6385915772175258 0.689381573320702 0.6983861031545741 0.6540360680201047 0.7081735476403489
78 0.6370496063599376 0.6827428227586989 0.6315964030985697 0.6440254974906487 0.6811019469899975 0.6370537295736635 0.6865553116094816 0.6757708589166844
78 0.6000024921875 0.6362467875 0.6363945531249999 0.6362467875 0.6363945531249999 0.688739815625 0.6000024921875 0.688739815625
67 0.6139501777278156 0.6535981036747548 0.6307050461886092 0.6525655145671074 0.6349911276462308 0.7221020509942477 0.6182362599179214 0.7231346325758061
28 0.6705672109374063 0.7031208281250096 0.6750497374888482 0.7020731417533668 0.6948960343554518 0.7869715755308412 0.6904135113281882 0.7880192515445603
28 0.6626698226564258 0.8012631519121443 0.6540730798658387 0.8018050443165504 0.6478274620421871 0.7027389745042355 0.6564240096754475 0.7021970882744486
28 0.6313131409755215 0.8250339498186913 0.6239569483050218 0.8252789987358633 0.6203872678862581 0.7181361692142678 0.6277432734375452 0.7178911234374993
67 0.38103693600794486 0.7133410981377307 0.33745340174607463 0.7094066310020585 0.3447088995341119 0.629050451080545 0.38829171838074217 0.6329848856999986
67 0.3076379514441214 0.5975700584475924 0.35287881928786646 0.6063114783696687 0.33624323523656585 0.6923976346552578 0.2910023884585371 0.6836562898782539
28 0.36700021638944236 0.7102458038126547 0.38016951084284756 0.7116772536349473 0.3692048932749685 0.8125342439944587 0.3560356015624393 0.8111028109374965
28 0.3176745803779113 0.799367497536514 0.30872393786955854 0.795573256184829 0.3488734646028888 0.7008771083583364 0.35782392414523656 0.7046713056936548
28 0.310981891467236 0.6826610998159695 0.31862317533853 0.6852420275658094 0.2923597649501062 0.7629872575178533 0.2847184921874941 0.760406353124988
28 0.29389150598399283 0.6729953334497427 0.2991616513718327 0.6749940380248768 0.2721971430069061 0.7460828491070265 0.2669270062500573 0.7440841609375146