67 0.2663427370877116 0.35338589022684236 0.25799701444532275 0.37767111454221275 0.2225423328117131 0.36548739582072476 0.2308880796874746 0.34120222187504373
67 0.2315396989911278 0.3955458388489216 0.2416571899674409 0.38618128652536393 0.27802527939070387 0.4254715058594773 0.26790781875331504 0.43483602682816735
78 0.2762216936666846 0.33623728833174416 0.3245685176284496 0.3590507915483828 0.29841101898796296 0.4144818711475138 0.2500642450769419 0.39166844777677445
78 0.34896145059531136 0.3765506727209822 0.381526541380822 0.3789769385895319 0.375430485159427 0.46079339096509886 0.3428653958128507 0.45836713779718674
78 0.34726222922733996 0.4407962801241663 0.3086854677522979 0.4421965207065609 0.3056876412532574 0.3596043436324815 0.34426401651444394 0.35820411004052194
67 0.37956435627847895 0.42344808122864275 0.41015212552554203 0.4278890697950372 0.404399418754565 0.4675090637610503 0.37381165213639633 0.4630680873016391
78 0.31753815486570147 0.45257637472279694 0.36408521535042837 0.45623725905778123 0.3575328001265916 0.5395432422566131 0.31098574230077247 0.5358823810659611
78 0.36406922386606766 0.4701009377141972 0.39421370217621643 0.4725295784715615 0.38693730047475583 0.5628377815023113 0.35679282425587644 0.5604091580612314
25 0.32527340108515546 0.4852934132115127 0.3581936176128693 0.49244425648485 0.3346441755456908 0.6008492206901412 0.30172397968749465 0.5936984421874979
28 0.34090056846480365 0.5450809882235917 0.3454513146056115 0.5457856014908709 0.3302558853118853 0.6439151991430188 0.32570514062490474 0.6432105921874924
28 0.36628862399720674 0.5559128538493163 0.371046768217866 0.5560999589949086 0.36797228164437 0.6342770366381137 0.36321413749999465 0.6340899328124997
26 0.3915121811994595 0.5304111612483474 0.41527877441467353 0.531372447548472 0.4105695150789188 0.6477912742688737 0.38680292247556736 0.6468299979781094
67 0.617168454569196 0.4099822868965411 0.634350244912298 0.42117922203160174 0.608172700406044 0.4613465327675693 0.5909909383427703 0.4501496333749153
76 0.598684665702649 0.5183091670763719 0.5741268034092855 0.513342594280156 0.5790695036479292 0.48890496146462653 0.6036272743898508 0.49387152468555306
78 0.6566471807537937 0.4471264209816031 0.6302847595443382 0.452102647950018 0.6153600427778656 0.3730399210781121 0.6417222034292536 0.3680637195118302
78 0.7210869532782453 0.40086164999999996 0.681733084328016 0.40086164999999996 0.6817332560038949 0.3213816203124999 0.7210867739232754 0.3213816203124999
78 0.6417252498133621 0.5416567398297918 0.6106222450144969 0.5483282382844991 0.5960342085410275 0.4803226094016875 0.6271368879174588 0.47365114706695993
78 0.6491433718749999 0.3500465484375 0.6854225640625 0.3500465484375 0.6854225640625 0.42561772500000006 0.6491433718749999 0.42561772500000006
78 0.7599635358268415 0.3724508474329263 0.723470326141296 0.37567989992803624 0.7177314039640805 0.3108225056271227 0.7542243669486197 0.30759346413832317
67 0.7722942596653866 0.44157406388983483 0.7287620503019525 0.4534019309497423 0.7092921847864773 0.38174652975355206 0.7528240071840173 0.36991871842034196
67 0.6882156085056295 0.4865983397916833 0.658352426250076 0.4709644674838554 0.6946380095763516 0.4016578553024322 0.7245009307567898 0.4172916442043374
67 0.6376878167446876 0.5142070581680301 0.6114079475961489 0.48345153413437386 0.6638393643025893 0.4386532977629509 0.6901191352876594 0.4694086694920301
28 0.7614116281250745 0.4395566156249831 0.7658770155414913 0.4374494034317381 0.7826764134982795 0.47304675957946324 0.7782110297296185 0.47515396602598353
28 0.7752712551592822 0.4893928418947188 0.770368145244106 0.491412138577877 0.7502087600076948 0.4424658375824168 0.7551118375000669 0.4404465484374839
25 0.6122761253900535 0.5163828785037278 0.6265621437457867 0.5135739605968817 0.6468252794054479 0.6166216347812374 0.6325392684163944 0.6194305272157088