75 0.24543253775766516 0.46115892400278025 0.2856046542023023 0.45373109945981227 0.3001277887969991 0.5322713663859453 0.259955684684428 0.5396991460879288
75 0.33830041544354117 0.5186579358779098 0.37497242886752247 0.5221351264085814 0.3678315396891776 0.5974392205075818 0.33115952946059224 0.5939620523140398
75 0.39816774113421616 0.5850731138093338 0.38825100419103364 0.5843396894182166 0.3903738405203967 0.5556397227523083 0.40029052812508326 0.5563731453125041
75 0.42028850062183665 0.5935678344113784 0.41375989789412415 0.5931079848295715 0.41567363552371717 0.5659411954375917 0.4222022071318179 0.5664010439231859
75 0.4276122318703983 0.5438051063753734 0.435380515898828 0.5169937155899389 0.4576113378783475 0.5234342934003549 0.44984311292387247 0.5502456336173589
26 0.4492388401306471 0.5281865710181148 0.4288757627874702 0.5288559260538463 0.4252825681194281 0.4195467106204205 0.4456453247959189 0.41887736085315375
75 0.5157118155829039 0.6250013185278095 0.510721838441782 0.6254406580835604 0.5077003513588352 0.5911265709689032 0.5126902968750073 0.5906872328124974
75 0.5127949282087911 0.5842185479071533 0.5232169122701862 0.5832397783978563 0.5273875421934235 0.6276439754063651 0.516965558703987 0.6286227408893258
75 0.5470911728948522 0.5921822925129898 0.5526173401417509 0.5919727026944983 0.5539556965696875 0.6272566610666642 0.5484295293614423 0.6274662501992481
75 0.5564494330119487 0.5902107532698221 0.5643333039053005 0.590099692670442 0.564847082749111 0.62656731478503 0.5569632118640584 0.6266783750089578
75 0.5932450821675275 0.6078120677845265 0.586045754597194 0.607394463631394 0.5875355023873681 0.5817149133921313 0.5947347966592815 0.5821325165803172
75 0.5964101047751456 0.5817753525585293 0.6042553600506153 0.5825958578389576 0.6001809269064324 0.621549281641097 0.5923356720877564 0.6207287793086622
75 0.6228921964207075 0.6109870521452926 0.6172646238056814 0.6109029709099898 0.6177438533987925 0.5788327773816221 0.6233713933714853 0.5789168583733431
76 0.6611483991224532 0.6320022194300378 0.6465075011204817 0.5986156686821875 0.6795449919965222 0.5841294794781113 0.6941859242110695 0.6175159192498044
76 0.6884461906250863 0.5958634062499955 0.7124492818060162 0.5932334772395684 0.7156385886527232 0.6223387083788133 0.691635498679716 0.6249686302382417
75 0.722345093666604 0.6222247393631453 0.7077326365105137 0.623272693289427 0.7033080107219121 0.5615820132270947 0.7179203058236681 0.5605340651272317
67 0.7725723937603561 0.6110738620963315 0.7246972324818444 0.6218647217699858 0.7021084210307436 0.5216545615791279 0.7499827564936368 0.5108637991391627
75 0.7728626112092343 0.5652587688252432 0.7680321863699646 0.5648051161917838 0.7704381901718307 0.5391888793014283 0.7752685942233484 0.5396425309516849
75 0.7694028974751745 0.5598688218211129 0.765681390105442 0.5607323134690545 0.7616298315361973 0.5432723622204574 0.7653513281250071 0.5424088718750081
28 0.7507765299537823 0.43612867541243205 0.7569992216945138 0.43662354780804474 0.75002928132119 0.5242599810908548 0.7438065899593767 0.5237651118915765
28 0.7324805828125136 0.4191490015625001 0.7381611245039039 0.4189018629678746 0.7418823199093367 0.5044291216538895 0.7362017783134434 0.5046762587559916
28 0.739068436313687 0.5244628087405803 0.7328566009776978 0.5249732871546428 0.7253385292082157 0.43349476704052664 0.7315502796874398 0.4329842921875006
75 0.8008429871899807 0.6225717065633001 0.8217740614513787 0.6346115937501643 0.8054799045813752 0.6629350362600561 0.7845488584921441 0.6508951876229823
75 0.7492703072509812 0.6786049416647676 0.7588255351471389 0.6778610963033789 0.7615209744325284 0.7124808983578098 0.7519657468521928 0.713224740977675
75 0.7024897262684817 0.6675133170992682 0.7256738575213149 0.6645314385938417 0.7318480604375281 0.7125290937805037 0.708663932151012 0.7155109571119452
76 0.7520306968683599 0.6488154051470445 0.7601428031429123 0.6711461129812659 0.718647478322282 0.6862179869710593 0.7105354903924308 0.6638873795791034
75 0.7059499007035583 0.7158442897535918 0.6977082669870924 0.7161568559186458 0.6966125904733644 0.6872700744832091 0.7048541733560114 0.6869575092827712
75 0.6784513916711603 0.7212436250539062 0.6713808335949807 0.722080261150282 0.6681691302356967 0.6949415736623759 0.6752396470357098 0.6941049400348149
75 0.4039334778750572 0.6682226438901574 0.4123061780115904 0.669323452746938 0.40884160030566363 0.6956711647027672 0.4004689007591651 0.6945703588845973
75 0.3942026471635245 0.6987633823979269 0.3823625725117381 0.6935095888218906 0.393992608325334 0.6673037037527193 0.4058326216546675 0.6725574816249162
67 0.3939207452391429 0.6666815846128566 0.38398521431270183 0.6845472441640306 0.34482196485919303 0.6627704697534628 0.35475749937131695 0.6449048918487938
75 0.34972657036871624 0.639371164220981 0.31412296336725376 0.670515758726014 0.26769826237364214 0.617450490170188 0.303301586630937 0.5863061056307914
75 0.3068115892285732 0.5869858237779683 0.27907679279144304 0.61628905841027 0.22062498374361894 0.5609711333810496 0.2483595999527779 0.5316681047768508