78 0.2677653319328783 0.5531816964185429 0.2132426559983287 0.5420603012132739 0.23022597105716613 0.4588081726076888 0.2847479596313178 0.4699294957892639
78 0.2790989889922457 0.48520859973052227 0.3286055047484524 0.49276747225747486 0.3145997761240551 0.5844896405461356 0.26509327345138445 0.5769308252505908
28 0.2551964039247423 0.46306111327688165 0.24761612628662988 0.4618830178591707 0.2575072181463156 0.3982442048463425 0.2650874323824155 0.3994222952227045
28 0.25968107647338456 0.4608591551300021 0.252897057007317 0.4593505768179145 0.2691816480040643 0.38612377674295617 0.2759656026588573 0.3876323474726262
28 0.2849418057396633 0.37469902672916217 0.2953515403245319 0.3767851800980736 0.2760476379089596 0.47310499855478133 0.26563790719922054 0.4710188585025164
25 0.3039025255719707 0.5616122368463637 0.29327668571363574 0.5595670539919833 0.31337935016495067 0.45513193462264423 0.324005019359106 0.45717710056593286
25 0.29353924045881286 0.4622971626012915 0.3016527977777059 0.4631155222084397 0.292235459986955 0.5564758564879086 0.2841219035649374 0.5556575028356177
25 0.2937592093451258 0.5360936525566065 0.2844783924440435 0.5349021304137628 0.29905589108955155 0.4213664661777857 0.3083365540868499 0.4225579782814798
78 0.35314050283852794 0.6020867537563044 0.3136883487546811 0.5985102087452164 0.3202550821982868 0.5260839071881422 0.3597067404605241 0.5296604294116263
78 0.36087658568101233 0.5186683552002392 0.3901813200396873 0.5228933605047846 0.3784279135417137 0.6044076453295232 0.3491231855684873 0.6001826698231176
78 0.3793189492228066 0.5242511281002009 0.4127616868199766 0.5238798941244635 0.4137440539034287 0.6123683643703048 0.38030131634081954 0.6127395954981487
25 0.3446072218474683 0.5526194576059358 0.3334075351571073 0.5521009939297588 0.33710910230547597 0.4721488633585551 0.34830864879813817 0.4726673237767322
28 0.3455347437425189 0.4307291766403121 0.3487213699967242 0.431233430070022 0.3440245619533471 0.46091309927282803 0.3408379359375431 0.4604088468750021
78 0.44387449133569135 0.6163620125 0.41246432318166626 0.6163620125 0.41246455907037216 0.5364967234374999 0.4438742867929477 0.5364967234374999
28 0.4354964588740131 0.5437682426428421 0.4302462730398702 0.5436475740905393 0.4333516093574872 0.40854957245243656 0.438601689735151 0.4086702397725409
67 0.4315044870696738 0.5931533399865602 0.4230859461013097 0.5924147746597895 0.42707081991272844 0.5469981812799131 0.43548929484290966 0.5477367436997177
78 0.44478381562499997 0.5565980421875001 0.4816596625 0.5565980421875001 0.4816596625 0.6297380218749999 0.44478381562499997 0.6297380218749999
78 0.5184989532234567 0.6272447651216096 0.4817488970393242 0.6277850137166574 0.48058171910463443 0.5483793070691713 0.5173312510222559 0.5478390623369058
78 0.5542940526059965 0.6108518499642382 0.5207241789705677 0.6164311995039448 0.5096475605181467 0.5497911053811658 0.5432170434677346 0.5442117888724626
76 0.5414334201074098 0.5618851067385104 0.5637876731033202 0.5539552221140829 0.5773207396438238 0.592101003979409 0.5549665006418536 0.6000308604174006
25 0.5133601651580193 0.4726329058331645 0.5255232872028728 0.4714987354182149 0.5356238749992599 0.5798111984276801 0.523460754343887 0.5809453589298708
28 0.5058920228918851 0.39980247844156025 0.5096803330472994 0.39939034537015755 0.5165013163569938 0.46208508441584417 0.5127130064765879 0.46249721577033154
78 0.6112725941121653 0.49778439043084066 0.637291534735823 0.5751519743444227 0.5901726954174364 0.5909964417463429 0.5641541300295785 0.5136291765923857
25 0.5913593498382852 0.4750479438737118 0.6028432916795055 0.4747424053814311 0.6052267575299766 0.5643200656078788 0.5937428157777731 0.5646256019325755
28 0.5803995953124286 0.40407442812500766 0.5846592890445663 0.40339861535853083 0.5948486241879891 0.46761909373986804 0.5905889311393366 0.46829490358570286
67 0.7259493241285782 0.4179919614192829 0.7609458195355501 0.4391833170481126 0.7102608520380045 0.5228813924488606 0.675264468358705 0.5016901854702587
67 0.6926103218185062 0.6425783284332413 0.663264435977112 0.6332212786142173 0.6893520998020222 0.5514142802715987 0.7186975580902981 0.5607712563869843
67 0.6121334475644744 0.5993520492662427 0.6655202536479692 0.5841415713291078 0.6839006024800938 0.6486468519933287 0.6305138352116728 0.6638572331088863
67 0.628348334416728 0.6647389588119733 0.6027025943559465 0.670227154185695 0.5930273020316008 0.6250207181720256 0.6186728187036579 0.6195325474024495
67 0.5565459012266274 0.6428979637958918 0.5814469497440768 0.6291908060342359 0.6043240574260835 0.6707450944643917 0.579423055132338 0.6844521872017757
67 0.41492604433813085 0.743782656421406 0.3898943136858861 0.7430467243403199 0.391312549321583 0.6948194579519913 0.41634401559451817 0.6955553861450857
67 0.35524820140892643 0.6418882975175195 0.38888259065834063 0.6407304415112505 0.390603177268531 0.6907048964512716 0.3569687883299366 0.691862746589415
75 0.3568375667609871 0.6884567749948441 0.36690784749725935 0.6885784924139917 0.36658941880841667 0.7149197429879105 0.3565191380774877 0.7147980259118102
75 0.34889779806201204 0.7046740659088636 0.3444661729931795 0.7045049154397113 0.34534838554509406 0.681395276504309 0.34977998906242647 0.681564426562499
67 0.28445330694978566 0.6921890922616225 0.23673267990159275 0.6748851517138861 0.26742016713478733 0.5902676547082123 0.3151400249452081 0.6075714409462342
28 0.2120535515625761 0.7184080828125101 0.2019637459071646 0.7117694058450795 0.2492193424592415 0.6399581588090566 0.2593090179528872 0.6465967778871762
28 0.257954161297107 0.6688601171576567 0.2709725103031815 0.6789619468339441 0.2264028001989118 0.7363908420875294 0.21338452089730708 0.7262890910376286