28 0.5292283490300633 0.6967826568717722 0.5608440492615046 0.7365678003724577 0.4953248620938666 0.7886242383433413 0.4637095722309823 0.7488394725879443
67 0.5604506293143459 0.7180325058791726 0.4914038452428713 0.7129580852754289 0.49528110420453686 0.6602155638386936 0.564327122521604 0.6652899561191069
67 0.5186309035841532 0.6691010539193795 0.517411002198287 0.6354761856553655 0.5625526497382225 0.6338386385546896 0.5637726962615943 0.6674633560873309
76 0.5177344037783769 0.6316625128865538 0.5223478453286816 0.601248231463464 0.5895192942782614 0.6114359392377051 0.5849060716154781 0.6418500249030457
28 0.5145688082616289 0.6216136379347919 0.514675434746664 0.628467580279693 0.41808834238531745 0.6299695700196568 0.4179817799620196 0.6231156910800437
28 0.5214939045695246 0.5622562680965325 0.5219185038461092 0.5695693068505914 0.4025808010525225 0.5764968849292614 0.40215628159739936 0.569183922661564
76 0.5991576293823755 0.5829051470174353 0.5980672459746756 0.6109576104648007 0.5245795647624618 0.6081011737317152 0.5256701275346813 0.5800488978526028
78 0.5225352603091551 0.5803924000010274 0.5225354463184431 0.5523380060963033 0.6079344348034965 0.5523383758107301 0.6079344556434307 0.5803925623930232
76 0.6088635268984035 0.5119078120982169 0.6102169776919482 0.5516938689113308 0.5330940242706674 0.5543168947367028 0.5317408311292411 0.5145310892753251
76 0.5997445711357159 0.4407346337759472 0.6009257352900477 0.45472068300371354 0.5482770664160626 0.4591666190410286 0.5470959566004012 0.44518062028618655
76 0.54069115926211 0.41989904947842904 0.5409562565804436 0.40626164835519435 0.5815685382649463 0.40705102600103515 0.5813034764828444 0.4206883924307383
76 0.5921634008616365 0.3768618158624252 0.5945896245951872 0.401826422323444 0.5173453324604225 0.4093329528825314 0.5149192344346147 0.38436846304915706
28 0.5202175377584126 0.3932508946755259 0.52029088554184 0.4029436796036298 0.4114803410593595 0.40376673352858533 0.4114070578125393 0.39407401406249537
67 0.5739808505090878 0.3448245950618173 0.5793361759089066 0.3829557558581852 0.5177558277816843 0.3916038667367683 0.5124006495436788 0.35347283821490516
67 0.5158771054548197 0.3559160489339053 0.512315299242232 0.33219052168052493 0.5699393526394942 0.32353992293440503 0.5735012174797021 0.3472653792365973
76 0.4869162998055572 0.3236960328077076 0.49186347479439974 0.26998112472777797 0.5662411630203223 0.27683116014884285 0.5612941884720613 0.33054588015684877
67 0.5210786625214041 0.2687613769085158 0.5136905368012776 0.27894336456837593 0.4992121942028689 0.2684379963913603 0.5066003173535591 0.2582560162019356
67 0.6341478160179577 0.3207886382676203 0.6048656609474392 0.3490373076480499 0.553041790039174 0.29531892352270206 0.5823238381196916 0.26707035302395504
67 0.6656531413350422 0.3949352760727307 0.6624740440813639 0.42005483087025297 0.6126984173563415 0.4137554834118118 0.6158775806186441 0.3886360054781012
78 0.6237264467172281 0.4437704112583381 0.6203002015024595 0.4080939706822572 0.6850207255964733 0.4018787078870602 0.6884471037383264 0.43755499873198167
25 0.6358841954328227 0.4306735361757363 0.6345768998349968 0.41903159450726135 0.7373316227229907 0.40749342076038636 0.7386389850179285 0.41913528490111757
28 0.785471082393201 0.40267486623830473 0.7864151357915716 0.40629723587835126 0.7416795787413548 0.41795544356987563 0.7407355374999725 0.4143330843749747
76 0.6794680426323794 0.4364046635548313 0.6812846292041286 0.4505507186510449 0.6328694768311607 0.4567675577926817 0.6310529421875799 0.4426215500000021
75 0.6939475857493562 0.4362665391631653 0.694524520849086 0.4436871826159771 0.6775103853974542 0.44500989277987996 0.67693345937505 0.43758925781248637
76 0.630423008600701 0.5332671668797313 0.6323053413808566 0.5204974020138613 0.6910777917980795 0.5291599009623491 0.6891955273853227 0.5419296048559408
76 0.6234591672587158 0.5689084326031645 0.6248753489982164 0.5553201774032258 0.6683140903198819 0.5598469325430301 0.6668979641250417 0.5734351365065496
76 0.6137684442397813 0.5961042268861316 0.6190596439427054 0.5790909370118655 0.6606834588595802 0.5920346907478211 0.6553923378440913 0.609047913609482
76 0.6724716458463718 0.5760574974112802 0.6708336688803911 0.5873437729907538 0.6254470363114706 0.5807573710298737 0.6270850508094554 0.5694711409971289
28 0.7533743462587381 0.5381638886144406 0.7529320207470391 0.5428375270444618 0.6876045099161274 0.5366551087044751 0.6880468578125374 0.5319814953125402
75 0.6577500671875214 0.6005069796874968 0.6581788130852146 0.5960955760638111 0.6812321653775371 0.5983358779756124 0.680803429584671 0.6027472722620453
75 0.6918636484356284 0.6173236853828977 0.6876487033877083 0.6412027217410865 0.647933932175647 0.6341933128218932 0.652148948437457 0.6103143687500464
28 0.7645813680869651 0.632603216198114 0.7635310589906794 0.6389440989603602 0.724187734050588 0.6324279381778737 0.7252380625000114 0.6260870796875425
76 0.6053222819998609 0.6593059431309761 0.606867830216629 0.6305979383243766 0.6745907121418213 0.6342433818320129 0.6730453653103723 0.6629511936332387
28 0.6716813843754608 0.6579753890624792 0.6721089864388432 0.651789464198291 0.7514987902986832 0.6572762851280675 0.751071240607871 0.6634621606271807
26 0.334905804561231 0.793756492526782 0.3358523591351741 0.7715877931282838 0.38618488672375406 0.7737363948612135 0.38523847080921314 0.7959049609859867