57 0.28560691712311836 0.6429529650826721 0.2334066014615246 0.6461229708855619 0.2272877008551859 0.5453675761005728 0.27948707171833576 0.5421975989418714
0 0.3133844806529851 0.45482349651029613 0.271392812426825 0.45508174774796967 0.27073609589967873 0.3482543922284546 0.3127272030239965 0.34799614274165386
39 0.6585124507088267 0.36054730630148185 0.7033316756968588 0.3488220868775377 0.7307832164251522 0.4537496547650837 0.6859640217563765 0.4654747947780066
40 0.7680140567770195 0.6451073140756873 0.7165464415627412 0.6582852144318655 0.6900689518470244 0.5548846280245684 0.7415356247950058 0.5417068532133867
38 0.648585333123151 0.41652011146642265 0.6898872176142277 0.41121528284570985 0.7072036712454519 0.5460272805117503 0.6659017974720882 0.5513320557004062
41 0.7230603879493174 0.6933569576233806 0.6742406206731175 0.7002535760117845 0.6532835529965269 0.5519155603931584 0.7021019951298513 0.5450190350647246
55 0.28183934207243055 0.5487094085804393 0.3327914564411003 0.5548340036113714 0.3156330478983591 0.6975633434633881 0.2646809482203025 0.6914388315265296
43 0.31944946420071574 0.553840135175123 0.27612638317305027 0.548928920902513 0.2916537192343185 0.4119734577066892 0.3349759111208641 0.41688462036532165
6 0.3156798454278942 0.5292332801759554 0.302394434769667 0.5408514671767998 0.2775194443285045 0.5124091850472494 0.2908048084693746 0.5007910325966355
6 0.3397462926947128 0.5683562786910651 0.32701644342671443 0.5722216202580431 0.3201961476032693 0.5497621894637743 0.3329259494233838 0.5458968555965279
6 0.3226297606629487 0.5804199396853716 0.31291298253017885 0.5904166905293208 0.2867623801364516 0.5650009930214864 0.2964791280883219 0.5550042744032614
6 0.4043759569510712 0.64057015056199 0.3941459432486454 0.6498473386358578 0.37508279675591893 0.6288288401887424 0.38531277860397495 0.6195516776306359
6 0.4908192274652947 0.6082848828125 0.4795197580721151 0.6082848828125 0.47951978538822004 0.5850290703125001 0.49081920679066116 0.5850290703125001
6 0.4996468980849613 0.6053779062499999 0.4904660898783959 0.6053779062499999 0.4904661103257695 0.5850290703125001 0.49964688459840545 0.5850290703125001
6 0.5441968323183346 0.6122660521345258 0.5237614419951342 0.6129279195253052 0.5213875954701734 0.5396379524508759 0.5418227239764519 0.538976089293727
6 0.365884743835295 0.6133632076776464 0.3588880018828604 0.6273598673638107 0.32787357860274824 0.6118578911355804 0.3348703282628094 0.5978612767567476
6 0.6907528429624108 0.5508031092329025 0.7042566260556669 0.5608625454810726 0.6818359182636868 0.5909570846368872 0.6683321635129005 0.5808976812357857
38 0.6543079093750066 0.46220930312499786 0.6532909244260736 0.4621151893087948 0.65470335680277 0.4468535597716498 0.6557203396122304 0.4469476734883735
27 0.5129512682663062 0.46385934134173584 0.5310044247871701 0.4618352937419358 0.5410051273848921 0.5510282932604919 0.5229519733230745 0.5530523269256868
27 0.90234375 0.890625 0.95078125 0.890625 0.95078125 0.8984375 0.90234375 0.8984375