0 0.3766288152036168 0.6980110133678048 0.3794869635789837 0.6632324340326045 0.5567204441372269 0.6777941689772663 0.5538629898378531 0.7125721053295061
43 0.408674565046681 0.6676576282710499 0.41227883051783465 0.6276699191639427 0.5728470284374225 0.6421398377333415 0.56924345632126 0.6821269031966586
38 0.3868139613028916 0.36582733096345876 0.38559624503500345 0.3245230297713849 0.5674753719257524 0.3191603238218643 0.56869346899623 0.36046424359011825
55 0.5769868435606895 0.686727754709714 0.5810634769279659 0.6419512628867118 0.7499469811375548 0.6573239721571116 0.7458711864553607 0.7020996864958929
57 0.5696063359731625 0.7448948056383125 0.5721052184147766 0.6869613115745354 0.6945034088543025 0.6922395441203714 0.6920053351348088 0.7501722609952306
27 0.5093742076049921 0.6410190041200008 0.5097201896231809 0.6729893160532222 0.4056394638935217 0.6741148298996191 0.40529381841497525 0.6421448513291317
27 0.5357100208505017 0.5934275695207022 0.5345257394626515 0.6177689557431515 0.4087140484613201 0.6116476139494904 0.40989859633600645 0.5873065076235092
27 0.66545363666512 0.43008032293277604 0.6634356211924342 0.4093430953824787 0.7754332643216912 0.3984444747066431 0.7774514104218042 0.4191815536093651
6 0.5544641863616562 0.6959264691551954 0.4948025571740118 0.6692304986376442 0.5355163797413525 0.5782535632796182 0.5951770208573635 0.6049492797088447
6 0.4914388740490949 0.32803662435673375 0.5676922370237207 0.3102537090780273 0.5913136250122761 0.41153871560453964 0.5150602971990565 0.42932152723594313
6 0.615180121249864 0.4169800367716114 0.6058723537626065 0.37234587122402635 0.6818262970373326 0.356507538364199 0.6911342115424759 0.4011414954009637
6 0.6649257253276346 0.40708086893975354 0.6731883992720213 0.44953226733890667 0.6248462360472331 0.4589408034555234 0.6165837184812517 0.4164895416300979
6 0.6034401737592816 0.6862415035572541 0.5824544243598666 0.6758596036825234 0.5970186158870092 0.6464240416068555 0.6180042476760264 0.656805906729095
6 0.610229345356629 0.6396020689091345 0.6081744421423991 0.6325640537800765 0.6230935883992288 0.6282086100130754 0.6251484977991595 0.635246614568834
6 0.6177325537159959 0.6269448360822731 0.61773256348431 0.6202262987647781 0.6308139535773307 0.620226313463199 0.6308139521553358 0.6269448424374338
6 0.6268344499367231 0.6066656626571941 0.6291524870888452 0.6138109770858794 0.6178703544291011 0.6174706252814407 0.6155523265625789 0.6103253187500478