6 0.18842486910148182 0.5147841640982703 0.20915125669876033 0.5032524808055009 0.24498328789866264 0.567649389559224 0.22425695042534244 0.5791810028443782
6 0.23905164701932335 0.5478317879973639 0.2614045751913636 0.5496341858002632 0.2569150383815213 0.6053068789680924 0.2345621112643812 0.6035044900107206
6 0.28327593540666385 0.5781406031283028 0.3019481277659679 0.5822145684921551 0.293211561172825 0.6222525027300563 0.274539373664652 0.6181785526250596
43 0.2898448353779486 0.5105542251808725 0.2329068877759255 0.5117083282515907 0.229208947285656 0.3292409176891123 0.28614554274020065 0.32808682848279797
38 0.7437417801265838 0.3438168899807235 0.8030282656152394 0.34152614252558094 0.8096179742359482 0.5120645802029403 0.7503314901885005 0.5143553018759327
40 0.8786892955058647 0.6504627545356116 0.8004536971819789 0.6684809563756243 0.7636352771203292 0.5086262533033025 0.8418686803881883 0.4906083153587789
41 0.7952690722894431 0.7168064018339083 0.7259859486761115 0.7256516340930592 0.7030813784473366 0.5462574426196686 0.772362144613453 0.5374123616559887
55 0.24178616279368725 0.5203560702079841 0.30976392794468666 0.5265816649053614 0.2923708551678601 0.7164776008290238 0.22439310514732824 0.7102521168181047
57 0.2581009299440211 0.5756694646014726 0.15377831661635355 0.6294131225641548 0.09819167264390671 0.5215212027562747 0.20251251541526472 0.46777809807837184
6 0.23276826587675714 0.5283387048694344 0.2943450260319196 0.509305576638372 0.32034375293949324 0.5934101436498431 0.25876705647294784 0.6124431289266131
6 0.31076014410018615 0.5472999593417592 0.3532979718173692 0.5429172090629926 0.35876430357552636 0.595966854069897 0.31622647914105073 0.6003495839675451
6 0.5068019369753074 0.48854993229220306 0.5432391082774757 0.4909210257464886 0.535935158805728 0.6031528362252541 0.4994979896272298 0.6007817649958941
6 0.6701888229292763 0.6539954247404612 0.6236433955403982 0.5923375250766291 0.6882119825304471 0.5436004000020448 0.7347572162884717 0.6052578387055032
6 0.7499477373872878 0.6086639727687676 0.7044759983059521 0.6009336302429431 0.7160533185207214 0.5328419839703946 0.7615245184813375 0.5405722793848875
27 0.7306931666820446 0.7265664870664426 0.6766136984074365 0.7389211700001838 0.6522709424865525 0.6323802113366402 0.7063492062500245 0.6200256734375068
27 0.2634998355847529 0.7159569829853164 0.20659482347502944 0.6987973721800682 0.23809523750003336 0.5943517328125042 0.2949990836418692 0.6115111547927724