43 0.3406246262310333 0.5383427716186249 0.2981579867825985 0.5360083836900116 0.3067848981493171 0.37909066337142044 0.34925061100034327 0.3814250258395549
0 0.3165474635557075 0.4562411231150127 0.2738061198238029 0.45014380543937815 0.29087420469920744 0.3305074828247058 0.3336149274974787 0.3366047549922674
38 0.6690548700910313 0.36703918488065645 0.7159099744361583 0.36457029905889354 0.7244189262984264 0.5260461694687585 0.6775638243856292 0.5285150280006793
39 0.6698321465305526 0.3213373348738752 0.7209343874314982 0.30824477585984456 0.7487253894514652 0.41671315019925664 0.6976231807002478 0.4298056263783226
40 0.7073256286965943 0.539720560154511 0.7810023680909808 0.5421144537191812 0.777250883202214 0.6575616193472199 0.7035741446014754 0.6551677510493444
41 0.7196648077278951 0.7236860025332714 0.6615140965332102 0.7280461623906396 0.6485687076141176 0.5554050236714057 0.7067175130647456 0.5510449343810516
55 0.34420039133351565 0.7287756734837584 0.29754391691574256 0.7254316970244478 0.30918534606269077 0.5630385809935834 0.3558403494965887 0.5663825049564735
57 0.31260667871129044 0.6783818331374519 0.2565574992098618 0.6810721519686757 0.25117984354244527 0.56903735691209 0.30722784058616526 0.5663470663498521
6 0.413752840609277 0.6037170930854049 0.3955969300476454 0.6424309737478958 0.34277935947307014 0.6176634046223632 0.36093531940184675 0.578949735313502
6 0.3556692647472346 0.5023585905491699 0.33735596333303874 0.5392264121214535 0.28793487243365234 0.5146793527031662 0.30624820118862317 0.47781169003451235
6 0.3944108362453562 0.5047049828630285 0.3841866044770086 0.557029708212864 0.3324124198929894 0.5469137232662722 0.34263681693335 0.4945892204561412
6 0.6298276820135698 0.4886211210426976 0.6813071462684093 0.49001505063702877 0.6798256041118975 0.5447258226692065 0.6283461400984152 0.543331899067639
27 0.909375 0.9296875 0.940625 0.9296875 0.940625 0.9421875 0.909375 0.9421875