43 0.31118620802783425 0.478948141392181 0.26830638089199965 0.47416711635685244 0.2874084686995957 0.3028587089229454 0.330287414507211 0.30763968400663994
38 0.6699899435417365 0.3124922448451004 0.7099393766059166 0.30903677442512417 0.7222458234808755 0.45130847951418834 0.6822963944498497 0.45476392122199183
40 0.7383732101371834 0.688598004302196 0.6791678967811094 0.671795871060323 0.714434811369415 0.5475444587047172 0.7736387710289137 0.5643463882329897
41 0.7176650947303642 0.703431494437696 0.6683369376818291 0.7110099646494176 0.6429205503810635 0.5455906764664147 0.6922471573201392 0.5380123277722496
55 0.3060250714463564 0.5555702540713364 0.35694180527514163 0.5692694320004433 0.31562670402513504 0.7228100062057103 0.26471005185396734 0.709111039461523
57 0.24779829920998964 0.5440299863305462 0.2995845920810325 0.5495604473037894 0.2833873787507173 0.7012114296553691 0.23160109900447878 0.695681048552561
6 0.3435978128170518 0.6439374947811377 0.294244718939467 0.6415364352520249 0.2982264376304329 0.5597112654180716 0.34757879609298925 0.5621123070966974
6 0.2743988687500405 0.43168604687500284 0.2734535305396548 0.43155828459813894 0.2805256920901229 0.37923270661558633 0.28147102421814907 0.3793604684757457
6 0.31230877158554904 0.4792909560363794 0.2690924551534408 0.4758996369558372 0.27654953890316847 0.38088227857229856 0.3197653126528621 0.38427357611010104
6 0.35137124905929795 0.5767699132463223 0.40298944654477964 0.585901762824864 0.38736542622154957 0.6742069916029937 0.33574724949880874 0.6650752200444784
6 0.6514825154216624 0.5753200495395663 0.6624635267454551 0.65545337613854 0.610048374043231 0.662634794302116 0.5990678021908025 0.58250185882295
6 0.6387804673244091 0.5534696307941114 0.6920483869528198 0.5386607775962909 0.7113808601570781 0.6081935101611576 0.658112978692202 0.6230022690791505
6 0.6890221993812702 0.493798629300131 0.6441111388268155 0.49567154752670156 0.640494137600399 0.40893751180486404 0.6854046687450364 0.40706460454824817
6 0.6836065856605273 0.3594209428402941 0.7212538842011327 0.3624737568565595 0.7137834556692724 0.454594595751956 0.6761361592817821 0.45154179935858346
27 0.6866397955819821 0.7413286983179862 0.6429096820065752 0.7531019636858395 0.6114377333288985 0.6362198363828984 0.655166773026167 0.6244467253275141
6 0.44996713901196017 0.4482878283212516 0.47602485778213577 0.4488640909912782 0.4739557396945884 0.5424197515349446 0.447898021053561 0.5418434929395535
6 0.49989289999746234 0.5420702844485441 0.4720534523672768 0.5428024262061041 0.46973632338074367 0.4546948364775831 0.4975753984315361 0.4539626996241055
6 0.5277335117218627 0.544409413566961 0.49933452200809825 0.5438086844330303 0.5012344122562808 0.4540093502943272 0.5296330127246165 0.4546100752995539
6 0.5555357404775805 0.5390120104273876 0.5309653355782302 0.5408995026749913 0.5243790766556913 0.4551673831085473 0.5489491626684639 0.453279903172196
27 0.7359375 0.92109375 0.7484375 0.92109375 0.7484375 0.92578125 0.7359375 0.92578125