0 0.6754645873489835 0.3068367751763059 0.6782322475283991 0.2670934604163562 0.8379257394774413 0.27821362383832837 0.835158381328938 0.31795664972293597
43 0.591197351220444 0.324924669875377 0.5953326508047212 0.2769963538178772 0.7710118642995667 0.29215343424453993 0.7668769984563824 0.3400813267984134
38 0.7658970610982578 0.6597374266117596 0.7706951740483419 0.7070936210714843 0.5948846115870765 0.7249018064594522 0.5900874534489731 0.6775464835072578
39 0.7851958352767952 0.689044733615691 0.7945371367577536 0.7346024745016632 0.6554399793732273 0.7631172387349006 0.6460994942922298 0.717560209072181
40 0.5122323522775787 0.7135773735775506 0.5131006483007923 0.7847716229245665 0.4021814595159867 0.7861231314684733 0.4013140765944172 0.7149297913892481
41 0.5524182301176097 0.6602485261425792 0.5602621828180645 0.715304667865054 0.37491123358392997 0.7417056737714833 0.3670685039151067 0.6866506327041029
55 0.3780824174561985 0.3282906862607497 0.38207460835997153 0.2771070519060953 0.5669068784262663 0.29152240450246264 0.5629151638900112 0.34270560338342404
57 0.4084612803942491 0.2952700628342454 0.40781439435147604 0.2235730163999979 0.5280972914554241 0.22248767906101977 0.5287445168262366 0.29418438149277354
6 0.6524081188993023 0.3203944381064079 0.6549114545567818 0.36917919075243466 0.5694041241117702 0.3735663749878675 0.566901018367389 0.32478183639108343
6 0.6131568749716507 0.399677458110089 0.6112678060625285 0.4287440735405432 0.5511938288900637 0.42483981944230553 0.5530830001796403 0.39577331285794876
6 0.531472075723741 0.4824504313365709 0.5293730438838793 0.4587665901858877 0.593855463767909 0.4530520255331394 0.595954593815577 0.4767357556537195
6 0.6023965922280468 0.5150902768694368 0.6056653977943824 0.5435877621381427 0.5333337186807512 0.5518834942332361 0.5300650974094196 0.5233861758777815
6 0.4508710796874311 0.3756793468750486 0.47335098897019634 0.31519895798815306 0.5495302245044513 0.3435128199572746 0.5270506296054691 0.403992943785254
6 0.504619882202519 0.4176764215181787 0.5034675337508361 0.44525838753409 0.4401477121834887 0.442612946823009 0.44130017012219014 0.4150310972518458
6 0.6271779240876185 0.6025815218749999 0.543553934790566 0.6025815218749999 0.5435542268771769 0.561820653125 0.627177613587719 0.561820653125
6 0.5577311185157896 0.6398574684563185 0.5518820821190502 0.6008621313869965 0.630590804837766 0.5890576031089938 0.6364400775808008 0.6280526474479378
6 0.5616724750000001 0.619904890625 0.6599303140624999 0.619904890625 0.6599303140624999 0.674932065625 0.5616724750000001 0.674932065625
6 0.4342182896759823 0.5922117445491698 0.42946831962001397 0.5571323993983675 0.5002895888571857 0.5475435204193606 0.5050397420131958 0.5826226503496694
6 0.44240130100695296 0.612385459417515 0.4392108924020022 0.572023523036082 0.5153085293105732 0.5660088228446944 0.5184991903981881 0.6063704861674666
6 0.5212707054641896 0.5958527797630221 0.543894128599959 0.6546352923232015 0.4769783364617979 0.6803853595690268 0.45435539999994035 0.6216032609374946