43 0.3651131384947348 0.5581395359375 0.3220338131133076 0.5581395359375 0.32203445872596603 0.39316860468749987 0.36511272258576355 0.39316860468749987
55 0.32273370411564883 0.5605930823935342 0.3726738025652594 0.563998196077063 0.36041764355775285 0.7437276484833737 0.31047755105282704 0.7403225957162451
38 0.6790255463272388 0.5501453499999999 0.6359462461490466 0.5501453499999999 0.6359467100535312 0.3691860468750001 0.6790248811272477 0.3691860468750001
39 0.703134478472748 0.505364206974336 0.6739974705368468 0.5093625113524107 0.6565014609199125 0.3818699466845509 0.6856379585851755 0.3778716783034175
41 0.6910354814100401 0.7361553866451114 0.6403513356547137 0.7409158622511477 0.623513580422923 0.5616591692958587 0.674195964018736 0.5568987760344134
40 0.7528435012787895 0.6833562707966534 0.6976925781423233 0.6966593472873636 0.6610288162061124 0.5446759738600444 0.7161781913493996 0.5313730923560817
6 0.332286666099435 0.4837439901332091 0.3764722079663443 0.49504238203978645 0.3593934954664064 0.5618280139331053 0.3152079764845439 0.5505296840821539
6 0.40291327657075726 0.5809862691115439 0.36130009418241116 0.5777515593479253 0.3668015458398486 0.5069869743561769 0.4084142398781978 0.5102216650284159
6 0.3292176819245469 0.559578382587548 0.3795378311752984 0.573159932342592 0.3605753119642259 0.6434091281817393 0.3102551983035937 0.6298276690447289
6 0.5945844728100838 0.5143436357850149 0.6381794352273573 0.5086956887311884 0.6472244640353892 0.5785056718865584 0.603629508037443 0.5841535858020698
6 0.6798595426281508 0.5499303787327655 0.637789646070928 0.5515026076870734 0.6349029072787289 0.474257953521816 0.6769722882729639 0.47268573432040484
27 0.8984375 0.90234375 0.9265625 0.90234375 0.9265625 0.90390625 0.8984375 0.90390625