67 0.2714637758730305 0.46949257773342024 0.2880180950454587 0.4614016172658538 0.30996290314374164 0.5062981085077393 0.2934086034798611 0.5143890388919027
67 0.332235738902682 0.5145391536366728 0.34819898302851016 0.5179997181349802 0.34420476406251055 0.5364231140624935 0.32824152157297704 0.5329625547837269
67 0.34049635399867384 0.48507263967301084 0.3721716141649267 0.48174334247074196 0.3802797738707113 0.5588790164958455 0.3486045169437375 0.562208293165333
28 0.3720246790253441 0.49128744746214015 0.3640764007496955 0.4915408952013905 0.3606280496084082 0.3834028196411203 0.36857621059732537 0.38314937380299996
67 0.6231716321683507 0.5484940760156408 0.5983746050283116 0.5505338198018926 0.593694481929333 0.4936410323519639 0.6184912836060903 0.49160129793591817
67 0.6307152783081165 0.4886009412880071 0.6557058042048993 0.4840980309606031 0.6619049392166971 0.5184997718474945 0.6369144165971647 0.5230026700989597
76 0.6960822261215753 0.49890949849934657 0.6685925604914473 0.5072695032868013 0.6467353014282935 0.4354020904164595 0.6742246913689769 0.4270421305835029
28 0.6697303881076095 0.3268415980455341 0.6755349395875783 0.32699310122641617 0.6728654358199719 0.42926574603127327 0.6670608843750188 0.42911424375000107
28 0.6649069695747585 0.443448456525015 0.6558978893683616 0.4446714614809197 0.6430358697492693 0.34992978204274594 0.6520448453125027 0.34870678437500724
75 0.6243485945052498 0.5990984340986533 0.619420788570892 0.5907065106270353 0.6303550093749664 0.584286532812492 0.6352828150829737 0.5926784466838722
67 0.3207913393880517 0.5664157843207229 0.3375389318747466 0.5687925142589945 0.33223191288038834 0.6061844739830102 0.3154843220929706 0.6038077520701213
67 0.2849860857238582 0.5454934605897261 0.315448729284185 0.5476550238364787 0.3118432270360927 0.598461962287508 0.2813805844724584 0.5963004086225271