78 0.5384228010967718 0.3099771003990389 0.5445590491892744 0.2596103232839899 0.6324635844599698 0.27031953597982894 0.6263275535026196 0.3206861140408579
78 0.6259545081618398 0.3181551727537475 0.6173883635008224 0.3718364598656543 0.5222786320290425 0.3566596286240011 0.5308449891025475 0.3029786127812886
25 0.6499627039016787 0.3378940255963872 0.6496935326176754 0.3449265670628738 0.6133644878678979 0.34353607665576674 0.6136336718749362 0.33650354843754265
28 0.6997187862830287 0.35361414519362033 0.6993537629743969 0.3571858420783349 0.6166069760837445 0.34872934478508955 0.616972013407235 0.3451576637986452
28 0.611215940121042 0.33696189747518285 0.610495330088952 0.33130111291556763 0.7020389892907133 0.3196479787753411 0.7027596213459901 0.3253087363883788
78 0.5024935201656717 0.38088173257011015 0.5058371002756985 0.3535647841007548 0.5963118738543471 0.36463829653835406 0.5929684495018819 0.3919551015117103
78 0.5867153803446854 0.38930713115611654 0.582748457907428 0.41770154959689026 0.49009108014877256 0.40475686245592635 0.49405813677731203 0.37636260359744794
78 0.588254656752838 0.41304640837640283 0.5852456543047992 0.4457111577378896 0.4638351598262034 0.4345270598724444 0.46684439237787956 0.4018625638052446
78 0.46430681112553884 0.46152396364983717 0.4658677529066608 0.4350799519567346 0.5691107424038364 0.4411734988252112 0.567549998255231 0.46761732491050395
28 0.5668883765624741 0.46051552812500096 0.5674644761156742 0.45315038325434825 0.6828855319259901 0.4621777366393765 0.6823094966759982 0.4695428199636401
25 0.6283311838574264 0.4806862116202761 0.6266276656333503 0.5005318307083841 0.4837286070146547 0.4882653885451417 0.48543231558494426 0.4684199722289668
25 0.6124196100699919 0.5150909529751626 0.6110084330335894 0.5341893032359469 0.47979816179611134 0.5244941003376683 0.48120952154715724 0.5053959461191484
78 0.4596809690697228 0.5631518585411553 0.4586930838424905 0.5355972490147157 0.5465711895905088 0.5324467322015938 0.5475592691140037 0.5600011391379319
78 0.555376987703994 0.5632855456810489 0.5558314063287071 0.593585485592311 0.46622093282155674 0.5949288144799392 0.465766757285337 0.5646291149007181
25 0.5889833337619166 0.5762811343289593 0.5891879279023442 0.5824178490333967 0.4942288643635493 0.5855829802731476 0.49402432343777036 0.5794463171874953
78 0.5604818729441376 0.5916441465176201 0.5612333542094348 0.6197530380961529 0.47804698227491826 0.6219762889185955 0.4772957228356063 0.5938676128295879
78 0.49500638433721633 0.653912723516027 0.49107375675521325 0.6247611494649808 0.5705502553634005 0.6140407028389138 0.5744830722079541 0.6431920496351905
78 0.5969583801783074 0.6379312776802407 0.6035257302680748 0.6856150909841398 0.516263483598209 0.6976312387411348 0.5096966077688876 0.6499478538571228
25 0.6077460304782107 0.6018782954515771 0.6080996531565006 0.6043614749019717 0.5590279631426256 0.611348766461826 0.5586743531249567 0.6088655984375365
25 0.6015147201271702 0.5974653792114882 0.60178429276516 0.6021749135518288 0.5503758273972608 0.6051170683778384 0.5501062781244173 0.6004075562500185
28 0.7152365664293256 0.5827545083848209 0.7149430196619733 0.587418667476101 0.5864217333163424 0.5793297917751125 0.5867153296874221 0.5746656843749444
28 0.6038514828126154 0.6004075562500334 0.6035107056566176 0.5954991332817461 0.682960146413393 0.5899836162708565 0.6833009562511734 0.5948920032228378
78 0.4278969965065471 0.7211221583607736 0.4262690458124325 0.6693951761072012 0.5254549887891926 0.6662738373295566 0.5270834639112536 0.7180002752654384
67 0.444421859954673 0.7126889604245533 0.43714603164141863 0.6842415573212566 0.49463777621190275 0.6695392953629941 0.5019137197886039 0.6979865200584761
67 0.41657641456447436 0.6689328812778927 0.4118548465849017 0.6400447338914043 0.4546343684079375 0.6330535852211773 0.45935603540681313 0.6619416084364255
78 0.3946729579174644 0.6311077432737275 0.4718250551319443 0.611181445900925 0.4852996492437569 0.6633469732404128 0.4081475919570039 0.6832731647300212
28 0.4563065406022133 0.7003762191102708 0.45918497528805347 0.7083768311986761 0.35495186031255344 0.7458709772592346 0.35207354082569964 0.7378704629406839
28 0.33668328750002274 0.7184524234375212 0.33468227359492175 0.7097806998814744 0.4438291271619619 0.6845980263558681 0.4458302131382652 0.6932696469380165
28 0.3241221470839264 0.6860095345542083 0.32227660414491766 0.6780388051684099 0.4194669091184551 0.6555379997271068 0.42131250823877053 0.6635086480499944
28 0.4183863303379667 0.6411284776112359 0.4191258743940125 0.648277962420733 0.30857407682015037 0.6597114556227252 0.3078346184579459 0.6525620501666306
78 0.45872769335335306 0.5891518892360733 0.4633090913958995 0.6231097675691127 0.35655518078010573 0.6375099978282712 0.3519741611248719 0.6035524605621715
25 0.35239300529167394 0.6195646842236352 0.3521444095761126 0.6124927542633183 0.4364757017632428 0.6095283116199006 0.43672435127132303 0.6166001859390936
28 0.359280036739392 0.6126710021779057 0.35993868167065557 0.6177855135115488 0.28104948902864635 0.6279434227773968 0.2803908866093252 0.6228289502574063
78 0.4580729624558444 0.43517345699934523 0.45572158568541 0.46369871060199985 0.34935965618819864 0.4549312020188169 0.35171122028498303 0.426406155050888
78 0.3667718116148535 0.43342049704043867 0.36677195748256963 0.4032656775338121 0.4555683428069415 0.40326593678224915 0.4555683674586817 0.4334205859843213
67 0.4270435233298713 0.4419011646359548 0.42515903564105884 0.4534762414099916 0.3630548895666834 0.44336579456524394 0.3649394164383466 0.4317907669658246
28 0.3589828271232136 0.4367298151320617 0.35816672406440375 0.441261458456718 0.28261178405387 0.42765540130659374 0.2834279046875281 0.4231237812500349
78 0.4687743285845727 0.38103394342072183 0.4655517732315957 0.4117496887737733 0.39711178680454395 0.4045694066439549 0.40033445333097006 0.37385378691053844
25 0.3328533756317711 0.3861931503073359 0.33616753668525234 0.36435568206271346 0.44760656184666914 0.3812671106731917 0.4442925611502915 0.40310443714548755
28 0.33209747411854096 0.3771706742003273 0.3313964761302941 0.3806471845816974 0.2694527395099158 0.36815737562891837 0.2701537466842865 0.3646808777935244
78 0.4934089338416925 0.33979985874097635 0.4786612435124198 0.3930855190820071 0.40912732212871106 0.37384141126884074 0.4238751411096473 0.32055596213156
67 0.4178364163063861 0.35869356738001323 0.43384011277771606 0.3281871352631697 0.48225026034867824 0.3535821896212808 0.4662466694652494 0.3840885313038978
78 0.49165096012848153 0.35219214889166833 0.4236081458669787 0.32474108761393183 0.45105627995519626 0.2567081368077949 0.5190986738961101 0.2841591016365378