43 0.3439518191485149 0.5425813806936871 0.3054894879032872 0.5398644981691496 0.3162460686593249 0.3876042091426678 0.35470753419497214 0.39032106010349604
0 0.3180153121799094 0.4831451349850952 0.2785903960517544 0.47651895873477584 0.301581898068207 0.33973262433807316 0.3410061321168314 0.34635874141411715
55 0.30543942744304786 0.551360731818206 0.3598841564386248 0.5560528543328229 0.3450030183416857 0.7287050183559594 0.2905582991719484 0.7240129745841084
57 0.3180040570282472 0.6377293116726167 0.25986288767671795 0.6475382032975733 0.2434603499439163 0.5503214378457847 0.30160050193967436 0.5405126339522296
38 0.6478361440512117 0.39677822420693654 0.6913106045044515 0.3932466624820717 0.7030075450562663 0.5372301512228472 0.6595330893682103 0.5407616763862703
39 0.6644793977665131 0.3704160637723721 0.707332341285337 0.360996551857208 0.7318447946904598 0.4725074479842104 0.6889918742360805 0.48192689080271583
41 0.7384406727888972 0.717396880607046 0.6858718621016351 0.7289574549213634 0.6490614642608534 0.561589408258848 0.7016286361858874 0.5500290169784012
40 0.7696889329653231 0.6646180081508231 0.7204731709364296 0.6730839149005254 0.6974354019243947 0.5391674750300145 0.7466499531476529 0.5307016753129962
6 0.6992554091592638 0.5482868360818147 0.7185139904883044 0.6027269681340423 0.6663986382293388 0.621160925428061 0.647140371332739 0.5667210593487798
6 0.2872642488039219 0.602848090172145 0.31561929789870646 0.5496175561692986 0.3717649878217344 0.5795224421705478 0.3434102929313667 0.6327526727021081
27 0.89765625 0.896875 0.91171875 0.896875 0.91171875 0.9015625 0.89765625 0.9015625