43 0.337296329149126 0.5470383281250001 0.29415743467359334 0.5470383281250001 0.29415809641511714 0.3728222984375 0.33729588890093964 0.3728222984375
0 0.30597814119107625 0.4676128829812833 0.26558615188832846 0.46028248871414407 0.28803102411347936 0.33661530806379475 0.3284224007844614 0.3439456449707672
55 0.31810744080121367 0.5781766233892353 0.369041560919527 0.5882243040074971 0.3390954892544187 0.740009161478157 0.2881614143864226 0.729961635712437
57 0.2742796892611068 0.5647565336435408 0.3209146280288451 0.5708994389349521 0.30381663531363756 0.7006867295930812 0.2571817112077497 0.6945439015273184
38 0.6777584003241373 0.5689131733524045 0.6281013258465009 0.5764517545729929 0.5996011208177379 0.38872837933274795 0.6492567825303013 0.38118991013252795
39 0.6663735504366741 0.37874722367616703 0.7107967164098454 0.37797394699327247 0.7137928073489093 0.5500827115557461 0.6693696416862167 0.5508559787213148
41 0.726528287888982 0.699743407193068 0.6737263793114607 0.7137392437497903 0.6387972511724911 0.5819773226787023 0.6915978398905054 0.5679816692758698
6 0.6196957754690402 0.6823618135050419 0.5863265462907066 0.6293898997765566 0.6426193529215425 0.5939330215046841 0.6759885443149187 0.6469046005983868
6 0.661752565304937 0.6444216417530673 0.6335819987822333 0.6112413689596389 0.6861898540756783 0.5665814979578891 0.7143602879010587 0.599761562151096
6 0.6137916617664132 0.49477817508985744 0.6662181689473528 0.4851961267254042 0.6812925768504101 0.5676663291951621 0.628866086822768 0.577248312368689
6 0.38111392491850893 0.489198354497921 0.38111425305453395 0.5749129016424298 0.3335597783590174 0.5749128695400079 0.33355978227655214 0.4891986593449791
6 0.40499417875128074 0.5944706974369942 0.3758752532364724 0.5933789943608768 0.37884996978323215 0.5140480090495227 0.407968500204106 0.5151397046463811
6 0.42680910032834163 0.6465990958943202 0.391632691486393 0.6998683644716058 0.33409443548009676 0.6618774881917134 0.36927077774316786 0.6086085804276802
6 0.4089526859659145 0.6361453669530549 0.44143201863971626 0.6405775790290805 0.43307823319332783 0.7017861167322756 0.4005989059891135 0.6973539324490999
6 0.45175035796182783 0.7039967413202022 0.4257742472999553 0.7014647884929881 0.4321836328548443 0.6357203060850612 0.45815939540136696 0.6382522418071827
27 0.3399243185086789 0.3903930745549997 0.36913262913333256 0.38925418054608607 0.3730297879861837 0.48919596136411464 0.3438214777893336 0.4903348477520035
27 0.4023187996568822 0.5261424928643604 0.38334051184187956 0.5248210759254206 0.39085599202746835 0.41689371510050627 0.40983398582056907 0.418215121760113
27 0.3559780456670296 0.6710800814465425 0.3936891460817833 0.6811732398859048 0.3677905555044845 0.7779229500042673 0.33007949893237765 0.7678299039126478
27 0.7282209836962465 0.6989920504152658 0.6837049504503057 0.7128995821944494 0.6569113611361672 0.6271478198095667 0.7014266312500013 0.6132404171875023