43 0.45296162859017386 0.33729618411208884 0.45296181335891106 0.29415750541788094 0.6271775512507247 0.2941579285735599 0.6271777295406764 0.337296224560648
0 0.532386757741051 0.3059779470395998 0.5397179231442806 0.265586197771462 0.6633849122922584 0.28803119935885657 0.656054009235163 0.3284227142994231
55 0.4218237265835114 0.3181071020935766 0.4117747693497904 0.3690413466151692 0.2599898279180479 0.3390956327150435 0.270039074659735 0.28816179766678557
57 0.43524359424520753 0.2742796267926466 0.4291000100072324 0.320914574551836 0.29931263465323354 0.3038166304103572 0.3054564439295291 0.25718195241868436
38 0.43108693690328437 0.6777571504769824 0.4235479815866938 0.6281007869952342 0.6112707618485729 0.5996030139912623 0.6188104597671327 0.6492584276041998
39 0.6212524433983617 0.6663729757572837 0.6220264517868372 0.7107967619603583 0.4499172459657075 0.7137927677823095 0.44914405365659604 0.6693697710836017
41 0.30025733575200775 0.7265268243548082 0.28625892616446436 0.6737259897455776 0.41801989525004046 0.6387981938422643 0.43201878133004357 0.691598287807311
6 0.317637228739045 0.6196940419909488 0.3706128872926229 0.5863306375015349 0.40606752111659716 0.6426202785670365 0.3530920231659138 0.6759834717105265
6 0.35557741898708173 0.661751418380312 0.3887612737521522 0.6335849519266108 0.4334189842096521 0.6861906292202598 0.40023531221686426 0.714356897312575
6 0.5052196323770204 0.6137917586723937 0.5148039989109066 0.6662181504367622 0.43233511451126105 0.6812922086290455 0.4227512393753159 0.6288662494963421
6 0.5108016155858195 0.38111413125000004 0.425087049855847 0.38111413125000004 0.4250872301651043 0.3335597828125 0.5108013478530893 0.3335597828125
6 0.40552914604324997 0.40499410582217615 0.4066210779362791 0.3758752939885773 0.4859520117253169 0.37884992621613245 0.48486022294923714 0.40796859802724417
6 0.353402717884137 0.4268056954466348 0.30013117722205607 0.39163337911523816 0.3381206431146211 0.33409797383245343 0.3913918736071764 0.36927015060183643
6 0.3638548841810234 0.40895265647833035 0.35942193157734437 0.4414319639517118 0.2982137334399795 0.4330782205259936 0.3026467930716308 0.40059904217697295
6 0.29600322433464044 0.45175031815127187 0.2985357488524869 0.42577433772758766 0.3642799123822442 0.43218361089027013 0.36174751336386635 0.4581594748811471
27 0.609606883108313 0.33992403899315726 0.6107460265393456 0.36913250642623524 0.5108040392292423 0.3730297977213638 0.5096650603969692 0.3438214896826654
27 0.4738575064792485 0.40231878259535975 0.47517915970331615 0.38334053408404767 0.5831063259630582 0.39085600477198934 0.5817848048687893 0.4098341283201953
27 0.32892000170784286 0.3559777350668251 0.3188251725251803 0.3936886052930863 0.22207629990361966 0.3677905539669346 0.2321712627189072 0.33007988818365863
27 0.3010094476950371 0.7282196942914652 0.2870988781728556 0.6837049701663972 0.37284882567769273 0.6569124667403707 0.3867596243793514 0.7014267642626463