43 0.5511244700464886 0.6482046960771739 0.5501164127366565 0.6875783361802373 0.37439531816971794 0.6830784092105235 0.3754040561105967 0.6437054791673318
55 0.5602977453127096 0.6910630506538741 0.5672543171388043 0.6407119243680935 0.7223033808068067 0.6621299365255847 0.7153477098134999 0.7124802522688414
38 0.3891970064214547 0.3324429382375272 0.3857651294666766 0.286594700512802 0.5622626929258558 0.27338307845277654 0.5656949153891446 0.3192309483829652
39 0.4826120850023017 0.25930162705784493 0.4838003129093522 0.29470786081290523 0.3533259983800008 0.2990860749984183 0.3521379740569728 0.2636800451236028
41 0.7330382188819158 0.24844137710808242 0.7417921811863835 0.30198378660562686 0.5811637287338272 0.32824443923724606 0.5724101936856414 0.27470240744045493
40 0.6858134522008186 0.186117778868414 0.7060636439960035 0.2432644327148191 0.568936150850277 0.2918548760415373 0.5486863138742137 0.23470852221224772
6 0.5036337203124504 0.27899575625001066 0.5446310235720375 0.2588020286765346 0.5694131620990674 0.3091134898886925 0.5284158909786356 0.3293071669170686
6 0.6827110596409511 0.3543801651824965 0.6449873235974337 0.38116274372250436 0.605874399549748 0.32607336087232863 0.6435979461596162 0.29929087872202254
6 0.5956310230432109 0.7068997796505988 0.559324191492351 0.6775662404556576 0.6025016298890478 0.6241320125426123 0.638808139062462 0.6534653468749646
6 0.6279544386731004 0.6575057803127975 0.5946416725178096 0.6343185047894391 0.6309317071593341 0.5821876886654782 0.6642441859374912 0.6053748234374816
27 0.6068313953124971 0.6944837343749892 0.613650060455825 0.653529942958802 0.7209442100562455 0.671390975722547 0.7141260643672922 0.7123443110008896
27 0.7615236183968364 0.641762104982372 0.7466120763275512 0.6877270395641172 0.6318522739640002 0.6505017737265415 0.6467640971060291 0.6045373985928859
27 0.38884160263069134 0.3223370942460238 0.38867654109355954 0.2812282828885883 0.5267242125891016 0.28067400133901943 0.5268895373225178 0.32178252240300087