43 0.48426416031259123 0.34352316747829537 0.49030903566699635 0.30101926613772273 0.6626740319995861 0.32553173359713483 0.656629581020411 0.36803524288301337
0 0.5676617158665067 0.32367707736189244 0.5740851119942363 0.2798877328036537 0.71230336247379 0.30016200530991055 0.7058802927921306 0.34395105090943995
55 0.4796008289679321 0.2990790608769493 0.4771013115637288 0.35258748085562425 0.3067876767750022 0.3446309820223139 0.3092876172818251 0.29112300353520965
57 0.46002915090537044 0.30155367187500004 0.34738363763688085 0.30155367187500004 0.3473839587990142 0.2302259890624999 0.46002879699813093 0.23022598906249997
38 0.6435915412708937 0.6509342166811845 0.6469141506181586 0.695368242982258 0.48345113674099593 0.7075876997289235 0.48012932863980495 0.6631544169584604
39 0.708794488175954 0.6846874343808363 0.7082242852716263 0.726964798461305 0.5578438306789621 0.7249351915926467 0.5584147052500157 0.6826585019545723
41 0.3235997761790941 0.7301234220241559 0.31789367944679725 0.6755966066141965 0.473693334771383 0.6592942082522171 0.4794002274210243 0.7138201115874939
40 0.500320544597912 0.7094463895749346 0.505436874821271 0.7813758075081213 0.37989865757117514 0.7903021489107344 0.37478342225176675 0.7183737483583316
6 0.43722230092953396 0.715362726487726 0.4331620002166119 0.7252373541893712 0.40556279353575064 0.7138906719484683 0.4096231057864088 0.704016076141747
6 0.48037775992372644 0.7044492339628207 0.48037797056827003 0.6599574854913594 0.5690405585152121 0.6599577466337925 0.5690407580653982 0.7044490830281122
6 0.48044312048511983 0.705271940357669 0.4303581096602329 0.7384630654893674 0.39015819444534827 0.6778100437353899 0.440242640920701 0.6446191725570105
6 0.5336905087179957 0.6114152096478456 0.5382530803524332 0.6583590921799611 0.45945493977524166 0.6660161612415888 0.4548927600579873 0.6190726395867899
6 0.39534883750002336 0.33757062187503817 0.41650629481023316 0.2835770918101434 0.48041087782394243 0.3086174205140219 0.45925363350716 0.36261077093704586
6 0.41883890937458546 0.32573436671708245 0.4528539732900754 0.3638556575765194 0.39011952016289797 0.4198301456679048 0.35610465000002023 0.3817090390625358
6 0.355201341551151 0.636475487824727 0.39388439018171084 0.5979043025817582 0.4475968810480708 0.651766029846054 0.4089141172183872 0.6903369290721519
27 0.14140625 0.87265625 0.14609375 0.87265625 0.14609375 0.88046875 0.14140625 0.88046875