43 0.30706217099123023 0.5315301593719242 0.25973782273467805 0.5209207154911655 0.2983000960297204 0.34892438148209953 0.3456233351842002 0.35953369407526325
0 0.25150471701056176 0.2803801583540158 0.2962962076652502 0.27739240981689317 0.3068865417235429 0.4361540678529523 0.2620950541180491 0.439141790157706
38 0.6530351788352391 0.3909583707254287 0.7016404088155923 0.384698665539914 0.72403282729681 0.5585597844460864 0.6754276128067431 0.5648194093847259
39 0.7035117421473842 0.3322945352593825 0.7462227149818546 0.3355542181463179 0.7347113474785374 0.4863781946436816 0.6920003776983776 0.4831185426394383
41 0.6543741648312107 0.582207648830039 0.7065447525319541 0.5782692370849766 0.7215210237485508 0.776628331124259 0.6693504469178606 0.780566662238346
57 0.7654449780045525 0.7085523180213353 0.6926303943170069 0.6967442997872114 0.7103236156054891 0.587657485953513 0.7831366241957767 0.5994653730886005
55 0.26673168172169426 0.5513840162046554 0.3220145493099835 0.5461010456795119 0.33863916873076505 0.7200470572142035 0.2833563146105007 0.7253299385721554
57 0.28181358078438734 0.659391574939428 0.2092481986103394 0.665810402923619 0.1992404619509216 0.5526740903586612 0.2718043082807071 0.5462553313296212
6 0.3902698103202056 0.584850120790301 0.36712578017818487 0.6424747649251614 0.3071437450881831 0.6183862281109023 0.33028790333526103 0.5607619213217517
6 0.3641652160143849 0.5026234811773098 0.40016014717559756 0.5066647858911295 0.39348339417938405 0.5661279387543814 0.35748846633180165 0.5620866537888283
6 0.42699064405314857 0.5140226761448407 0.45514182787644586 0.5126530688528005 0.4583912903979126 0.5794372715396368 0.43024010716590055 0.5808068711945734
6 0.4914842729859856 0.5965732366453156 0.45567755112426767 0.5939601565989892 0.4612672627814618 0.5173764136247254 0.4970735137461588 0.5199894762654252
6 0.531441845951349 0.5210001680400294 0.561331305787121 0.521632415969943 0.5597990064402438 0.5940649842751864 0.5299095467501047 0.5934327402683085
6 0.6088103251527173 0.6670902362098368 0.5993905227219329 0.6006374657298301 0.6530571256256508 0.5930310537173256 0.6624772136096908 0.6594834795270701
27 0.903125 0.875 0.925 0.875 0.925 0.8765625 0.903125 0.8765625