43 0.5272472779388409 0.34191192645510854 0.5282408616856173 0.2969445640906159 0.7261771713396001 0.3013173151555358 0.7251840352317913 0.34628423159869715
38 0.6900286269556091 0.659149222147878 0.6908797828309616 0.7046577186372921 0.515167541748724 0.7079412057697098 0.514317232354756 0.6624335230712147
39 0.7308879184689658 0.6925488644315554 0.7316398953581711 0.7350631138855297 0.5847144946394565 0.7376598732357345 0.5839632091457361 0.6951463002247884
40 0.34329876551964844 0.7495203842930064 0.34158441577324083 0.6965858019291405 0.48852415496321555 0.6918267982810051 0.49023933196917824 0.7447605332415101
41 0.30966447088849236 0.706529111343764 0.3051963818522836 0.6559464175029205 0.47612231322796106 0.6408491106366937 0.4805912058703825 0.6914309135950988
55 0.5051976511923613 0.3066868648656572 0.4982234743040408 0.36410272580142544 0.31027924433328735 0.3412732173488163 0.3172538775592102 0.2838578986413275
57 0.5148624680412013 0.26089272252208945 0.5002654713304082 0.31875293188249176 0.3450468445073511 0.2795944958294262 0.35964409257917396 0.22173465798190012
6 0.5956330665168252 0.34372845640213173 0.5939810297322765 0.3947344251516472 0.5072857379320794 0.3919261977722179 0.5089380139087325 0.3409204733204084
6 0.4009364056648792 0.34197924354934855 0.42630234075056705 0.2805622968854214 0.5067545771599953 0.31378896581637633 0.4813889543810319 0.3752056485371534
6 0.3760449919494704 0.394028031961607 0.3997443029652459 0.3348771130963239 0.4822452760812439 0.36793038025460106 0.4585463226237607 0.42708099703550056
6 0.4570520536043432 0.5830530773875244 0.46818402372264245 0.6380325025209601 0.3801628892656481 0.6558519358485373 0.3690314524636733 0.6008729793551332
27 0.07421875 0.95078125 0.09609375 0.95078125 0.09609375 0.96015625 0.07421875 0.96015625