67 0.34886898735430805 0.5343266023568012 0.37184990613866375 0.5319178208334016 0.37576642623514545 0.5692798756001305 0.35278550860971336 0.5716886495114017
76 0.3876277279786109 0.5507233113908528 0.3749402023810262 0.5542326971208024 0.3672011031509328 0.5262558321117841 0.3798885718749716 0.5227464546874971
76 0.4061123855645974 0.5018993240879155 0.4235588122160152 0.5296953461958185 0.3900952480015576 0.5506971886284665 0.37264892226255597 0.5229012550007842
75 0.40775142343750304 0.4931216890624976 0.41870472639675427 0.4924801025111228 0.42089004185049816 0.5297853656796861 0.4099367390555244 0.5304269503664989
75 0.5877955460922522 0.48843013288607406 0.6043485027616953 0.48997541183911725 0.5997220248210624 0.5395301445252009 0.5831690689871039 0.5379848715744922
78 0.6300745263533827 0.5571914918417751 0.5941384834295604 0.5531018964487553 0.6007887531308143 0.4946713399156745 0.6367244627106174 0.49876091622782553
25 0.6268299160501556 0.5008021845163741 0.6217823820900321 0.500443166171737 0.6256067334279578 0.44667970181057876 0.6306542281249676 0.44703871874999984
28 0.6307174437499725 0.45010031875000234 0.6267275084345556 0.44974786020322266 0.6318248899760874 0.3920474811257865 0.6358147951531237 0.39239993831408665
67 0.6208028940189934 0.546256858379021 0.6350450999999566 0.5178936078124845 0.6869674846802809 0.5439633950930638 0.6727254390999633 0.5723265087161252
67 0.7097520772883854 0.6187301130533245 0.7175552489898109 0.6517517511911517 0.6938539756930595 0.6573517058210466 0.6860508942201022 0.6243301457541116
67 0.6650075573720642 0.6527454827288899 0.6466094993475053 0.6564093742885219 0.6397405748095935 0.6219214114218656 0.6581385111588816 0.6182575323233614
75 0.6222076224496504 0.6511010461922255 0.6134192289971452 0.6507032806744326 0.6145719845401345 0.6252376738993646 0.6233603347686767 0.6256354384413718
75 0.39006747694963906 0.6360739253602111 0.3803853629694913 0.6365121425168812 0.379374904517249 0.6141888844999577 0.38905697725226673 0.6137506682796846
67 0.3131145025610067 0.6563493642160193 0.28131841074309705 0.6554181793332086 0.2826404501935258 0.6102857840741692 0.3144362675774346 0.6112169649590183