43 0.4985251749898225 0.32514202697792893 0.5008709775664784 0.2777486648657726 0.7001221671060875 0.2876101941213977 0.6977768311663795 0.335003086336384
0 0.572063654875592 0.29185947781859606 0.5796039643943232 0.24601094368883883 0.7169600363079098 0.2686000379564687 0.7094200373228432 0.3144482888524418
55 0.4971174396914648 0.29114109957379314 0.48947201580267574 0.3480674144584218 0.3294558984332525 0.32657656624831155 0.3371016801162341 0.26965069961562577
57 0.387146243050438 0.29769684686227094 0.3684965445688704 0.22641349464482446 0.47717059190392774 0.19798186630551687 0.4958204797309236 0.26926490183322926
38 0.6679121448565866 0.6586628235267397 0.6707260744390169 0.7012291776700683 0.5011081154053727 0.7124384605753535 0.49829498501912894 0.6698728555861324
39 0.6983282546298142 0.6736785494610663 0.7072327584928644 0.7191695972208614 0.5805505770756554 0.7439614996621058 0.5716467941381325 0.698471081997724
40 0.3662110506525096 0.7535648023508885 0.38682847628570016 0.6994941744235249 0.5100202389322703 0.7464596485460804 0.48940377627161524 0.8005294591348703
41 0.34483338129393815 0.7379951252029656 0.336339909043204 0.6831273757913836 0.4941366127444553 0.6587034398898267 0.5026308389632277 0.7135702508930067
6 0.5588664156532559 0.373940678125 0.4818313116994659 0.3739406781250001 0.4818315321335831 0.3227401125 0.5588662165116602 0.3227401125
27 0.5479651022782264 0.32874293585620784 0.6893116545602425 0.34432685754970677 0.6849511927957792 0.3838748489179155 0.5436046500000202 0.36829096093750296
6 0.4687499038051328 0.4304378581813218 0.4687500264200253 0.39336151272442266 0.5428778710979714 0.39336167830997065 0.5428779210565153 0.43043785081019387
6 0.5354204669129103 0.5643873402896471 0.5367710654109032 0.598662059561115 0.4625805896789643 0.6015848809999805 0.4612302259098442 0.5673103882525823
6 0.5034872502334338 0.7045590007557017 0.4695301283876461 0.7377514196621648 0.41369092526690565 0.680633866605867 0.4476477508962944 0.647441728395986
27 0.3468179889540579 0.7369006860586389 0.33989748859676183 0.6912416274709214 0.45383492611881593 0.6739747485560862 0.460755883204115 0.7196332248841484
27 0.15234375 0.90234375 0.16640625 0.90234375 0.16640625 0.92734375 0.15234375 0.92734375