43 0.32634005630472984 0.5031768772003583 0.28052861176468014 0.4949765490502379 0.31154366809460043 0.32172343678013443 0.35735409041524235 0.3299236692536258
0 0.3216365408185311 0.3900714380844891 0.27965668376214126 0.3871763833964846 0.2864564447457951 0.2885832615314175 0.32843588248022115 0.291478301888395
55 0.34553690789073244 0.722723414850886 0.2949820742829843 0.7252508396638875 0.28724705999093203 0.5705374554169595 0.33780036135453884 0.5680100688547619
57 0.2640236181637192 0.5806090647317631 0.3071066952001047 0.582332179023614 0.3029885009326563 0.6852873712022506 0.25990542490626467 0.6835642740640039
38 0.6489224504122149 0.32946975002406714 0.6949646470230846 0.3203044728962896 0.7297040397860428 0.49481123361443835 0.6836618739080222 0.5039764074904288
39 0.6816 0.292 0.7272000000000001 0.292 0.7272000000000001 0.3952 0.6816 0.3952
41 0.6772 0.5608 0.726 0.5608 0.726 0.7304 0.6772 0.7304
40 0.7569313257131398 0.6877722567173608 0.7042189858165102 0.6846719238796561 0.7108430124566212 0.5720732952179314 0.7635542039027996 0.5751735939891296
6 0.3217830086117601 0.45800765444506464 0.37109740036771655 0.46006226820283996 0.3670051908638925 0.5582751609328741 0.3176907999404648 0.5562205628564674
6 0.634441050813507 0.4521007868035878 0.683896711748389 0.45298385570669997 0.682104303993583 0.5533589581110347 0.6326486433432592 0.5524758960439443
27 0.91875 0.86640625 0.94375 0.86640625 0.94375 0.90703125 0.91875 0.90703125