43 0.2939712487378756 0.5361889564838466 0.24595928755275054 0.5342423615431124 0.2537029958623407 0.343279220362885 0.30171372571021493 0.3452257902540119
55 0.2541326528435093 0.5578084370107877 0.3165788554960045 0.5649081089425533 0.2947836067114622 0.7565882725367411 0.232337426797244 0.7494887353669433
57 0.2449620873024969 0.7050883588168239 0.1609161499733318 0.6952751817883378 0.17556705146091645 0.5698219346612874 0.25961093739636 0.5796349902523814
38 0.6838314896139082 0.33412604233973014 0.7264289078000274 0.3331232139648025 0.7306476098283383 0.5123132803676042 0.688050192301489 0.5133160971116256
41 0.7126909400534487 0.558894691351178 0.7403038910921396 0.7335322808625169 0.6899789345546878 0.7414877474419745 0.6623669645319978 0.5668510256405347
6 0.22973998392012618 0.5995961916714873 0.26454964900585765 0.5514256363456292 0.33289968617032173 0.600812501477708 0.29809042910505923 0.6489826899147515
6 0.3444132370253783 0.6860465710736313 0.2880392265442424 0.6713398341740311 0.30823369651579924 0.5939414410400498 0.36460689943476154 0.6086480694595192
6 0.291075740103679 0.536476238603092 0.2428754824815087 0.5317861053034882 0.2526884579244779 0.43094981695685186 0.3008879955392558 0.4356399148029296
6 0.2974206780083932 0.4752182928071117 0.3523851836762333 0.4878025970750541 0.3364713069493064 0.557304092287836 0.281506824983353 0.5447198589487189
6 0.6124580132521942 0.6047728487865961 0.6625090914106977 0.5844074301940668 0.6893720211551226 0.6504196242346969 0.6393210193211871 0.6707849054676288
6 0.659008985492278 0.572557813276282 0.71183456486051 0.5583407586360718 0.7310363230869825 0.629680285923667 0.6782107810155367 0.6438972449067383
6 0.649057995202952 0.453233529749012 0.6958747065656326 0.4568779301065279 0.688682462276347 0.549264119840016 0.6418657542161554 0.545619745418429
27 0.6946210457845154 0.7657271756876495 0.6562697045239929 0.7718859739867804 0.6378662782756237 0.6573021622207539 0.676216647714341 0.6511434448039795
27 0.6448375292137598 0.3622159646631218 0.6789118230018403 0.36130339394982824 0.681881920207843 0.47219790151046154 0.6478076267200095 0.4731104659137062
27 0.925 0.865625 0.946875 0.865625 0.946875 0.8859375 0.925 0.8859375