43 0.529243997301819 0.6431702623162932 0.5270451504267157 0.6837749927369612 0.3564088261481402 0.67453441963788 0.3586083269970004 0.6339304024841823
0 0.4724857776329827 0.6775047257298866 0.46541021342056865 0.7202866205625501 0.31705744299199523 0.6957532024923767 0.32413353965500846 0.6529719847709023
55 0.7167246080381346 0.6405704234143927 0.7136063422511825 0.6874858251042382 0.5416532686725759 0.6760563155203471 0.5447722851506569 0.6291417140738753
57 0.6888836091708299 0.649031298817649 0.7062647072979189 0.7134355102456329 0.6013434878422004 0.7417460252472597 0.5839632533337635 0.6773425558168432
38 0.36578255791789616 0.3685123370247414 0.3634185262118308 0.3248599232508282 0.5160416079885408 0.3165942754953955 0.5184059687602485 0.3602463466987375
39 0.3459237449758348 0.3344157499816367 0.34194164170264685 0.2935673696758422 0.49124100005997207 0.2790129214570295 0.4952233592034645 0.3198610175077482
41 0.6827914817956753 0.29782958457689446 0.6894809221453215 0.35022394066115253 0.531275060337066 0.3704211736171086 0.5245860842812817 0.3180272271698331
40 0.5240417555786507 0.31487773359120336 0.5240418905923434 0.26766298992105986 0.6682926346358045 0.26766320455114706 0.6682928022549959 0.31487763404652025
6 0.5423471828855781 0.5974758047684908 0.5392371435381165 0.6453263879859468 0.456920059809363 0.6399764204149357 0.46003044361202683 0.592126213727902
6 0.4903921370014359 0.6004653844711539 0.4930974380014277 0.5693900807431971 0.5604068255363472 0.5752490230570536 0.5577017264353117 0.6063241404631108
6 0.6342437329440145 0.5908982212485266 0.6144706203763235 0.6449809431449072 0.5538763902570736 0.6228293021612193 0.5736496500212525 0.5687468966843743
6 0.5867061875529771 0.5847042816511021 0.5934571870450327 0.5500829299116746 0.6436522157474656 0.5598697406660936 0.6369013918621249 0.594490938308978
6 0.6276695513524828 0.395113567147699 0.6369469083304011 0.43106282183980493 0.584855263160307 0.4445051165413642 0.5755780494475857 0.40855598470734006
6 0.5552098102349419 0.39064180994369846 0.5581202222986121 0.4230520240636743 0.47886842538275687 0.4301682025693941 0.4759581875000549 0.39775815312504503
6 0.4652339942783783 0.36264009016444804 0.5287806795191727 0.3510755097489073 0.5376708426711048 0.3999243701231454 0.4741241656500961 0.41148891725115466
27 0.89609375 0.10546875 0.91328125 0.10546875 0.91328125 0.11328125 0.89609375 0.11328125