43 0.3289126828259441 0.45604098477305066 0.28634666249104157 0.4529031048513815 0.29952598083070825 0.2741373699922872 0.3420911574735328 0.27727521871800254
55 0.3022157310365401 0.45276174768162963 0.3577819429982583 0.46521867010037227 0.32026944843437377 0.6325353211337029 0.26470329223479894 0.6200785745702166
57 0.2592187177891674 0.4289161771317701 0.30696582842722364 0.43740896293881437 0.2825868593309906 0.5744594937131198 0.23483977252385557 0.5659667981057093
38 0.6904581194006596 0.3033312972990756 0.7308709330675356 0.29975631460003954 0.7463245398638492 0.474441774056249 0.705911731110632 0.47801671926877287
41 0.7779553381224105 0.6262469754215455 0.7231142595272786 0.6376257609633786 0.6880351918255201 0.4685712004986994 0.742874775604605 0.45719257269881675
40 0.8086078892365549 0.5654061376573409 0.7507896665325688 0.5586005142728305 0.7627650885622188 0.4568732106725279 0.8205823983652181 0.46367877978673466
6 0.710396064647739 0.5501453764245028 0.6738182108573483 0.512367640782259 0.7329137622092503 0.45515354645838546 0.7694914026376409 0.4929310505617845
6 0.6446126611949694 0.5042831030658809 0.6952606884472061 0.4960693397732617 0.708341482756623 0.57672187390277 0.6576934683657782 0.5849355824599785
6 0.6156522492264003 0.531711101987646 0.6493334248792735 0.5281997161067825 0.6563224456587022 0.5952320810789086 0.6226412732125937 0.5987434466991022
6 0.6554749470070647 0.4189820487962075 0.7014902853541116 0.4153999872922282 0.707715026831238 0.49535841339598513 0.6616996906532222 0.49894045475981735
6 0.6964820503239935 0.3938040936570959 0.7375895699354942 0.3885408715069526 0.7482277483103417 0.4716240441194138 0.7071202344355925 0.4768872369506172
6 0.6429150181958221 0.5378205696444549 0.6105731284832245 0.5414517501560385 0.6019889269390433 0.46499912120822645 0.6343304335608764 0.4613679626495343
6 0.6342185302383996 0.44797237074012586 0.6649392889473802 0.4468226358978565 0.6677064006194087 0.5207543499122521 0.6369856422624025 0.5219040784383397
6 0.33027077822532647 0.4556168743728867 0.2880329148115379 0.4540360830901276 0.2913024953279546 0.3666855937419743 0.33353988271642265 0.368266375932322
6 0.3752511331601909 0.4873170133305327 0.32868622803914604 0.48644565502307663 0.3303672469879757 0.3966321278034236 0.37693158178808517 0.3975034807280311
6 0.27637462940674595 0.48307604799386267 0.31504953938178915 0.44969251206504696 0.3710649736966616 0.5145818971276526 0.3323902658929683 0.5479652167613314
6 0.41373633716409586 0.5076433714733543 0.38556467506896297 0.5712799256616886 0.32407053228484983 0.5440586568215251 0.3522422956633591 0.4804224397633792
6 0.39493357135575025 0.512274851946552 0.4315294628538595 0.5155720012323569 0.4249353372558744 0.5887553539526243 0.38833944860550673 0.5854582248742191
6 0.42873785657161534 0.532239098089259 0.4605056446209801 0.538249594292661 0.44832998303513705 0.6025965182302452 0.4165622043967687 0.596586055868335
27 0.3566933836410726 0.6849212885211078 0.30884430746220914 0.6726797869217039 0.3404136490738665 0.5493000755447954 0.3882615976970101 0.5615414230018622