43 0.33180807960582115 0.542645522898513 0.2945123737143831 0.543511130426915 0.2907772024858559 0.38256703449994306 0.3280720280811238 0.38170143745771395
0 0.2982335540848453 0.36097551656620436 0.2982337265680144 0.5156795049557763 0.26052983066233537 0.5156793441673584 0.26053005181154276 0.3609757601886692
55 0.3071517801108712 0.5400933792704518 0.35750192783575585 0.5518548407501335 0.3224615442368304 0.7018438691840013 0.27211145579394724 0.690082579025675
57 0.2611955920355058 0.5096746445505119 0.30862971943463435 0.5130023150088429 0.2985906130774083 0.6560903065327435 0.25115648986559336 0.6527626783796157
38 0.705643144897067 0.5489330819160062 0.6680494821083585 0.5509689514974848 0.6596880835926413 0.39657292604551986 0.6972808954506036 0.3945370798346489
41 0.7235838628712372 0.7033406054742517 0.6745851530033633 0.7147618569133325 0.6396583226160146 0.5649374179599628 0.6886556666592014 0.5535163299139203
6 0.6406853038188274 0.5640258719818128 0.6891657621088143 0.5529065920118194 0.7036733299914886 0.6161537003638815 0.6551928931440898 0.6272729158822313
6 0.6490352662120813 0.57801840195878 0.6534609535605114 0.6405674791226469 0.6063177145592817 0.6439024215964617 0.6018923166816421 0.5813536116869823
6 0.6097147972353696 0.656445989106068 0.579537905024722 0.6572067187535439 0.5778755277488017 0.5912638817815514 0.6080520505063305 0.5905031567203948
6 0.5586170898673117 0.519299216376505 0.5862197785074841 0.520007280630354 0.5845167160656501 0.5863922286620711 0.5569140275781592 0.5856841683923635
6 0.5739063030052876 0.5232011259518273 0.6061005160455579 0.5189217601763477 0.6142341868874155 0.5801068759883204 0.5820399782761569 0.5843862194849779
6 0.44083384321118047 0.5728962934406677 0.4514341710598728 0.494371013764114 0.5377944763185951 0.5060280000041223 0.5271947714103362 0.5845527175146669
6 0.4152446387336113 0.5862281702789437 0.4417520862937181 0.5873047684528073 0.43952684866951586 0.6420873074144373 0.4130194014278459 0.6410107147347716
6 0.28529720869391895 0.5695306390062131 0.313909425532529 0.5322279023144174 0.3672668060319211 0.573150525324334 0.3386548258511084 0.6104530453853392
6 0.35067629711238624 0.5576431239955327 0.3998931942675199 0.5696368556281143 0.3863584496132262 0.6251715806524797 0.3371415750516462 0.6131779104870675
27 0.5285326196200231 0.51080139375 0.5071331310996356 0.51080139375 0.5071332783211346 0.42229965156250004 0.5285325013371676 0.42229965156250004
27 0.5824314874425909 0.5229014186026237 0.5601203888491 0.5233518425521438 0.5572580069672313 0.3815647991241386 0.5795686866902088 0.38111437929035863
27 0.5903532609374906 0.6571428578125047 0.6089905012771624 0.6530252136743665 0.6286075691593851 0.7418028316210812 0.6099703416454076 0.7459204355618877
27 0.90625 0.875 0.9265625 0.875 0.9265625 0.9046875 0.90625 0.9046875