0 0.3181338777947076 0.5370591343977625 0.2805811890854102 0.5298191829263609 0.3086312659651185 0.3843400923746105 0.34618318854575136 0.3915799674177545
43 0.3570744317376011 0.5753260485925622 0.3168595197294053 0.575904951908576 0.31437214190668783 0.40307730996122987 0.35458599903085997 0.40249841433051725
57 0.285696108809816 0.6017506451475702 0.3350223496081526 0.6233175957718408 0.28964616259793274 0.7270846584217192 0.24032006786273996 0.7055179546112335
55 0.3211147984014815 0.5698110039117945 0.37036961674573377 0.5823452807565691 0.3347428171837237 0.7223277492536694 0.28548806502271873 0.709793649250042
6 0.41003519834100643 0.5320315358982233 0.44270872162564956 0.5308976966538483 0.4448893444882742 0.5937301797352804 0.4122158215225227 0.5948640128586613
6 0.5600016777889323 0.5448702122745468 0.5904067481587845 0.5457654608088869 0.588494614413321 0.6107002601477999 0.5580895442614064 0.6098050167435013
6 0.6152085659499562 0.6072288137308315 0.5876660889975938 0.6106819457087013 0.5797144385288675 0.5472642918577586 0.6072566069747154 0.5438111795532888
6 0.6495059762266919 0.5975302686907239 0.6105097387775231 0.6038454026104466 0.6007184149937075 0.5433885115540388 0.6397142415150938 0.5370734117758
6 0.6371515356929649 0.5263367402471717 0.6727067527452846 0.5205787958907383 0.6824377055758077 0.5806618361067755 0.6468824955881018 0.5864197508608726
6 0.6073099392236827 0.6808467817990703 0.5793425191238839 0.6799606768071461 0.5812790591503472 0.6188524543066435 0.6092461429959712 0.6197385539886832
6 0.6015965675472899 0.6025440619813952 0.6485537383038036 0.6009145874760722 0.6508914641058254 0.6682736422276803 0.6039342939611743 0.6699031061014995
38 0.6812792865628126 0.582785781201727 0.6448294950922673 0.5863274590796576 0.6309017621047133 0.4429963011135576 0.6673507055355685 0.4394546658119285
39 0.6526463882390772 0.4232533213476882 0.6876432710218978 0.4164014247355501 0.7155725912558637 0.559044103042264 0.6805757306996156 0.5658959252652995
40 0.7495055602638558 0.7021769641644863 0.7058253598494275 0.712787237248962 0.6745597351183505 0.5840879092352763 0.718238857252345 0.5734777724323182
41 0.7097718126350401 0.7175250932844899 0.6631464795790407 0.7261941402078885 0.6363807486735595 0.5822539002984867 0.6830047835879896 0.5735849760679609
27 0.90546875 0.88671875 0.91796875 0.88671875 0.91796875 0.91640625 0.90546875 0.91640625