43 0.449549691911443 0.3034579447378753 0.455284405334055 0.25435370130630686 0.6304930045553192 0.2748147762547599 0.6247587135198955 0.3239186302256999
0 0.5639534049946633 0.29950496011959 0.5639535576182197 0.2521215234227899 0.6627906601057703 0.2521217026235421 0.662790704443637 0.2995049458398815
38 0.6114990351558163 0.6735984115759215 0.6147256781767965 0.7200004870097134 0.4378393716019673 0.7322962543052263 0.4346136600736372 0.6858950425590824
40 0.3270345486791939 0.764144272170112 0.32703495290877527 0.7178216097573115 0.43241272915577156 0.7178221527817904 0.43241287605928846 0.7641442651352159
41 0.26401119665024453 0.7317073533549157 0.2618120154481858 0.6804651418575305 0.4314659051721037 0.6731838902447883 0.43366597687452213 0.7244251770923722
55 0.4421635075084396 0.2712433710210531 0.43684887691426866 0.32950197583619195 0.2799179855306875 0.31518555877437515 0.285232981879858 0.2569273519179691
57 0.4293482173495704 0.21123159237755346 0.44258573991953654 0.2632767218293116 0.34440469789717554 0.28824799858682476 0.33116740760851826 0.23620306874435568
6 0.48156686202287347 0.3287793672884046 0.44401424605882767 0.2919853948979264 0.49660448918598377 0.23831223153767636 0.5341569765624854 0.2751060828125365
6 0.3875150759197368 0.339268848281436 0.3529036687561984 0.3051844006575195 0.4083494381316086 0.24888304131898448 0.44296071951794147 0.2829673675636832
27 0.3866417893957532 0.2704283503431951 0.37891127439365846 0.31544411679363327 0.28185303452130483 0.2987764828553136 0.28958370174177617 0.2537609027807345
6 0.46445450747432915 0.43969732162929764 0.46583985237475645 0.466742514172189 0.4004955598551305 0.4700892617421443 0.39911034356407527 0.443044192663727
6 0.3885456389547244 0.4968108142509173 0.3893007431861406 0.4673318292689276 0.4770523392447785 0.4695792235830026 0.47629743034144667 0.4990580185622521
6 0.4098837203125 0.551626590625 0.4920058140625 0.551626590625 0.4920058140625 0.582036775 0.4098837203125 0.582036775
6 0.3985443923971843 0.6252427748926399 0.4063817599229651 0.6771371359979887 0.34464844020340024 0.6864589099522946 0.33681143544072256 0.6345648760539053
27 0.12734375 0.93984375 0.14765625 0.93984375 0.14765625 0.95859375 0.12734375 0.95859375