0 0.28543052581289885 0.5163887751931551 0.24125144717606872 0.5055146069242292 0.27459601287512214 0.37005476633192785 0.31877428679524655 0.3809288301703033
43 0.32568900847138593 0.5624575373270622 0.28249498399407 0.5587458006702317 0.2982435898826452 0.375499215668031 0.3414364628748672 0.3792109019055106
38 0.6258895851032094 0.37392036409019913 0.6731674199651252 0.36766343198232154 0.6968132214468596 0.5463221089868999 0.6495354031796978 0.5525789606710225
39 0.6564471176444613 0.3673879257729358 0.7048238444638173 0.35529445381511626 0.7408942242404919 0.4995769566077322 0.6925175420404912 0.5116703099057562
41 0.7073222283580662 0.7262566911584457 0.6497868660947006 0.7310507251274565 0.6352250424071144 0.5562975486110766 0.6927585042629971 0.5515035925466995
40 0.7958489497905248 0.6568125927931621 0.7347286728638664 0.6934807782778009 0.666292796171092 0.5794210357782835 0.7274118647678733 0.542753320132863
57 0.30271355483921525 0.6880602145616616 0.2219070127479199 0.7078296144154672 0.1957615050644108 0.6009712515039048 0.2765663690669271 0.581202066746944
55 0.3289219238483838 0.7350653408451431 0.2750024178596959 0.7301641905770309 0.2899804638392425 0.5654165145959331 0.3438982283180394 0.5703175856607111
6 0.37496868036134856 0.5791594580375284 0.3284628043226121 0.5824809971327645 0.32246720077955615 0.4985379760485959 0.36897243089470066 0.49521646024896665
6 0.48094775974755066 0.6172561091228496 0.45136554947134755 0.6160236453810004 0.45495262388487845 0.5299397371051494 0.484534387552344 0.53117219150561
27 0.45909882604007635 0.4303095686471324 0.4815048021913526 0.4305479125188175 0.48023822641084735 0.5496067890825181 0.45783225029890673 0.5493684472951229
6 0.6290352936213139 0.5755673275789118 0.6674843948391072 0.6265801779400048 0.6072055595356005 0.6720073761746076 0.5687568584886549 0.6209948901846419
27 0.94296875 0.88203125 0.94765625 0.88203125 0.94765625 0.89921875 0.94296875 0.89921875