0 0.2779327579361279 0.5285220863382549 0.23948309847776272 0.5250716951763466 0.2536229571842341 0.3675201186872892 0.29207177583771227 0.3709704714089453
43 0.3223659513679422 0.550658086733953 0.2792846791869579 0.5524868819274785 0.27212428519442255 0.38380407731729316 0.31520450044661175 0.3819753049071835
57 0.24286662114457158 0.5466226415687865 0.2903812024285344 0.548921482523015 0.2836623877180955 0.6877770436058375 0.2361478085829276 0.6854782324841434
55 0.2899437682229973 0.5562518060639768 0.3416106532914682 0.5618439430906508 0.3244475844678618 0.7203984787976372 0.27278071264038317 0.7148064279887014
6 0.32160007480615604 0.5511999999999999 0.27799983391093974 0.5511999999999999 0.27800013475064134 0.47439999999999993 0.3215998431492153 0.47439999999999993
38 0.6775964839531525 0.41061965957510943 0.7183886548979217 0.4098198757171027 0.7215737135632025 0.5722593879018816 0.6807815429946231 0.5730591619471379
39 0.7015149774921383 0.3990939171209877 0.7419070541420751 0.39355029691898796 0.7615935357579247 0.5369815218503895 0.7212014713393273 0.542525084325216
40 0.7823868328429171 0.6719622174678718 0.7303145408056935 0.6912040965607582 0.6905805839076038 0.5836880172179498 0.742651834557364 0.5644463514514291
41 0.7193457793058542 0.7295605245628979 0.6686081140264832 0.7321985524185536 0.6606739584747174 0.5796031331013916 0.7114101119992711 0.576965144083389
6 0.6819999159508825 0.5111999350219512 0.6820000772876256 0.5896000967168308 0.633599943341892 0.5895999699098987 0.6336001008702397 0.511200130176947
6 0.7212001462256694 0.5728 0.6791998860734338 0.5728 0.6792001847449001 0.4952000000000001 0.7211999016765276 0.4952000000000001
6 0.5901945642712008 0.6331673168254632 0.6184757485868886 0.6284543976316993 0.6285514646932597 0.6889087256335831 0.600270287443891 0.6936216158164092
27 0.6280982620546638 0.7942192235261066 0.6052480560730373 0.7952271579148225 0.6003503752914412 0.6842079213987787 0.6231999999999971 0.6831999999999991
27 0.9171875 0.89140625 0.9328125 0.89140625 0.9328125 0.91484375 0.9171875 0.91484375