43 0.3655326091347888 0.5712728571979259 0.3237314224035117 0.5697637134290735 0.32894714935889624 0.42532312028776514 0.37074739134732226 0.42683224664050023
0 0.3032261574878703 0.38008159053146456 0.3437939778668806 0.3825532082091285 0.33686772978683166 0.4962306758482024 0.2962999111090312 0.49375907698832455
55 0.3066661611579775 0.5742777230871307 0.3585103948928463 0.5811169938059176 0.3416205565617929 0.7091328957997127 0.2897763393140167 0.702293711265879
57 0.2737780309844311 0.566973702595617 0.3296447321368987 0.5951571214249345 0.2788626020388847 0.6958079573858853 0.22299610085110544 0.6676248434651646
38 0.6626446009508982 0.4605688993807669 0.7039727981141368 0.46240007984093523 0.6980154424268221 0.5968415870530522 0.6566872464165954 0.5950104266468073
39 0.726222940368416 0.5226480843750001 0.6871601895485355 0.5226480843750001 0.687160530291635 0.4104529609374998 0.7262226455395648 0.4104529609374998
41 0.7333211850631187 0.7368561087875464 0.6849370875770546 0.7383774506155207 0.6804417185002194 0.5954053415872519 0.7288244273864848 0.5938840214510217
40 0.7307454313333892 0.6118314769521654 0.7890215106184542 0.6129452751265269 0.7871079488174928 0.7130536526569338 0.7288318698010698 0.711939865721253
6 0.6092481795429876 0.6746951246973083 0.607715601481118 0.6253920560471982 0.6390435890774597 0.6244183683150163 0.6405763146318577 0.6737212851410272
6 0.62996679161472 0.6252683768105223 0.6788240168609718 0.6164957122961027 0.6878542139785395 0.6667810201998181 0.6389970002499012 0.6755536408018882
6 0.7071178121478852 0.5914702787005103 0.6635507963355849 0.6005705189757706 0.6495722717526178 0.5336543458113719 0.693138785921974 0.5245541601459434