55 0.31532573044614765 0.5055680093736334 0.3647634539967157 0.5137178044494254 0.3376090502036959 0.6784236471142997 0.28817135623080503 0.6702739731106941
57 0.2044442665828683 0.5883023590729349 0.24959233505342127 0.5745498861306924 0.28443855228670145 0.688933207691699 0.2392905546471411 0.7026855199516521
6 0.39319228521515015 0.4841928925567559 0.35371298221718916 0.5266045579594592 0.275574860653478 0.4538736283139681 0.31505387368486026 0.41146230395905786
6 0.39423669928703475 0.4708651857685405 0.3995191160501008 0.5429521366605121 0.3695334157234811 0.545149150529555 0.3642511784736371 0.4730623690688359
6 0.37368258672177035 0.5352169151995108 0.34520282504217903 0.581242910608681 0.29355810075048794 0.5492890006877947 0.32203784301782434 0.5032632311717459
6 0.33848745877992314 0.5757866779957109 0.3617088859590467 0.5348437349945641 0.4179221891841962 0.566722898681387 0.3947010269339444 0.6076656130375482
6 0.4201882993753543 0.5590407738872781 0.4059657414669573 0.451580628181112 0.573637534310933 0.4293902473046762 0.5878612502342548 0.5368490069594037
6 0.5784234112747981 0.525493561349158 0.5427120176730114 0.44778869145128836 0.6399059733412287 0.4031235291740443 0.6756175164451861 0.48082780594701247
6 0.5371869465759573 0.5536954840630509 0.5726892669242716 0.5495188563211921 0.5829021719846423 0.6363220785063043 0.5473998574249208 0.640498673453881
6 0.6684438285516308 0.523714936078004 0.6917298997439048 0.6079588725621363 0.602135566687366 0.6327205437491207 0.5788502984889874 0.548477294349994
27 0.4412785674268207 0.46116110976411123 0.4215353250000362 0.46271776874999654 0.4101792353823157 0.31869219799122667 0.4299221555722852 0.3171355513746362
27 0.46679745109952364 0.4829002619055601 0.45282946752831776 0.4837730888097789 0.4455404367548681 0.36713059663817627 0.45950821645863016 0.3662577759796639
27 0.4858897142132719 0.4438350600629625 0.469698480016973 0.4447634963978541 0.4640003421094434 0.3453953894714566 0.4801913860159175 0.34446695854930726
27 0.5176630876643458 0.4536585384729166 0.5007339628584759 0.453283476268441 0.5029680562200838 0.3524532337594775 0.5198969792947992 0.35282829378621094
27 0.536684787274794 0.455749128125 0.5213994405370386 0.455749128125 0.5213995282672386 0.3623693375 0.53668470185346 0.3623693375
27 0.5610530794666602 0.31285465220655967 0.580400711138509 0.3141120129517401 0.5723367620734052 0.4381911503791355 0.5529891312500013 0.4369337984374995
27 0.92265625 0.8328125 0.95078125 0.8328125 0.95078125 0.8625 0.92265625 0.8625