43 0.4775068696231983 0.6597679908676307 0.47460641491136357 0.7033057615537248 0.3126161617572052 0.6925140204597976 0.31551728989495587 0.6489769831337476
0 0.4136418471082379 0.6901697116015931 0.40918742054998347 0.7299019939665689 0.25823852104133493 0.7129800104629209 0.262693506525693 0.6732483730165207
55 0.4865456982580554 0.6853549458508288 0.4941007343142019 0.6391221165819991 0.6536829694642847 0.6651958881216485 0.6461288020725533 0.7114279333910266
57 0.457154628954072 0.7353701381769852 0.4599602516000232 0.6853898011087638 0.6121507458340147 0.6939309342895692 0.6093459952381863 0.7439104369832147
38 0.33541528814328103 0.34497737520681687 0.33219423190030284 0.3053271556996184 0.4842453259013837 0.2929749008966757 0.4874666502494165 0.3326248322656735
39 0.31216445982033747 0.3231874003662337 0.3045109420290828 0.28785851055214534 0.4393685225848003 0.25864393514710254 0.4470221955584748 0.293972607537987
41 0.6587000502354385 0.300813014577602 0.6627200259780466 0.34574004794390295 0.4976104166069035 0.36051226574148804 0.49359084434661327 0.31558560184132395
40 0.5976051726314608 0.2529789240322425 0.5838108938529558 0.32440226782940423 0.47766684134876414 0.3039023691920549 0.4914613658796725 0.2324793576333693
6 0.43604087670064473 0.3765041661940036 0.4339894262211601 0.3344165778708125 0.505747809816512 0.33091893273489775 0.5077994149796723 0.3730063614418103
6 0.48416882901744884 0.2922022378015494 0.48803307253547246 0.33183918609749957 0.41255594130052486 0.33919712008668124 0.40869185508529426 0.2995603194136196
6 0.5105096567606324 0.36312974422372546 0.5602738638215214 0.34437849163634815 0.5779849597737439 0.39138030124801343 0.5282207821688871 0.4101314994296434
6 0.4784881046434748 0.6601412900143024 0.4749862347474618 0.7046811938450431 0.39312367851141516 0.6982453458583124 0.39662589321198993 0.6537058236357329
6 0.49610521756233084 0.6160669774741655 0.492954209208051 0.6613155269317119 0.4248987704351066 0.6565765424886676 0.4280500546633448 0.6113282933728703
6 0.5203576049364074 0.5914997317106183 0.5798229000095034 0.6082424807705623 0.5664316661476505 0.6557985503834759 0.5069664012315798 0.639055879579736
27 0.840625 0.096875 0.8609375 0.096875 0.8609375 0.11875 0.840625 0.11875