43 0.2917742497936615 0.3356141012789151 0.3374915108925052 0.3423368575912929 0.31269735974365176 0.5109377584643857 0.2669801159788676 0.504215076744924
55 0.2798434013811857 0.5132875947635362 0.33219833099178686 0.5151137290836618 0.3267284562364239 0.6719182463798058 0.2743735277598489 0.6700921379004615
57 0.2872968110525562 0.5973545329097599 0.22672583681571723 0.6070678294625387 0.21199584117823633 0.515218838201284 0.2725658794748824 0.5055056180573326
38 0.6454142877917093 0.36062767172701193 0.6920843154655358 0.35362759390129384 0.7154562838361471 0.5094419090914526 0.6687862731712357 0.5164419131274737
39 0.6990563863929538 0.42287279630346725 0.6764727659251548 0.4217436702008025 0.6807990791660359 0.33521998798060193 0.7033824712675596 0.33634910831495946
41 0.709394352017398 0.6826639519645767 0.657609236890039 0.6850175619079051 0.6503309321054758 0.5248757068951991 0.7021145261734318 0.5225221315129197
40 0.762796887245031 0.6183355547095614 0.7017746538120946 0.6216337172228009 0.6966348142957486 0.5265385704938719 0.7576560302478583 0.5232404356551001
6 0.2791999969333574 0.5559999999442481 0.2891894230752996 0.556181607055775 0.28838942612082974 0.6001816064082985 0.2784000000000333 0.5999999999999998
6 0.25191139039918653 0.449188988965625 0.2873759107715159 0.42081944064631627 0.3381861779771498 0.48433287419032917 0.3027218070313893 0.5127022564075817
6 0.37752544874263094 0.5061473083419165 0.3459241376939417 0.5498040660104281 0.2887987749140848 0.5084565128176582 0.3203999999999496 0.46480000000004146
6 0.48920013499434845 0.604 0.4579998461879313 0.604 0.4580000485718756 0.524 0.4891998981628376 0.524
6 0.6186082793539072 0.46234050943438965 0.6649889796746038 0.4596124426918196 0.6696220781246893 0.5383753728027825 0.6232413790663713 0.5411034230789683
6 0.71473872622812 0.5107079716552506 0.6669845163391983 0.5166768320625911 0.6564493594543137 0.43239349921260833 0.7042029777359176 0.42642467686028707
6 0.6632000234459383 0.5984000291618304 0.6326388319854459 0.5603882593263758 0.6894237234523644 0.5147378601661772 0.7199847981847824 0.5527494041129879
27 0.4645379877689493 0.4205495372805139 0.4922536467258851 0.4216580849270528 0.4880000000000564 0.5280000000000006 0.46028434150935027 0.5268914607814301
27 0.915625 0.89921875 0.940625 0.89921875 0.940625 0.91953125 0.915625 0.91953125