43 0.4632056352929794 0.34707534304104926 0.45855044986547 0.30506025126693487 0.6221397617981665 0.2869351012461501 0.6267952371503043 0.3289498438270873
55 0.4412371100930841 0.31967987572715245 0.4352396486527823 0.36864371213742675 0.2993082425381317 0.35199386657744836 0.3053059954471564 0.3030303873631855
38 0.6201906755514983 0.6523199618293607 0.6181814298711288 0.697750520503544 0.44704270081888353 0.690180312094442 0.4490527051358413 0.6447505255352564
41 0.28193708075946233 0.683535711367862 0.27822974649791377 0.6357616414209645 0.4279850966754566 0.6241410425001955 0.43169308394192285 0.671914403635832
40 0.44893432486981055 0.6742607041670002 0.44259399707993907 0.7564558753228654 0.3422721445741672 0.7487174791370503 0.34861329075772574 0.6665231982758166
6 0.5168060156934189 0.5697223078789196 0.5199903030160158 0.602439470462834 0.4423024030872966 0.609999381541044 0.4391183640427698 0.5772824460123186
6 0.4440406311479137 0.6485149111284243 0.4440408083977445 0.5972417309540285 0.5225288912918131 0.5972419933284145 0.5225290964832539 0.6485147861642298
6 0.4495236062670074 0.6927407551581909 0.44787034583646346 0.6468706310079291 0.5261295867577473 0.6440503484633505 0.5277831983306669 0.6899201023473582
6 0.42148879858996224 0.6236841014582757 0.3596467719063412 0.6418391824660611 0.3440314737656536 0.5886530505903446 0.40587290680832666 0.5704980621652807
6 0.3439282214104651 0.5867223154197767 0.3420306927871479 0.5594243589482945 0.40506177618976835 0.5550432525159188 0.4069594435330828 0.5823410602758254
6 0.42698223829609105 0.6228460485818021 0.4334210845875077 0.670479036408397 0.38031544936120554 0.6776564978359292 0.3738768838557007 0.6300237651291195
6 0.46213261325021904 0.3451255804932498 0.45926719377996506 0.3039021734174773 0.5378290098924481 0.29844151965911864 0.5406945760381632 0.3396647634572687
6 0.5233385102669672 0.38221503638607013 0.45323313245819463 0.3849857513041868 0.45145656964132286 0.34003301644843614 0.5215616041461999 0.33726230828207754
6 0.5122723393725437 0.37958770018819343 0.5133075345270299 0.411496689742728 0.4467923154450091 0.4136542452573639 0.4457572523407407 0.38174538197221913
6 0.4003382689895716 0.41715961939162766 0.35465116249997664 0.39462517656249935 0.3788079507528437 0.3456515237555899 0.42449481274991285 0.3681858941861458
6 0.42330001365621683 0.3729477429634016 0.37716946058696976 0.35398660183068853 0.3973294977693058 0.3049414259659768 0.44345982616471247 0.3239025145445663
6 0.41582326398565783 0.4021628761387269 0.41716028172663755 0.43101258187794433 0.35712260211278135 0.43379468068784527 0.35578569951508143 0.4049450860576227
27 0.3997093667522904 0.3189529814236381 0.3928759634349035 0.3556843344360329 0.30002451316534007 0.3384106703052523 0.3068580519803845 0.3016794800888171
27 0.38008726638884127 0.3628002795760265 0.3729843760049789 0.39843666987333287 0.2746575450283899 0.37883898014419914 0.28176058821532024 0.3432027846158232
27 0.6359144025508385 0.33968382990412627 0.6373720991158507 0.3746303368395367 0.5225290703125438 0.3794200859375306 0.5210716023477744 0.344473802076979
27 0.3498434831853956 0.5912540306769121 0.360465117187573 0.6283592640624721 0.27979246142717784 0.6514490845767174 0.26917117080404296 0.6143441437669813
27 0.37654890634075855 0.6331222382034746 0.3837209296875699 0.6729137203124446 0.28257186389510025 0.691141452158938 0.2754003044633464 0.6513503742031468
27 0.09140625 0.884375 0.11484375 0.884375 0.11484375 0.903125 0.09140625 0.903125