43 0.3018175642582719 0.7019602365931091 0.3028275689007387 0.6514087754402814 0.48327699229787413 0.6550121435585895 0.48226794845879795 0.7055626740860285
55 0.4981231297783779 0.6889024342320265 0.5118882654227264 0.6302613386524402 0.645573275521997 0.6616374002594079 0.6318091003204245 0.7202776591820702
57 0.4602745366895533 0.7248549564894784 0.4742120842067834 0.673634764315206 0.5948204544016562 0.7064484426506554 0.5808837263067517 0.757667926072539
38 0.30527537140937966 0.3495471317182296 0.3035628301294082 0.3003537307609553 0.4783700198679526 0.2942677940709785 0.4800829680178822 0.3434607854156355
41 0.6348771464090532 0.2787300710676309 0.6462163934829732 0.335516349290249 0.5073898713957306 0.3632360238675848 0.49605107052764197 0.30645013291478784
40 0.5957920062122639 0.2691528794562825 0.5875397637785227 0.3175243913040319 0.45617290466543636 0.29511304863182075 0.46442536634174303 0.24674180733182333
6 0.5694486911122567 0.6678034729712746 0.5207715359437088 0.6408162078732139 0.5553302816859969 0.5784902426080806 0.6040069081661841 0.6054773255474364
6 0.4589776435980184 0.43978003063835136 0.4507275934124664 0.40254534105599865 0.5159149044536662 0.3881025136389062 0.524165066205569 0.425337049241414
6 0.5202345345286403 0.35089295349757127 0.5699096259929775 0.32112223770199366 0.6062717765624939 0.381793478125004 0.5565967776904017 0.41156407507311504
27 0.35331010625000003 0.40285326093749996 0.455052265625 0.40285326093749996 0.455052265625 0.42832880468749995 0.35331010625000003 0.42832880468749995
27 0.6942505797461536 0.6286246901007007 0.684565932638634 0.6697774591830763 0.5818292898587742 0.6456024194030213 0.5915142239142597 0.604450075689747
27 0.85234375 0.04609375 0.86640625 0.04609375 0.86640625 0.05859375 0.85234375 0.05859375