43 0.31052482411848814 0.4183744285586294 0.2659487287570528 0.4193358021135182 0.2620470687834313 0.23841110738098045 0.3066223174624838 0.2374497432459692
0 0.2385491465142877 0.21331606615817816 0.29598898451627065 0.2110762675073247 0.2996694243083766 0.3054597492406788 0.24222958693871988 0.30769953962713864
55 0.30948774948990376 0.41953475642474464 0.362459024776399 0.42305543254877054 0.3518464130170287 0.5827190999083304 0.29887514160850515 0.5791984663538193
57 0.260869565625 0.4027874578125 0.3084239125 0.4027874578125 0.3084239125 0.5477351921875 0.260869565625 0.5477351921875
38 0.6967328082215545 0.23110793595184928 0.7379573366955583 0.22923003948687573 0.746032022100735 0.40648463402766105 0.7048074951045464 0.4083625140245197
41 0.7271647034588113 0.5717676402933574 0.6748639764268773 0.5740850277055883 0.6675379514621227 0.40874114243977405 0.7198374310304416 0.4064237820601716
40 0.708199334014239 0.3737180463178624 0.7600851507606876 0.3664925035486757 0.7790551550708642 0.5027066716322949 0.7271693506191923 0.5099321483606793
6 0.3110347248968992 0.4149156563458453 0.36427472592583854 0.42302483095712595 0.3533166456024901 0.4949646735445594 0.3000766542703559 0.4868555396191889
6 0.4239403689466599 0.46896749147097827 0.39470108750003874 0.5282229968749609 0.3350668631070448 0.49879862672995734 0.3643061986675775 0.4395434061979776
6 0.6236430207688954 0.4436852531635263 0.6722029780030425 0.43822339301054736 0.6816803931960749 0.5224789587278331 0.6331204416303535 0.527940785076779
6 0.6850753445548889 0.48644990947394257 0.6525755540834552 0.4470417747530445 0.7078862646550306 0.40142993967281054 0.7403859474596857 0.4408378871411448
27 0.94140625 0.85078125 0.94609375 0.85078125 0.94609375 0.86640625 0.94140625 0.86640625