43 0.5816254481734404 0.3105244911871221 0.5806643296612037 0.26594862656625345 0.7615888244984035 0.2620473618754073 0.7625502880042632 0.3066228560807465
0 0.7866839179679346 0.2385489776286438 0.7889240078246758 0.295988951993561 0.6945403115632871 0.29966944659877315 0.6923004515454068 0.24222969669106628
55 0.580465269074466 0.3094876986906235 0.5769444730564146 0.3624590295530643 0.41728052862004006 0.3518463837055442 0.42080171769612207 0.2988754883964024
57 0.5972125177258931 0.2608694810713992 0.5972126866407734 0.3084239161747813 0.4522647042016388 0.3084238815475174 0.4522648328571677 0.2608697503237677
38 0.7688917322066118 0.6967314620722623 0.7707708109669511 0.737956647969152 0.5935156100383665 0.7460322627463053 0.5916373659096053 0.7048078627737502
41 0.42823222114236614 0.7271640136553603 0.4259154957416058 0.6748624613487453 0.5912587326372432 0.6675383695415494 0.593576337146942 0.7198390105290007
40 0.6262803331198938 0.7081991683649389 0.6335079127055678 0.7600851859149944 0.497293624029453 0.7790549093546382 0.4900669460348581 0.727169709277221
6 0.5850847472512442 0.3110347293818992 0.5769749506962398 0.364274695925761 0.5050352286672251 0.3533166507911732 0.5131451841276657 0.30007688651162734
6 0.5310335606212675 0.42393786085817314 0.4717770031249984 0.3947010875000126 0.5012007410472279 0.3350689261616486 0.5604569134260373 0.3643055852788744
6 0.5563136816916767 0.6236429688610869 0.5617767954420287 0.672202998303845 0.477521718271646 0.681680179327449 0.47205905310715934 0.6331205636738682
6 0.5135498719884026 0.6850750162765462 0.5529615182437055 0.6525792355278317 0.5985709240831056 0.7078874902100519 0.5591595010155288 0.7403830249612041
27 0.13359375 0.94140625 0.14921875 0.94140625 0.14921875 0.94609375 0.13359375 0.94609375