43 0.3201708799932703 0.6028106797512945 0.27702163960145754 0.600758920617836 0.28528910175361943 0.42691984816524114 0.3284371328365978 0.4289715779676836
57 0.26637199304286696 0.7354368700766526 0.200393752987452 0.7370858601203633 0.1978514874647317 0.6353563155726774 0.26382832766239517 0.6337073430204668
55 0.26889488894585156 0.6025184796097367 0.3184894634570128 0.6059714807069917 0.3088884822111595 0.7438496568142725 0.25929391239367305 0.7403967047846035
38 0.6675264470814 0.4189037151338529 0.7110441869552915 0.4187367055124401 0.7117688922547813 0.6075593344191462 0.668251152402604 0.6077263415637502
40 0.7683784976417201 0.7459219606321253 0.7136550972375062 0.7358393461984435 0.7388225442628027 0.5992681445652773 0.7935444207229239 0.6093506145487695
41 0.7473539036719785 0.7667342897296077 0.6912859739151145 0.7741306614310193 0.669254115208787 0.607136756202255 0.7253200997304248 0.5997405142402856
6 0.25218486007042884 0.6454719656411423 0.2725289731670273 0.6014741870376655 0.32681737668133337 0.6265735528847247 0.30647356281326665 0.6705710771947407
6 0.35894408002104683 0.6952236469198118 0.30443776107199483 0.6841550916151874 0.3180778667768891 0.6169961569987195 0.37258346376643203 0.6280646368519951
6 0.36005434687500004 0.64599303125 0.3940217390625 0.64599303125 0.3940217390625 0.7080139375 0.36005434687500004 0.7080139375
6 0.2835180002454081 0.5163848810740048 0.3279105430518712 0.5215776055566379 0.3182180050951047 0.6044312934525757 0.27382546872286184 0.5992386059921603
6 0.38509321783533323 0.5676440369264129 0.42018931464099296 0.5690124408915493 0.4173939482604965 0.640698755215094 0.3822978520263405 0.6393303602861362
6 0.4930870952841815 0.6594178729000223 0.4642530729478267 0.6589787179822998 0.46560098504892267 0.5705026750142226 0.49443453313517693 0.570941826338253
6 0.7131367612506665 0.6074107496498511 0.6689837906575349 0.6089478489029259 0.6662202676996003 0.5295668975237637 0.710372624059346 0.5280298090595786
27 0.28605127168668787 0.4281899490567011 0.32430256143481984 0.4276249917521319 0.3258181324756606 0.5302322719608705 0.2875668427942628 0.5307972250592841
27 0.38565732764391214 0.7059478440089955 0.3722737591954228 0.7749017406691714 0.3470103036512455 0.769998990003851 0.36039402187498126 0.7010452968750371
27 0.4928669022389158 0.5902438967759205 0.47016745654764236 0.5928470462264859 0.46030550529781067 0.506857105909275 0.48300463582620523 0.5042539743283266
6 0.596377953852425 0.7152540699292785 0.5905055519809821 0.6508571474186003 0.6273506549274543 0.6474976947873275 0.6332232776595674 0.7118943734081445
27 0.9375 0.90078125 0.9578125 0.90078125 0.9578125 0.92421875 0.9375 0.92421875