43 0.3572787520231486 0.5956391884068221 0.31583498243185204 0.5941322757066111 0.3222620842595916 0.41740596832752164 0.3637046948210809 0.41891285957792485
38 0.728536896785954 0.578704470082463 0.6848620798050433 0.5848140027091897 0.6589468663720481 0.3995666944843599 0.7026204284815094 0.3934572534551059
40 0.7466970958644197 0.5994611693136455 0.7948782647034704 0.6036764744133117 0.7856511852492076 0.7091292076922835 0.7374700224114576 0.7049139470955537
41 0.750610431862583 0.7600918373266102 0.7017698153412084 0.7653240346881076 0.6839584158630032 0.5990753143734144 0.7327973816655913 0.5938432052433152
55 0.32347470982267623 0.6078973907230125 0.3708606934707177 0.6116739841624053 0.3580715434289914 0.7721211053593909 0.31068556731327135 0.768344575517579
57 0.325671113111639 0.7144620081765759 0.26916361515736753 0.7249249027069868 0.2478247341689439 0.6096907810287656 0.30433089821337944 0.5992280149913027
6 0.32365352599902053 0.6084074408384021 0.37320496346933396 0.6151636479280168 0.3631399312755548 0.6889735031866439 0.31358850408173566 0.6822173456113063
6 0.4297542220423338 0.6603670849611997 0.4050332086990238 0.7144380279694896 0.3444088141387738 0.6867242724517371 0.3691299243358799 0.6326536970779835
6 0.6886543286341293 0.7008113482387051 0.6369786823320283 0.6984627642642035 0.6405461309204838 0.619988659745019 0.692220967326989 0.6223372253688962
6 0.3228052556022476 0.5054254755163294 0.36335483021241544 0.5089732441773511 0.35582315883448246 0.5950494631255093 0.31527358755909063 0.5915017203559005
27 0.96171875 0.94296875 0.98359375 0.94296875 0.98359375 0.96015625 0.96171875 0.96015625