43 0.3268670950726573 0.5069550510011765 0.2851351998633618 0.5060032988585877 0.28903395646489116 0.33508958409324885 0.33076490386247315 0.33604132517010854
55 0.2881563409471255 0.5087326316035043 0.3423165431695452 0.5135235315061593 0.3261581879581854 0.6961720653196559 0.27199799576692385 0.6913812449971494
57 0.19707759895368326 0.5224000236263661 0.26203464783623076 0.5079154877855133 0.29103714504026357 0.6379670922629099 0.2260801512343278 0.6524514581789495
38 0.6680130904030648 0.34381408810947817 0.707338641352635 0.3436352724753396 0.7081020158630054 0.5115097089198921 0.6687764649470864 0.5116885225807453
41 0.7164576539692007 0.6800238881592006 0.6649947568040488 0.6841315614559379 0.6516736429124421 0.5172463397904976 0.703134977757145 0.513138729091235
40 0.7104957193397468 0.5003291206295412 0.7834888320224991 0.4980815131111399 0.7874271580479899 0.6259705828594747 0.7144340467563097 0.6282181656768605
6 0.32637921847310736 0.5952035385334743 0.2686399228434766 0.5759252963360408 0.2919447340308352 0.5061336839958916 0.34968339308306895 0.5254118128448018
6 0.2859805053766422 0.5081486150369706 0.3409030313474659 0.510204067429437 0.337744311533811 0.5945988081049389 0.2828217863475402 0.5925433702855297
6 0.47347949062500005 0.461482559375 0.4989391796875 0.461482559375 0.4989391796875 0.5457848828125 0.47347949062500005 0.5457848828125
6 0.525707411767371 0.5408470083122612 0.5010659785998541 0.5415962984470406 0.4986643208951591 0.4626155015055072 0.5233054571283446 0.4618662158837163
6 0.5241836102561592 0.5493598281228801 0.472656135244506 0.5474314244470783 0.4759994058177881 0.45811407190072884 0.5275261768631481 0.46004246241581276
27 0.49752478132575106 0.4818313953125001 0.47454029634047856 0.48183139531249997 0.47454046524785554 0.36409883749999994 0.4975246181654711 0.36409883749999994
6 0.6513594368592521 0.5361453243636382 0.6682814165905029 0.5999486389184389 0.6125446331154762 0.6147293391494227 0.5956230254871571 0.5509263417711749
27 0.49714844287416327 0.37255262047803084 0.5188474327231916 0.37177059700311027 0.5227074899954687 0.47887102998473896 0.5010085004309985 0.4796530480758916
6 0.6476440365312328 0.5254901483835448 0.6995576164316617 0.5128617079384731 0.7164197507127028 0.5821732213913178 0.664506197229116 0.5948015864370346
6 0.5967547513002955 0.5481612462505504 0.6519917974272857 0.5342611096169445 0.6712354939994611 0.6107252572237609 0.6159984830738949 0.6246252976762868
6 0.6532321861304808 0.5215245531424926 0.7030703431993288 0.5164198871086232 0.7114212956884103 0.597944951106588 0.6615831442351237 0.6030495816097563
27 0.93828125 0.94453125 0.95078125 0.94453125 0.95078125 0.96953125 0.93828125 0.96953125