76 0.5032222371581838 0.2880892084843015 0.484287814139293 0.2733067745247109 0.5135091661691149 0.23587876275066402 0.5324435429650975 0.25066116912714487
76 0.46440987326445793 0.2957250990826836 0.501131915973474 0.29073685972861874 0.5060679965655481 0.3270738996925983 0.4693459556278867 0.3320621304087521
76 0.5086292653641067 0.37173211550057195 0.4913124703880385 0.38753146368488683 0.4595847957322121 0.352757844689646 0.4769015414645992 0.3369585366105696
76 0.4738629324656358 0.40499042401515606 0.4496692033360432 0.3895134499348123 0.46763331000659036 0.3614331528280929 0.49182696834679973 0.3769100966608964
76 0.46818350639466644 0.5960321213720101 0.4810116171613572 0.5830885921192035 0.509363604444161 0.611184695448436 0.49653554138183154 0.6241281772092727
76 0.5169115857169118 0.6169710188060203 0.5204950316438044 0.6534155460646718 0.48323247999485375 0.6570788268024792 0.4796491774551441 0.6206344316242615
76 0.5441167889434837 0.6854997731661401 0.5120618145876961 0.7063963946274502 0.4877775969624736 0.6691499656257293 0.5198323550291661 0.6482534392637557
75 0.575335803045391 0.7243605748473395 0.5684015565661866 0.7382785165792511 0.5388596213216488 0.7235623268637285 0.5457938765624704 0.7096444359375269
75 0.4697132541997462 0.705486891062197 0.45870116957121354 0.7219556424426833 0.4347520937841409 0.7059441057439474 0.44576416767847604 0.6894754054172975
75 0.43923970133505463 0.6656998406335751 0.4190126397277254 0.6764495677423547 0.40219659234765004 0.6448119373115736 0.42242353595304394 0.6340622485645844
76 0.4625583652905334 0.6664753594023917 0.42617572814026516 0.6761107905013194 0.4156788180081321 0.6364798095332016 0.4520611755236814 0.6268444172978508
76 0.41846435807838134 0.36399409197339266 0.39066419487949133 0.3482859873302421 0.41550531789846445 0.3043239014403621 0.4433053654095147 0.3200319648181216
75 0.43414769617038473 0.30836683364508366 0.4341477101236251 0.3175301800294277 0.3953142495496422 0.31753019074785965 0.39531425254313035 0.30836686123021706
75 0.43140210917238164 0.30032745216369744 0.4307285488607704 0.3103180820573613 0.4013764905618018 0.30833921950295556 0.4020500634920836 0.29834860324497314
76 0.42684361003853155 0.269425910664016 0.4631929186018624 0.26612502331692167 0.46657888724780605 0.30341035107908104 0.4302295794402653 0.3067112330347848