0 0.47072738839131034 0.6945411799026326 0.4685130143841434 0.7286739304393864 0.2867426798438828 0.7168814856208666 0.28895767327037447 0.6827494127957006
43 0.4937334785767007 0.661984200603829 0.4924962742684329 0.7001337615585037 0.27471308035910624 0.6930694531085344 0.27595111200253086 0.6549207638385138
38 0.29518218743987745 0.34550771680777365 0.2976457040514333 0.30634412707319414 0.5036705578969531 0.31930231920346835 0.5012074750588909 0.35846550772078345
39 0.3060520618573719 0.3222750649694018 0.3055868921284173 0.2825649464253002 0.5019173664328491 0.28026446041366615 0.5023828913354009 0.31997421917137814
41 0.6988691888105905 0.2803602651423254 0.7048504435297218 0.3311799462824176 0.5132519490440473 0.3537283106197169 0.507271208711245 0.3029090863996388
40 0.5014201494050212 0.30034837310720724 0.4979260010128428 0.22493941514174282 0.6032915057415948 0.22005728195882016 0.606785953222925 0.29546591525461857
55 0.5001526265602934 0.7032303877220959 0.5083931144420148 0.6538180417732644 0.6964020624061504 0.6851667432623904 0.6881627016121001 0.7345780785281413
57 0.46703811507200044 0.7480481788306038 0.47143605388203014 0.6983532707763208 0.630349442297188 0.7124140586793485 0.6259524555986218 0.7621080710339483
6 0.5545057829951929 0.5523337605359595 0.5545058841345281 0.57743989812028 0.4745639185247228 0.5774398630069374 0.47456399010593486 0.5523338982605643
6 0.5566207938966272 0.5323302017427347 0.5568509671905986 0.555492908952733 0.4666942969042793 0.5563883166055459 0.46646429838779113 0.5332257825899888
6 0.4609695023925724 0.5344923904402658 0.46052254439712215 0.509682364211501 0.557982861572782 0.507926439732989 0.5584300079090099 0.5327362746671542
6 0.4594939442731629 0.5118699563209546 0.45918754595913924 0.4866702083162094 0.560925211403628 0.48543298748894936 0.5612318020105249 0.5106325411756798
6 0.46352527861006365 0.4871822289016593 0.46382334280724535 0.4620795261363306 0.5553549508615561 0.4631660535590421 0.5550570548926999 0.4882685902451402
27 0.9203125 0.046875 0.9375 0.046875 0.9375 0.0546875 0.9203125 0.0546875