43 0.32383841001410474 0.5086692431984546 0.28004698948996065 0.5088347014400738 0.27933137646459727 0.31927625330183695 0.32312169328690743 0.3191107972169732
57 0.23476346261895742 0.5263169994627165 0.29931393517040306 0.5356387418404258 0.28354653810038144 0.6448125615747315 0.2189960858432869 0.6354909109772295
55 0.2957755684667518 0.5226428131520121 0.34858051821902336 0.5296895464941067 0.326762034046169 0.693169981643016 0.27395710564064757 0.6861233548598865
38 0.655106418794503 0.29013027666251623 0.7008621944675042 0.28805130480654545 0.7101669952249949 0.49283069691427633 0.6644112216123403 0.49490964321092196
39 0.6786307865310164 0.26591490079622543 0.7300467146925484 0.25914849485577274 0.7539643610106168 0.4408854608529165 0.7025484469447747 0.44765179921645804
41 0.6367472190344188 0.5161888940532753 0.6919672320431118 0.5098563057465598 0.7121724217249721 0.6860272368086251 0.6569524245095408 0.6923597231109612
40 0.7759201366701518 0.6318816442851772 0.7002627212305015 0.6373220761079439 0.6917841496184565 0.5194160255440488 0.7674399986503886 0.5139756503549683
6 0.3248198161624032 0.5070222890286784 0.2812771685530606 0.5082706754119218 0.2790202389477372 0.4295464725994172 0.3225623948135308 0.42829809329643714
6 0.36576810982091956 0.5258258027936865 0.32306207499755146 0.5297905070009066 0.31595187851860373 0.4532057256889958 0.35865742230316755 0.44924104455557584
6 0.3923234672547551 0.5463414625 0.35971459163693 0.5463414625 0.3597147792030455 0.47108013906249996 0.3923232702458108 0.47108013906249996
6 0.41313605117159113 0.557229504435835 0.3800227319544547 0.5505839763186329 0.39525964205233777 0.47466905394878606 0.4283725678441215 0.48131454122494316
6 0.3616534840161876 0.5545029268446885 0.3294871066655105 0.606761614301286 0.27288765234197854 0.5719265260059092 0.3050540038846066 0.5196681366337706
6 0.37332659026662895 0.623557502773292 0.32646359127363667 0.6094184007541693 0.3445009241444268 0.5496422743719435 0.3913634351898736 0.5637812977541015
6 0.6046458195069135 0.6263193965128598 0.5670401382382124 0.6315560376433352 0.557655712577116 0.5641697444431901 0.5952609391310943 0.5589331353151865
6 0.5867864718543387 0.5431171668194125 0.6437603009222812 0.5330196624468145 0.6579861457195193 0.6132793385456985 0.6010123352783694 0.6233767707819863
6 0.6837646827486878 0.505748411755404 0.7156021674495605 0.5678169047994721 0.6561351064827932 0.5983167618419962 0.6242980267312532 0.5362486147428271
6 0.6712381915575634 0.5111907291019323 0.6230037842332194 0.5164150149718616 0.6149348572716917 0.441919436708354 0.6631687410598488 0.43669517955397674
6 0.6627038046875 0.41114982656250004 0.7095788046875 0.41114982656250004 0.7095788046875 0.49686411093749994 0.6627038046875 0.49686411093749994
27 0.34035307248404933 0.6090591909441149 0.3797956290292177 0.6181490930484103 0.35297115402465806 0.7345292558911544 0.31352863579934365 0.7254394653537448
27 0.6645969830253762 0.44750180440173176 0.6189103676376817 0.4488935659528385 0.6149716055614363 0.3195934352092326 0.6606575646084138 0.31820168332068827
27 0.9296875 0.8875 0.9421875 0.8875 0.9421875 0.91875 0.9296875 0.91875