67 0.3180001659812888 0.5254510531970905 0.35435494441367155 0.5224076425401178 0.3601006230311441 0.5910357887206952 0.32374584689330277 0.5940791815094606
28 0.3316010656249091 0.4531997015625018 0.3380594651505362 0.45299498142217326 0.3403018582985169 0.5237318151166035 0.3338434588245036 0.5239365341787935
28 0.3347671048727534 0.5262216269409532 0.3109375011264319 0.5294889106054723 0.2995425185770273 0.44638570651167353 0.3233718249999811 0.4431184437500034
67 0.39123987558753015 0.5899198535439435 0.3603369197887787 0.5921619392455837 0.3555414897319906 0.5260698209427263 0.38644410077324665 0.523827747749305
25 0.3655308353820601 0.4849842200671406 0.37297328754516457 0.48464673547576864 0.3750464402889975 0.5303618809865464 0.3676039882080886 0.5306993643846529
67 0.4310068220377161 0.5798883899099364 0.38945750668870005 0.5954806751384417 0.3664963845624243 0.5343006540019568 0.4080452818907361 0.5187084559140337
28 0.3703470990453752 0.47903291877020027 0.3638876577292649 0.4798669786752185 0.3590872768774034 0.44269234518410266 0.3655466843749764 0.441858287499998
28 0.40189250000003085 0.4298867937499995 0.4098131004958532 0.4297982315349191 0.4108417485354039 0.5217897025159306 0.4029211480496997 0.5218782641367182
28 0.3949742735894688 0.4610370992535513 0.39291388076082967 0.4613717819201974 0.38776158325083543 0.42965483192566056 0.38982196718745854 0.42932015000000096
75 0.4660062596831267 0.598481935629975 0.45148694015961155 0.5965455225228025 0.45991261555548135 0.533376385022797 0.47443177690252014 0.535312787407236
75 0.4879731521930353 0.60636701875 0.46968246867220387 0.60636701875 0.469682522672656 0.5708629671875 0.4879730889961138 0.5708629671875
76 0.508633450274715 0.6086853096586535 0.4898597818107646 0.6104799192615403 0.48504076413689745 0.5600720008851653 0.5038142640132719 0.5582773994116389
75 0.5069422046599357 0.5643000838022082 0.5168006619054495 0.5639648114829875 0.5181363845609894 0.603236819773087 0.5082779273760707 0.6035720909188836
76 0.5384026642933577 0.5817359605122622 0.5320004661481335 0.5819470942480283 0.5307656038389723 0.544505261474968 0.5371677610629604 0.5442941284124293
76 0.541814584375 0.5400927890625 0.5644846703125 0.5400927890625 0.5644846703125 0.6035266953125 0.541814584375 0.6035266953125
76 0.6119562829732104 0.5287092436313582 0.6351381704810137 0.5351596949679245 0.6174059791346735 0.5988802882568232 0.5942241063015672 0.5924298735614465
28 0.6151901819915793 0.5413610203767518 0.599525793311841 0.5405047398969913 0.6056568870144474 0.4283567714532884 0.621321011154464 0.4292130445904123
75 0.7634089539295701 0.6043449057980225 0.731731263114284 0.6051657185271402 0.7304928619179236 0.5573723360287238 0.762170285074717 0.5565515267675395
75 0.6779697840571544 0.6634640209395769 0.6716047813358728 0.6641566915133592 0.668821604478012 0.6385850642037816 0.6751865751820105 0.6378923953817544
75 0.6126954349939524 0.6175927677685704 0.6267328825827008 0.6201779835430661 0.6178609472190146 0.6683456807687128 0.603823502966975 0.6657604773865301