57 0.5711998701760876 0.7792000309115366 0.571200484920837 0.709999545051823 0.6703999717981333 0.7100002469727859 0.670400134528677 0.7791999560715459
55 0.5501834396864069 0.7067406961360455 0.5540700079842509 0.6580295170360512 0.7322924783553617 0.6722467066817915 0.7284068912063049 0.7209569552329653
43 0.5338879895092532 0.6801576739927903 0.5299397796818539 0.7260353741161597 0.3361141261798366 0.7093552050021179 0.34006318578360606 0.6634784655927337
27 0.5319915116490392 0.6101523145527986 0.5328466665979477 0.6351051198998557 0.3758742370858954 0.6404822884065406 0.3750194654041934 0.6155298436077555
6 0.5148257765114295 0.6375347847956846 0.516536860638098 0.606740841919969 0.5752222160811016 0.6100012902555049 0.5735113128714602 0.6407950604239124
6 0.5380607458052964 0.6076181912340289 0.5401915448809405 0.5848928908387987 0.5723833890814376 0.5879109631923508 0.5702526623698532 0.6106361966430962
27 0.699182381235687 0.507381272865971 0.6996705768644915 0.49127483602094457 0.7730697368623396 0.4934992597436012 0.7725816340625897 0.5096056067452446
6 0.7178773036184793 0.49109348757122184 0.7172894263679837 0.5116710658975507 0.654038143833418 0.5098639717925743 0.6546261173798484 0.48928649222371456
40 0.5900094157175317 0.19452230095689318 0.7002494370505019 0.1860424477886666 0.7067976517218995 0.2711694770927553 0.5965576343348857 0.27964930422137896
41 0.753560899447848 0.2612074199020995 0.7598868831162235 0.3214632328058227 0.5776077724000288 0.3405982230153796 0.5712823332981998 0.2803428956708061
39 0.3175644247797891 0.29699325408667354 0.31216474550433304 0.24813709385836435 0.48089706583778025 0.22948846694434843 0.4862970368729975 0.27834428855821564
38 0.35926327009474335 0.31833973920348685 0.3570766674858987 0.26986024742476555 0.5586091734631964 0.2607697979398502 0.5607961894739901 0.3092488711109335
27 0.91484375 0.0578125 0.93828125 0.0578125 0.93828125 0.0703125 0.91484375 0.0703125