39 0.728034403359743 0.2875701616278427 0.6864941816660348 0.289189979290466 0.6803285601538391 0.13107006247778888 0.7218683408585775 0.12945025371377178
0 0.28572849296540426 0.1649095900734984 0.3247882674719449 0.16750577288638968 0.31610214392048874 0.2981872277674641 0.27704237084378747 0.2955910571785902
38 0.7109376966562877 0.4306620218750001 0.6610053304322037 0.4306620218750001 0.6610057343585822 0.21672473906249992 0.7109369604003177 0.21672473906249992
6 0.332372983297887 0.46968128939137843 0.3392969157509924 0.42648567341079757 0.3835240403974467 0.43357451960097404 0.37660025747470627 0.4767700023156644
6 0.3437543588825065 0.5201036216701941 0.3746112085128743 0.5076242463641089 0.3934262963019819 0.5541430003117266 0.3625694752729487 0.5666223243380459
57 0.3021775503395929 0.5572084764490133 0.23668740740822614 0.561722354123527 0.2294275979432996 0.45639306315766415 0.2949166756309296 0.45187922235696787
55 0.2954422810391861 0.47588922249618865 0.3494985992989541 0.4833456925044736 0.3234350199909386 0.6722783191687389 0.26937872623079784 0.6648219723960695
43 0.3377373616455088 0.4500904164153601 0.29734657576852896 0.4516047861333265 0.28921123922214065 0.23461556789510107 0.32960107942676586 0.2331012163191771
40 0.7866850593901518 0.5386759593750001 0.7119563558749178 0.5386759593750001 0.7119568929310844 0.423693378125 0.7866843233404097 0.423693378125
41 0.7506152013130531 0.6364454290676433 0.6908592993255525 0.6469874140079687 0.6567501572412766 0.4536574014857382 0.7165042242378377 0.44311557832785536
27 0.9 0.86015625 0.9203125 0.86015625 0.9203125 0.89609375 0.9 0.89609375
6 0.6641372601994817 0.4966050674704879 0.6736428027722923 0.5367565553036241 0.626682036528905 0.5478730399951427 0.6171766718853178 0.5077217061358512