0 0.3148872976535131 0.5375143612255632 0.28663448037320904 0.5346205295059162 0.2993719167997142 0.4102755976025921 0.3276242124137525 0.4131694018564083
43 0.34854836227475516 0.5685478178907568 0.30947793869700035 0.5664120043958648 0.3178361201004236 0.41353739792649663 0.35690563577543344 0.4156731862725309
57 0.23298866420486775 0.5507147256695989 0.2803953508914674 0.5391827904485497 0.30222693817131585 0.6289212326559046 0.2548202850477992 0.6404530717979879
55 0.298942576853392 0.5386207254658202 0.3511264823437159 0.5439214895192618 0.3364146984945364 0.6887373125610906 0.28423080280538215 0.6834366205902266
40 0.7294906968977557 0.6438954098166383 0.7294909830958431 0.5501452471966426 0.7934934680870356 0.5501455750440559 0.7934937283927184 0.6438951866569865
41 0.7325903489893335 0.7090240819628257 0.6846677540572728 0.710382210451277 0.6805910152478418 0.5665222410816371 0.7285122821631376 0.5651641313159667
38 0.68458274375 0.39970930312499997 0.7241867046875 0.39970930312499997 0.7241867046875 0.5661337203125 0.68458274375 0.5661337203125
6 0.36026442320087426 0.6329437169893773 0.3527008046841047 0.631471820043191 0.3563602684552052 0.612669297773319 0.36392386027762313 0.6141411920494431
6 0.6654257306402087 0.5963514022376372 0.6481313560738045 0.5865351252980872 0.67012928288068 0.5477830559191982 0.687423550851122 0.5575992948207026
6 0.6740314569468637 0.5934324486372689 0.6839523016423072 0.6040508568033452 0.6558709371481655 0.6302844161459763 0.6459501314843692 0.6196660459817758
6 0.614709783919352 0.6400798446267442 0.6192351797727724 0.6277508609299941 0.6372548307091392 0.6343642211321381 0.6327294619555914 0.6466931818452588
6 0.590110229972538 0.656313958343413 0.5891314068867359 0.6391702134407182 0.6054271747748317 0.6382399258943559 0.6064060237508784 0.6553836431726191
6 0.34272836979789645 0.5806635218562086 0.32878998259946 0.5947911186434879 0.30119922170490554 0.5675725955704535 0.31513756226036094 0.5534450470337717
6 0.3837960118282808 0.6069948229376406 0.3737180605988897 0.6228576236640712 0.3413714570742741 0.6023093959432477 0.3514494011374154 0.5864466508204716
6 0.39091911003311 0.6184832650026179 0.40829049754313473 0.6135533634187166 0.41356367512628367 0.632132155313892 0.39619229131426437 0.6370620478202641
27 0.9015625 0.89921875 0.915625 0.89921875 0.915625 0.93671875 0.9015625 0.93671875