67 0.5926015625526588 0.6536609118405855 0.5951301951117784 0.6998000240937654 0.48917803710025964 0.7056050720591427 0.4866499363846515 0.6594664679612972
75 0.5194108436420493 0.6583185255122811 0.5197300056875065 0.6321282244778059 0.5945291198280529 0.6330394398866338 0.5942101525923817 0.6592295487900793
28 0.4020161125000641 0.6759283468750523 0.40235989877726297 0.6691202081053186 0.4982706514666688 0.6739622298594837 0.4979269355353608 0.6807703015132122
28 0.37838030972716297 0.6779348813613144 0.37873786739237403 0.6706864771084541 0.49287053810803627 0.6763151216063166 0.4925130698195517 0.683563440462259
28 0.5014614013684877 0.6842629406947216 0.5024887488201557 0.6897873823576094 0.4078857473695052 0.707377205043467 0.4068584640624522 0.7018528203125435
75 0.5504819314442102 0.6306734026078535 0.5508573132691481 0.6154519969341788 0.595296658580196 0.6165477526494677 0.594921342590851 0.6317690938951422
76 0.6082291037193954 0.5108396609913901 0.6080466830833302 0.5256417096619096 0.5478302157843018 0.5248994790134011 0.5480127058133348 0.5100975005162978
76 0.5589891601040335 0.5078536134220711 0.5593938951398059 0.49759527957175986 0.603665182525674 0.4993417880120654 0.6032604836706241 0.5096000868661407
76 0.5409463083582295 0.4985584282364949 0.539412581458123 0.476786513345418 0.607635879157101 0.4719807530233443 0.6091697074526792 0.49375255726244466
76 0.5637882629449678 0.4746241023816214 0.5615615975044648 0.4593846088913998 0.5962505586740008 0.45431644939487026 0.5984772552794766 0.4695559053697938
76 0.5929431359372757 0.447042467135523 0.5929431682309314 0.4569347480330768 0.5569713842962756 0.45693480497608624 0.5569713764979269 0.4470425485185306
76 0.5969147392376044 0.4358868784517871 0.5973920282949621 0.44653299041282946 0.5530094742507572 0.4485225775585195 0.552532218409965 0.43787649775090326
28 0.5472866956799862 0.4838810006308567 0.5472024692264768 0.4898368446132001 0.40262358731638415 0.48779168405051854 0.4027078765625447 0.48183590468748366
67 0.5713838326532823 0.302557123675399 0.5851891979511947 0.33521906166777826 0.5514644542614633 0.34947312167836003 0.5376591591179931 0.31681124321948645
67 0.6134129674214819 0.30847163780076625 0.6476040749470258 0.33543575571907797 0.6270724754688217 0.36146935370781674 0.5928814088306353 0.33450528153259257
75 0.6496678316310636 0.36619908692551495 0.6495586136767315 0.37173659973223716 0.6281625986754307 0.37131459988201265 0.6282718231502713 0.3657770937153332
75 0.6718746970863094 0.39220013484434474 0.6731899133797015 0.40286832297035857 0.6331296921650846 0.4078068020790559 0.6318145047315511 0.3971386401706983
75 0.6350202259286561 0.36530538844383975 0.6333499333986765 0.35611156704402064 0.6528398835224607 0.35257085131309485 0.6545101837167522 0.36176466278970953
75 0.6727886753038774 0.4118271327016232 0.6735962593477325 0.4216530078502695 0.6475134106652831 0.4237966026279824 0.6467058441651261 0.41397074386679544
75 0.6486750337504645 0.6094533779543494 0.649305130096991 0.6000841418712669 0.6749678751046986 0.6018097898404013 0.6743378023298874 0.6111790037156795
67 0.6627339301600159 0.6685688895750005 0.642671003688406 0.7056612068718395 0.6009946638907877 0.6831217420537955 0.6210576058978177 0.6460296032998127
75 0.5968767320331381 0.7482313865160573 0.5973490096750993 0.740092151669138 0.6210859726346598 0.7414692277586274 0.6206137181125086 0.7496084406741477
75 0.6463168246385749 0.6946277483690196 0.6454001091319697 0.7033023401843869 0.6227594338275821 0.7009100282003827 0.6236761677575942 0.6922354573341608