43 0.301742159375 0.68172554375 0.4961672484375 0.68172554375 0.4961672484375 0.72486413125 0.301742159375 0.72486413125
6 0.46672036312247656 0.687563895818883 0.4866730481647892 0.6955498489005347 0.47425983079756406 0.7265592177080183 0.4543071616541283 0.7185732933849653
6 0.475261254402767 0.6701766588036829 0.47526134017448385 0.6379075823809832 0.5170731541958276 0.6379076603429195 0.5170732027225995 0.6701766029076401
39 0.2605368250574429 0.3207301427062351 0.2489982954888319 0.27892636879658705 0.41332975243892633 0.23356886600277127 0.4248684665694782 0.27537233322506344
38 0.2902379253405343 0.3347862937509914 0.2857243554054776 0.29097728341463497 0.47004942692308305 0.27198642177808846 0.4745633302134138 0.3157950625433391
6 0.4305459094808839 0.2818215482737035 0.44285512192379883 0.27162342472728807 0.46791788159362113 0.3018736051073173 0.45560868553263845 0.312071710786253
27 0.30602831569990485 0.3787615609802997 0.3017616578601974 0.33382647679253336 0.44869470849823756 0.31987514670092493 0.45296168008246696 0.3648098692445547
6 0.43985858079588525 0.31692226194165996 0.49758060636725077 0.30959753331399875 0.5041258389182985 0.3611750700786018 0.4464038170975755 0.3684997789625737
41 0.6672179522761326 0.24957623789724911 0.6761721400863507 0.30568414573397307 0.4979989700458418 0.334116809873887 0.48904528348191434 0.2780093408158046
6 0.5434726723293579 0.29960998625365465 0.5358024927004408 0.32478695760380716 0.48666984927410795 0.3098190060496456 0.49434006268302255 0.2846420941573963
6 0.5684388658671651 0.6173899274058163 0.6043656608438823 0.6307893879501384 0.5919198507250485 0.6641550614363976 0.5559930794150887 0.6507556473158063
57 0.6199131236426183 0.7017827419694722 0.6240030828901126 0.7730801146185124 0.5129428721115801 0.7794487543184583 0.5088538538823286 0.7081522714603875
55 0.5211845438880118 0.7154576970866751 0.5233458931297719 0.6605806848094077 0.7083825988521539 0.6678663286770883 0.7062223635944065 0.722742256420558
6 0.5488181036064361 0.66547061441953 0.5671052643494932 0.678999497702269 0.5417421057888987 0.7132781943421215 0.5234549970755324 0.6997493716064279
40 0.5920101619655043 0.22393139123429676 0.5865924873496624 0.2768398328302549 0.4240478364051796 0.2601953101776023 0.42946579251758976 0.20728717305067926
27 0.88984375 0.0703125 0.91015625 0.0703125 0.91015625 0.0828125 0.88984375 0.0828125