67 0.3791392254341872 0.7258983502119754 0.3832845238931668 0.6893046088236529 0.46647665603313726 0.6987268902051841 0.4623317217459544 0.7353202983990812
67 0.4472503081223067 0.6573279751190093 0.4708509637878251 0.6841424587603291 0.41826253902809185 0.7304209874665136 0.3946620923057935 0.703606702302551
25 0.3449420100625957 0.7274814591338095 0.3445748539845681 0.7230358352929526 0.39109446621057486 0.7191943914652991 0.39146164302019315 0.7236399923383237
28 0.28084003593744455 0.7240476921874993 0.28053136767323394 0.7163417656550339 0.3774637377655381 0.7124590682424244 0.37777248439510913 0.7201649138549787
28 0.28361111038759645 0.7322978049956036 0.28330286392349535 0.7272028678134612 0.3522629522213947 0.7230311394869048 0.3525712351409993 0.7281260378310241
78 0.4852906076974932 0.6228476667442879 0.4813482466214509 0.6569595532122158 0.3984348100528905 0.6473778082641567 0.4023774095023782 0.6132661954485985
78 0.5043841241270002 0.570262311190047 0.502660286490368 0.6009459525077447 0.4155586329993639 0.5960525095701693 0.417282693991865 0.5653691043040819
78 0.38430776230529773 0.6171995951811279 0.38762053159018706 0.582108285039608 0.49380235776220616 0.5921308456666567 0.4904899615823979 0.6272218109727067
25 0.3422840349137459 0.6260610536617109 0.3451442319982334 0.609229370919082 0.45211327997958506 0.6274038759663163 0.44925327924602243 0.644235385275354
25 0.34832196845081853 0.5823926017549963 0.3494974702332456 0.5668296085314429 0.4694981739658033 0.5758919027290266 0.46832284834795246 0.5914547324541494
9 0.2571905817563902 0.602836851470411 0.2580797622845239 0.5852563585822999 0.3893982122687021 0.5918966814340648 0.38850925177337103 0.6094769652799679
28 0.34389851430967155 0.6241137898108613 0.34394448531190847 0.6275212142307789 0.2971410696561634 0.6281524966251023 0.29709511406326783 0.6247450875000323
28 0.34456712013900415 0.5786755769522642 0.34469988566479515 0.5818629664471677 0.27650063924170354 0.5847032387987955 0.27636789375026183 0.5815158687499793
78 0.48997278761294183 0.41953980956965714 0.48910115021567435 0.4564850768131996 0.383177035933727 0.4539856997249755 0.38404892748349084 0.41704069366275087
78 0.345086752348152 0.42976416324082034 0.3415273258262914 0.39289018253260316 0.47003258001984705 0.3804858463046457 0.47359226843548186 0.4173595354324077
25 0.3185668815505096 0.43956159050962956 0.31946021082069365 0.4211111892476237 0.4622129774136283 0.4280218772181724 0.4613198300270369 0.446472107413827
9 0.22303623584218712 0.4259969603313751 0.22151499307017275 0.4084768368186805 0.35115601050745227 0.39722035210867873 0.352677382602792 0.4147403355896018
28 0.31866146056540856 0.43455349655958625 0.31858500283135527 0.4395777532992977 0.24334515816156 0.43843269678821 0.2434216406248879 0.4334084656250373
67 0.36293781457811747 0.36487282691368494 0.36738771010936944 0.31301658742772975 0.4388099712367648 0.31914521493376985 0.4343602824478694 0.37100126447741705
67 0.4206598922504554 0.2806175727415741 0.44327832533679157 0.3005868312120178 0.4255886370145845 0.3206227048724821 0.4029702268778692 0.30065347074507365
78 0.4866260553229722 0.4336680493696085 0.48183171401456093 0.3920163481898637 0.5815848513237825 0.38053458479798813 0.5863794171923473 0.422186027790458
78 0.5940566139242947 0.411056080499282 0.5991422440124552 0.44876929510436164 0.4927402094944 0.4631162406497652 0.4876548777008338 0.42540329441430597
25 0.5326902986862478 0.4278319478007901 0.5266911766411795 0.40359119610392546 0.6376035384820398 0.37614366242531594 0.6436027718539208 0.40038423984943056
25 0.5265995091854165 0.44691034441787647 0.525061103476105 0.4331462740948873 0.6383590579633847 0.42048340162835646 0.6398975537504157 0.43424736693671084
76 0.501423690654974 0.62440249090947 0.5064141802901077 0.611009641215521 0.5362045020139021 0.6221088982661062 0.5312140600989324 0.6355017074860752
28 0.5621795578123283 0.6056027468750176 0.5632081096138108 0.5964030381447895 0.6861804395543913 0.6101494991512628 0.6851520029684934 0.6193491024737006
28 0.5369983284778073 0.6298698943613097 0.5376716727030271 0.6208370630995782 0.6833981396234776 0.6316979389000402 0.6827249306893464 0.6407306426430303