67 0.4976892087742044 0.3170798623492947 0.502063323679522 0.28669787987460615 0.5511518688130082 0.2937649883880393 0.54677783229738 0.3241468998619112
67 0.47734439403348006 0.3530180427535495 0.4736473951671769 0.3237095913107121 0.5433129610804599 0.3149221281851241 0.5470100488439584 0.34423047486688424
76 0.5177413010691225 0.372929351280462 0.5177413511821669 0.39045324644669094 0.4526594378179425 0.39045325330341946 0.4526594540490123 0.3729294237698319
76 0.5119743365501108 0.394366339916172 0.5080091093169585 0.4211909180442758 0.42823017865930524 0.40939825161875526 0.432195514687578 0.3825738047417592
25 0.594729900815878 0.36773577359242177 0.5951619093981435 0.37899655764489926 0.47211530607683017 0.3837164944182197 0.4716833796874198 0.3724557906249758
28 0.5918793499994308 0.37433107812499594 0.5921132864557421 0.3709244332609805 0.6345134411189974 0.3738359245859259 0.6342795134340804 0.37724256110593507
28 0.6101100199978191 0.3971487730686366 0.610147744198116 0.40184844626565147 0.5269189502029121 0.40251623091881805 0.5268812500000877 0.39781658125003266
28 0.6094046838887834 0.4081607950195859 0.6095513828709045 0.41067557068043314 0.5580623982397128 0.4136789393830202 0.5579157078121852 0.411164171874957
78 0.4336890888466769 0.615959901841123 0.42850397779614013 0.580342409601447 0.5080038089387244 0.56877006390903 0.5131891323945865 0.6043872988300432
25 0.4658518447611186 0.6039222438931521 0.46644025759781016 0.5802975732855086 0.5769753051241651 0.5830501601720408 0.5763871343277742 0.6066745883904759
76 0.5232218999574343 0.6098196008920277 0.523459319836661 0.6358903247579563 0.4500625595693464 0.6365582539584462 0.4498253229811553 0.6104877103334461
28 0.6340911027481297 0.6077061513212706 0.6346000286920344 0.6148463815774352 0.5139830053393553 0.6234415737098988 0.5134741653154151 0.6163014231012859
67 0.5205332873057387 0.6320667273118273 0.5229126674985309 0.6697793858497669 0.47911442748909394 0.6725421533460758 0.4767352209348701 0.6348296581879952
67 0.5393680859708638 0.7144113052732614 0.49965977604074396 0.7022990693079026 0.5125651127181072 0.6599973985225027 0.5522730781249265 0.6721095781249932
75 0.5509999561279528 0.6581315618939432 0.5524042160895988 0.6662929306583275 0.5235523159359445 0.6712565191368915 0.522148083276079 0.663095174574179
67 0.43811652347972085 0.6643505267229805 0.4679014205329395 0.6567204232195899 0.4762146969438845 0.6891677134856732 0.44642980975049795 0.6967977906270733
67 0.37839395296055045 0.6234368816927901 0.3945611708271599 0.5970782993646595 0.450866507667115 0.631609497277597 0.43469948157417093 0.6579679120433048
67 0.43528916665729867 0.332016427043248 0.45334319056246386 0.3553934319335457 0.39752149809805815 0.398502587857789 0.37946757500003514 0.3751256750000189
67 0.45421044938484556 0.3346297669851991 0.4315007489121854 0.3173495164652206 0.46015037911081436 0.2796993580604949 0.48286001198334816 0.29697956993700464