75 0.36606559292852126 0.5218372820123952 0.33914769739601525 0.5240470591538632 0.3356139286840971 0.4810032808411845 0.36253164619324707 0.47879351107865303
75 0.5790713426081311 0.5031072944362152 0.5973890392089061 0.5038933418047322 0.5953825806094528 0.5506470784936005 0.5770648842014907 0.5498610340800194
75 0.6125352906249191 0.5328935640624655 0.6025302280760343 0.5210867456005734 0.6174664734411408 0.508430871152391 0.6274715244912841 0.5202376713624489
67 0.7065507689483184 0.5159541357795047 0.7276303440755783 0.5383420270017424 0.6876667132183911 0.5759667217389245 0.6665872423373003 0.5535789323079594
67 0.6634943126556436 0.5512701772808531 0.6899380051044091 0.596091656221008 0.6297887718750417 0.6315742562500183 0.6033454035223258 0.586753058726802
76 0.623151958114363 0.6296059018412563 0.5972188661131668 0.6320543346799844 0.5922884640624488 0.5798372421875009 0.6182213067198745 0.5773888212096353
76 0.35907681549565496 0.5796944809169975 0.3806907706826905 0.5818808895163293 0.3764747702468867 0.6235540570841427 0.35486081631722755 0.6213676568605371
28 0.36580036590282816 0.645811422852913 0.372187021600098 0.6462272568371749 0.3650676364708261 0.7555559104012471 0.3586809812500178 0.7551400812500033
28 0.3359386872873529 0.6287302259907664 0.34595723930465283 0.6306279606485381 0.32999589269832086 0.7148800695447245 0.319977345312509 0.7129823515625071
28 0.3084233853257956 0.6682934893941056 0.3114380505169265 0.6691204096693011 0.3006376950431786 0.7084891667401125 0.29762303125005474 0.7076622500000131
78 0.36441939604549134 0.5699105946530552 0.34825550210985057 0.6309553547722687 0.3032376154403664 0.6190362428244165 0.3194016720592572 0.5579917381518288
25 0.31338461163113607 0.5872330211255771 0.350361681081381 0.5890971938589367 0.346340769289327 0.6688453355632666 0.30936370084805276 0.666981176997969
78 0.25343859951851755 0.5473518859549159 0.2823557399285619 0.5177749521675499 0.33732854335153206 0.5715164667210842 0.30841159773456184 0.6010932068680728
25 0.2796095082089778 0.5312332819027545 0.3165755282390137 0.5380389934394368 0.2999641072827899 0.6282569222667534 0.2629981021698313 0.6214512657693684
28 0.2931143032618593 0.5892899372065767 0.30295481562984605 0.5924792531932055 0.2775363804811377 0.670897581347938 0.2676958796874942 0.6677082906249984
28 0.2627226455508662 0.6244026600280679 0.2671973230868616 0.6255514613267 0.2586323823491057 0.658908499001678 0.2541577062499982 0.6577597015625034