43 0.33322039496067646 0.517770034375 0.2904210439808139 0.517770034375 0.29042159656637523 0.3498257828124999 0.33321997529048986 0.3498257828124999
6 0.3366729840060998 0.46139309247182053 0.383740699398345 0.469422310074857 0.3716875362637211 0.540073325862629 0.3246198314445792 0.53204415219024
6 0.37322808356225323 0.49080067041095526 0.4056230020895555 0.49343217535546247 0.4007512054010931 0.5534011593070034 0.36835628845619794 0.550769666954488
39 0.6810867715627182 0.3408313314210294 0.7182913398976325 0.3340631316065479 0.7461379140471536 0.48712732518276136 0.7089333638235757 0.4938954573154526
38 0.7092392614334813 0.5337979093749999 0.6688178314738025 0.5337979093749999 0.6688182316415805 0.3630662015625 0.7092386918859575 0.3630662015625
40 0.7791611054075247 0.6353644354498866 0.7264134784088583 0.6533292881904127 0.6856934637094128 0.5337799805381247 0.7384400004813187 0.5158153297948633
41 0.7281636669794125 0.6896359059479038 0.6785885494696231 0.6978698237833261 0.652558963079855 0.5411643185306106 0.7021326126388203 0.532930526261773
6 0.6974719721877136 0.5308513593127516 0.7217000351095066 0.5789281718426067 0.6683036887958451 0.6058340348199941 0.6440759159856952 0.5577574699517621
57 0.21291393893955046 0.5096807578655376 0.28219658631746825 0.5010224818809544 0.2952845831415516 0.6057418188034485 0.22600194913445648 0.6144000167511193
55 0.2919206960087877 0.5172589595621152 0.34483969671032355 0.5239148524687745 0.32416995272478744 0.6882367864192623 0.2712509701024146 0.681580993806739
6 0.3305909416238819 0.5898209065403607 0.27600218346901784 0.5683316674783665 0.29770253171989225 0.5132126095499122 0.3522908073492772 0.5347017424131763
6 0.39808161192559055 0.5592503660098521 0.3787038678489125 0.6107659191039508 0.3230938003794108 0.589849892226255 0.3424716580899485 0.5383346080679431
27 0.92421875 0.890625 0.93671875 0.890625 0.93671875 0.9140625 0.92421875 0.9140625