43 0.31671406129623847 0.4919795958546584 0.2681899767377445 0.4815908397959448 0.3096698540380203 0.2878590528648795 0.35819282050135826 0.29824768395070994
0 0.30539749449519604 0.4070741605133725 0.260169240805908 0.40138517174363647 0.2841589076734863 0.2106744531766091 0.3293863078506547 0.21636338575137937
55 0.32324332098176 0.6729661137535381 0.2664801176073297 0.6691501971049835 0.2781382049622607 0.4957643519735728 0.33489970310870376 0.4995802121032305
57 0.2096263830206908 0.5950932971747009 0.24971747099891672 0.5188897230855747 0.3176001278403646 0.5545998628612688 0.27750964271501743 0.6308029188499437
38 0.6453970528157242 0.3281439141183226 0.6953060845548862 0.31728769686129543 0.7303482309278024 0.4783788318184847 0.6804392354803213 0.48923493770770765
39 0.6660417407501882 0.22669423011938383 0.7126492707120633 0.22101490686709918 0.7322724368508489 0.3820489390477578 0.6856649142415563 0.3877282192916918
41 0.7278763222811904 0.6808689296734595 0.6703677589134713 0.6830368941878193 0.6633968503232381 0.49811851150924746 0.7209035776994597 0.4959505807221472
40 0.7276586200466681 0.5396297480622192 0.7877719180128224 0.54444587316585 0.7798503475813732 0.6433101645847104 0.7197370545616195 0.6384940824787574
6 0.322043698030825 0.5931110655028624 0.2639829517584076 0.5806875260706642 0.2827359777649008 0.4930563823032433 0.3407959169428523 0.5054798340412839
6 0.6152500801460974 0.5325585557095845 0.6701134759327942 0.5289932751515092 0.6755327363794095 0.612378280445209 0.6206693431715848 0.6159435352791294
6 0.6540132205054761 0.5085093252189147 0.714117078444815 0.4914212061118368 0.73399067333105 0.5613166393445036 0.6738868562921425 0.5784046578027606
6 0.6962869974324803 0.49204811646020463 0.6546448120831201 0.4738333538189689 0.6920628672343128 0.38829518300322496 0.7337045849170636 0.40650982623971277
6 0.4986413848009761 0.5804878046874999 0.46942922380731034 0.5804878046874999 0.46942944181239454 0.4940766546875 0.4986411778420461 0.4940766546875
27 0.93984375 0.9109375 0.96328125 0.9109375 0.96328125 0.9390625 0.93984375 0.9390625