0 0.3299060720552234 0.4303455096187687 0.28546681519696904 0.4267419301365975 0.2977000893130253 0.2758928408471164 0.34213862930596406 0.27949639119394487
43 0.3362208760485146 0.5227401294216012 0.2916485008707923 0.5135284011249516 0.3279694940678155 0.33779784252693645 0.3725408400158585 0.34700946002871075
57 0.30823834280761275 0.6312090718223965 0.243594390882663 0.6329563003988248 0.2404446567991272 0.5164087483666444 0.3050872834455731 0.5146615377868063
55 0.3608785128533327 0.5367730339891382 0.33849399368807553 0.7066684817692465 0.2843444951437277 0.6995343077258621 0.30672974643846374 0.5296397231067625
6 0.36198537717348245 0.545406796749 0.4197148340417698 0.5632798532989709 0.3983878412431068 0.6321582305642213 0.3406584356790745 0.6142852893891382
40 0.7479433494298746 0.6523341659344678 0.677616216390561 0.6399586391225076 0.6982500616962852 0.5227187000902931 0.7685757137167002 0.5350940926110269
39 0.6662960926031474 0.27449941090499846 0.7076905552827384 0.2711427022538215 0.7202100494199613 0.425526171621014 0.6788155902817152 0.42888285252624136
38 0.6421422113138533 0.3414164263918392 0.6870158843200898 0.3357822162461103 0.7095896065458192 0.5155616181676078 0.6647159466532457 0.5211957617722056
41 0.6930015019012217 0.7012421540360064 0.6413097552249383 0.7014728733975188 0.6405514276972326 0.5313881339515762 0.6922415346751905 0.5311574182331235
6 0.6559648825501654 0.6212427067963675 0.6002233644376247 0.637062078969311 0.5805704773090383 0.5678190457358854 0.6363113109778169 0.5519997765934515
27 0.93203125 0.91640625 0.93984375 0.91640625 0.93984375 0.93359375 0.93203125 0.93359375