43 0.3307148781464093 0.47862839645535615 0.28488597214504807 0.4776399600858433 0.28901037039133826 0.28645130038159317 0.3348382390945517 0.2874397254417077
6 0.3314607982133566 0.47892441874999997 0.2861655673983705 0.47892441874999997 0.28616582273275526 0.39316860468750003 0.33146052388997305 0.39316860468750003
0 0.28819046247326696 0.4383494459849606 0.2407213225230862 0.43449146268146716 0.2547924726122801 0.2613724499026057 0.30226070227604396 0.265230395048079
57 0.2588950698647068 0.44484884999719354 0.320259593980154 0.4756062868046396 0.2660506456816165 0.5837504826446539 0.20468631116227698 0.552993336040509
55 0.3023735621513879 0.48458034762348423 0.3579055070609911 0.4948985890587033 0.3265037311891774 0.6638845674657511 0.27097182828140376 0.6535664797395644
6 0.3350224212763351 0.5668887053673126 0.27810721629919044 0.5373560147634281 0.30782496143228855 0.48008954561487066 0.3647396842142143 0.5096220846425836
6 0.3298215227267747 0.5647675933058198 0.35687915059565967 0.5050940383772627 0.41323395369522586 0.5306446229088042 0.3861766850211552 0.5903178739138522
6 0.43391084803965896 0.5511053050956274 0.4272389565634285 0.6091237523555096 0.3897963440632566 0.6048182706405447 0.39646840159912244 0.5468000138948634
39 0.7427400652786673 0.2628935420736144 0.7877594997867163 0.2602624833600432 0.7975567894171718 0.42789615489026445 0.7525373570010743 0.4305271902507609
38 0.7136615093164664 0.27644591682204084 0.7588720932907336 0.2771926624453417 0.7556038354629209 0.4750566736969783 0.7103932515607312 0.474309936623482
40 0.812289352205994 0.5623744222537691 0.7560369162285951 0.5746683837312967 0.7282699780793109 0.44762539589096445 0.7845213186130877 0.4353315590468796
6 0.5714839016985707 0.6698498956388649 0.5549396407633367 0.6717790640645833 0.5498402599305336 0.6280525322974364 0.5663843789415068 0.6261233722072713
27 0.93671875 0.9265625 0.95078125 0.9265625 0.95078125 0.9546875 0.93671875 0.9546875