43 0.4526108398051747 0.32773953356230934 0.4553632440685078 0.28909032155887787 0.6335157152392412 0.3017765883785438 0.6307636648482458 0.34042546163025716
6 0.4534883734375 0.2924328140625 0.538517440625 0.2924328140625 0.538517440625 0.3309759546875 0.4534883734375 0.3309759546875
6 0.4392759062067171 0.37883085190579596 0.43323517903002084 0.33330988285888774 0.5069114323428039 0.3235332086603486 0.5129523114430867 0.36905399544424616
6 0.35608686888542707 0.38250061371189653 0.37211853074393275 0.33072652341179204 0.43288455869617337 0.3495417749469714 0.4168531125858408 0.40131568115119
57 0.451908878891345 0.2574821829579849 0.4471665467837056 0.3008017772370826 0.3274323154871581 0.28769400538405354 0.3321748364896848 0.24437462907983587
55 0.4557565638027654 0.30136130334917516 0.4483765350169051 0.3518118684220376 0.28006024411979524 0.3271901007890976 0.2874406077319236 0.2767399543042145
6 0.41785103841766613 0.3640311982886104 0.37080174693619483 0.3313968997118733 0.40975731880860167 0.2752361670237595 0.4568063850164208 0.30787035582152245
38 0.44985439476965894 0.6923621747167005 0.44985476312990613 0.6492219804452118 0.630813674772071 0.6492223965265603 0.6308141025693885 0.692361788671364
6 0.45020653167534874 0.6948160214094006 0.44754401331147164 0.651042138406838 0.533338715707032 0.6458242978071617 0.5360015926542019 0.6895977944356481
40 0.31261680400734804 0.7512032545950492 0.3036028705347462 0.7058187023990365 0.44688172412247695 0.6773653163096592 0.45589619509564727 0.722749151399162
41 0.27903400481773133 0.7096021460494844 0.27041161139072756 0.6567674119088244 0.44141876688718185 0.6288624121724022 0.45004190856786863 0.6816962214841674
6 0.3641603609995627 0.6497536769214716 0.4078186896075522 0.6148640512255837 0.4544251619943225 0.6731765559800119 0.41076706890157766 0.7080659194375601
6 0.41701226063162267 0.5850363688391249 0.4241644008830008 0.6364770745635808 0.35056745022461655 0.6467081869545526 0.3434157091396628 0.5952678437507885
6 0.5044202110982496 0.6029354644338452 0.5069410727413697 0.6495540926867674 0.43215153943833684 0.6535972769116728 0.4296310284428273 0.6069789799497208
27 0.0609375 0.9359375 0.078125 0.9359375 0.078125 0.9421875 0.0609375 0.9421875