0 0.3169623965977735 0.42943386259073946 0.2690843350889054 0.4243697982618325 0.28400322209915885 0.2833298500955477 0.33188055780749437 0.288393875871209
43 0.32307316698620525 0.5436535950542799 0.28294011252114615 0.5377216369314506 0.3084307646834077 0.3652787343715334 0.34856283079886907 0.3712106165349269
6 0.3248471227841492 0.5433598683667157 0.2863561243747199 0.5404788205365466 0.2923719740092565 0.4601160375823423 0.33086249118991873 0.4629970671030834
6 0.38510409964226255 0.4933918254451847 0.369396359740108 0.5698148980281594 0.31544834162343705 0.5587272840318667 0.3311563284764816 0.48230454853064625
27 0.5059987478881567 0.5589222209884486 0.48086047240451535 0.5587800074261867 0.4816133058251353 0.4257740759351783 0.5067510793890051 0.42591628807676224
6 0.573816926633981 0.5295347765367351 0.6075656524143369 0.524843533397258 0.6176476473888215 0.5973664504580082 0.5838989277967812 0.6020576640336196
6 0.6395019540194653 0.584383737789941 0.6107156108207619 0.5857842428608656 0.607586099267337 0.5214627151362561 0.6363721291528464 0.5200622177272235
6 0.6320653618389542 0.497358639893942 0.6742438939176054 0.4944271129574943 0.6795030388635723 0.5700888382873149 0.6373245087465875 0.5730203470773785
39 0.6517702048787442 0.31947080970705233 0.6973894053006688 0.30474291285839 0.7393363040109762 0.43466697899114376 0.6937171564022719 0.44939475974003074
38 0.6469584335651462 0.37957181883766544 0.6862376659279334 0.37210677973670536 0.7174731108533479 0.5364504997060628 0.6781939036465019 0.5439154512173566
6 0.6671664084225313 0.4651062782710564 0.7047991552503845 0.4605289459939088 0.7144165855995652 0.5395932649381635 0.6767838438233866 0.5441705692965263
40 0.768456973238699 0.6761662220549005 0.7193598945176518 0.6817396738492275 0.7037523020047729 0.544261784412686 0.7528481690999342 0.5386884006042795
41 0.742978767025761 0.7127259073390557 0.6963578331434519 0.7247336559991698 0.6568099303917734 0.571203473182684 0.7034295181937296 0.5591959041876088
6 0.6818336247018806 0.6456009953908725 0.6467188789275724 0.6183937209976643 0.6935125429690743 0.5580069896996828 0.7286269686331934 0.5852140759799811
27 0.7033037216684761 0.7529308277009298 0.6637517131748609 0.764519591526679 0.6337161903927608 0.6620246728802579 0.6732673265624953 0.6504360468750057
6 0.6197377310816137 0.6173440332715652 0.6665222487330311 0.601086373949612 0.6885910169223735 0.6645858409636428 0.6418065514186537 0.6808433937498769
27 0.5131215778296792 0.7025833865405199 0.5335824479072926 0.7011613979516286 0.540240549558348 0.7969483854055756 0.5197796811334001 0.7983703584170389
6 0.36978746232159665 0.6767624030607613 0.31150495289512037 0.6463331378060013 0.3393544816915437 0.5929989568618727 0.3976364367053975 0.6234280465100273
55 0.29382483161339223 0.5580077176055733 0.346638249535431 0.5717855456276937 0.30546884798638985 0.7295778176829569 0.2526555124702554 0.7158002089795327
6 0.3563963188339585 0.6052192687871504 0.3178925031249946 0.6504360468749939 0.26177528949449425 0.602655003283281 0.3002789136237425 0.5574385253826252
57 0.25513369696000154 0.5402786147267219 0.3078600178361057 0.5633652228049614 0.25217218739737746 0.6905333530962857 0.19944604322472514 0.6674470449764281
6 0.28403851222435605 0.5966251897598014 0.2907462057549992 0.5974410246178026 0.28730756981826744 0.625709880697773 0.28059987667734276 0.6248940480027511
27 0.928125 0.92578125 0.940625 0.92578125 0.940625 0.93984375 0.928125 0.93984375