0 0.6361071853298199 0.3068453029301234 0.6376779635437515 0.34168908479109494 0.515217018601902 0.34720899037842307 0.5136464616170997 0.31236541789294425
43 0.4433804755649362 0.3619369219450816 0.44860891011990134 0.32288425071998333 0.6011231575566853 0.3433019225378153 0.5958950808945929 0.3823542698906593
6 0.4445567339583931 0.3641970932825565 0.44691613619932014 0.3254254654207145 0.5257657303919814 0.33022354249043245 0.5234064989897433 0.36899500675324776
6 0.4157765200037602 0.40236331102993034 0.4183003849547049 0.36088940000948166 0.49055672457825494 0.365286272668328 0.48803304500052036 0.40676000682467234
6 0.399224727577689 0.453301864293418 0.39922485547788256 0.42169802300108117 0.4767441567991 0.4216982398584703 0.4767441920264446 0.4533019170079073
6 0.3924418609375 0.5778301890625 0.47577519375 0.5778301890625 0.47577519375 0.61226415 0.3924418609375 0.61226415
6 0.4136490048720134 0.678472117824247 0.4165057010621922 0.631534881860608 0.5002819772553266 0.6366328747210735 0.4974256969578619 0.6835697164559659
38 0.5949217538963012 0.6722176073320848 0.5969684229909262 0.7142413354354238 0.43721038763465003 0.7220190325291415 0.43516446253079266 0.6799960129032889
6 0.5190084481414488 0.677527695653083 0.5195237499657424 0.7198330827421954 0.4363174647409096 0.7208458447387731 0.43580254270966634 0.6785408319891327
39 0.6087847596492111 0.6938851945305815 0.6157368440997288 0.7322106211879779 0.48682324650860664 0.7555898872860386 0.47987178760331517 0.7172650082079486
40 0.3108748414350657 0.7845883678626967 0.3068568168858974 0.7213075116956725 0.41626187608062537 0.7143617135849181 0.420280635711606 0.7776417785845456
41 0.2563492520589534 0.7342715875121104 0.2547690467152961 0.6804452600302122 0.41779264130946103 0.67565884561707 0.4193737608189849 0.7294842412497389
6 0.4115946416816314 0.6687373090307284 0.4241375260747873 0.7245552500113487 0.35992826825031443 0.7389811178274291 0.3473858369783329 0.6831635703231235
27 0.22509926596148944 0.7125329485576061 0.21366408640540158 0.6632063187045973 0.33185956417514717 0.6358090904919534 0.34329516378750213 0.6851350959629188
6 0.3832552960486737 0.6199245223428044 0.3972934654151459 0.6775927538054787 0.31937200481536365 0.6965581362381594 0.3053343724429851 0.6388903696549483
6 0.36631009156451455 0.4071196683354241 0.36487636057404416 0.4395176908779645 0.30273201589886867 0.4367675479535539 0.30416587031072595 0.4043696554424844
6 0.3970961832555986 0.36787808196013677 0.38441431132741855 0.4199801028284668 0.30969159324865814 0.4017928333469221 0.3223736216268662 0.34969104969018694
57 0.3236144899929059 0.3413897990735343 0.3052877485491763 0.282229798703094 0.3992737779134359 0.2531152355045871 0.4176006668434411 0.3122749773290209
55 0.4206208271001515 0.31972171071628425 0.41759161232437236 0.3704671212968052 0.2674819701450133 0.3615059942445762 0.2705115539608869 0.3107609821424281
6 0.34225670500995875 0.35805661767606467 0.36433925845369686 0.3026148657621165 0.42392227853883924 0.32634611347745734 0.40183994458902816 0.3817876790013347
27 0.075 0.915625 0.084375 0.915625 0.084375 0.9203125 0.075 0.9203125