0 0.30950683529783873 0.5123398291420715 0.26691110469676005 0.5012352816958985 0.30005948965401785 0.37409204375923416 0.34265448239636953 0.3851964884186141
43 0.33440127873268466 0.5741681407393155 0.2953595936127158 0.5686674465150081 0.31837534956707714 0.4053277162073864 0.3574160726103628 0.4108283409289512
6 0.3347917570102936 0.5747112979442155 0.29627189876589455 0.5706429982646046 0.30439699007081344 0.49372133541877833 0.342916357361446 0.4977896086082707
6 0.3782125743026654 0.5878814319468235 0.33399967538321107 0.5859287227207183 0.33701395483979013 0.5176917507579206 0.3812263439516528 0.5196444486805248
27 0.3784019486050738 0.43307402852489624 0.40203198834217346 0.4332015880268878 0.4014235230736176 0.5459103657580835 0.3777934833378822 0.5457828073204188
6 0.37817824500734787 0.5388047341949916 0.40867243023353694 0.5413590366672908 0.40349075421158886 0.6032137620878092 0.37299657070968806 0.6006594733950543
6 0.4325564470242398 0.5436046242271769 0.43255656197538883 0.6126453976994752 0.3997174657610003 0.612645308128821 0.3997175505631958 0.5436047346588105
57 0.23996939024323183 0.5796144769802296 0.30792809417005174 0.5840165452426952 0.30160135705193625 0.6816766176700046 0.23364265725308542 0.677274590895855
55 0.30037494578084534 0.5801863160229196 0.3496532953379301 0.5819419145364155 0.34427589952258586 0.7328627942433814 0.29499755116046344 0.7311072220946834
6 0.2936731323308095 0.6314616464627486 0.30183766434095105 0.5781993787630395 0.35137004595378585 0.5857913108484699 0.3432057893357978 0.6390533338305653
6 0.3284235303559626 0.6365375636635568 0.35436911940701066 0.5821387378257932 0.41012726812164146 0.608729603880581 0.3841820501767188 0.6631281145550207
27 0.4677182700776257 0.44892847078086234 0.4933716051607462 0.4479314061581344 0.49804526504749447 0.5681703420927507 0.4723919304659603 0.5691673973861097
27 0.5025924053436484 0.4451446275337921 0.5248210360438179 0.44576174092837473 0.5215150349642954 0.564836398842866 0.4992864045090073 0.5642192910390681
6 0.5231153990010853 0.56181848231173 0.5254625427328392 0.6171165447073508 0.471137091967762 0.6194219136682952 0.46879023011933896 0.5641241240246453
27 0.5863539158495996 0.5425784846575169 0.5662944005035797 0.5421251960107234 0.5685185554390273 0.44371390135313654 0.5885777749447243 0.4441671866610714
6 0.5960997857918073 0.5970493182996655 0.5663186018109627 0.600316409551458 0.559539984794128 0.538530582014202 0.5893208497574278 0.5352635084795593
6 0.5825832535305153 0.5253929733583063 0.6129496145981648 0.522114555337585 0.6201142344639266 0.5884707991566391 0.5897478762967694 0.591749198604119
6 0.6600590000766715 0.5636434032571868 0.6175464180149675 0.573970353511872 0.6033304519771718 0.5154523891588622 0.6458426311800167 0.5051254900091533
39 0.6589372600928982 0.3888275781735486 0.7004051160166682 0.3811717097980158 0.7205571605173873 0.49031879570493186 0.679089320412686 0.4979746067735109
38 0.6380070071004411 0.4013708850126547 0.6758510400158002 0.3975951596494558 0.6917626863690884 0.557067048210963 0.6539186603687313 0.5608427293687296
6 0.6473326987567134 0.48308371940582234 0.6849340417026042 0.4804739947068746 0.6902954911022334 0.5577164748242016 0.6526941498360657 0.56032618343869
40 0.6851007226080128 0.5631929037137827 0.7475594960455965 0.5666607567336636 0.7421239788470757 0.664547828523701 0.6796652077582621 0.6610800073682027
41 0.6958072859591766 0.7024878570610303 0.6518009363877582 0.7067636669548993 0.6383320466600253 0.5681538604660742 0.6823372376634325 0.5638781066329275
6 0.6095184556246522 0.655702127063897 0.5797547937210084 0.6203005804390347 0.6332902602182457 0.5752962041391175 0.6630537799699141 0.6106975200098053
27 0.9390625 0.9203125 0.946875 0.9203125 0.946875 0.9328125 0.9390625 0.9328125