43 0.3248377270430183 0.4620955165585006 0.28405682532843457 0.463743866379569 0.2761020728589756 0.26693524535635277 0.3168820502273775 0.2652869146858766
57 0.29753532946813266 0.6127757469287286 0.23900720208530402 0.6196612853204815 0.2266550264032503 0.5146716677517161 0.2851821043784639 0.5077861916340646
55 0.289889719326311 0.4971000174208766 0.34182692400884207 0.5030880679966501 0.31929552526798943 0.6984941172153843 0.267358338678946 0.6925061724367111
6 0.37418532407650673 0.6033173508960753 0.32302366250189607 0.5912274637063871 0.34075904482835995 0.5161839187168213 0.39192006521284384 0.5282737273034745
6 0.6559841911022204 0.5907572294191519 0.5967006426274111 0.6062361671041994 0.5770854139450421 0.5311168970235587 0.6363682153796617 0.5156380619026969
6 0.6605215162923059 0.38086678558680004 0.668338890534983 0.4692602104796983 0.6126662572316945 0.4741832661405686 0.6048492311520022 0.3857901662227631
39 0.7354290038684894 0.36840763535161003 0.6901329813683788 0.36670932899369435 0.6961075045702501 0.2073733242300952 0.741402882123225 0.2090716183338347
38 0.7082202373145492 0.463414634375 0.6616846801449583 0.463414634375 0.6616851714780978 0.2766550531249999 0.7082196930682585 0.2766550531249999
6 0.7078805445111129 0.463414634375 0.6616846304319779 0.463414634375 0.6616849211264935 0.37700348437500003 0.7078803168969898 0.37700348437500003
40 0.7695100413317277 0.6125826797137847 0.7128887549529281 0.628120246947225 0.6765180143376028 0.49559007345036526 0.7331380382802308 0.48005269081439966
41 0.7124427911294333 0.6923509345832517 0.6494623805863284 0.6969552630381715 0.6352479402103199 0.5025279857244306 0.6982261549940176 0.4979237371104466
6 0.6526481472465093 0.5822169196004054 0.6216327894079541 0.5318284582351821 0.6875664372880692 0.49124830003370473 0.7185817661895726 0.5416364402025504
27 0.93828125 0.89609375 0.94296875 0.89609375 0.94296875 0.91328125 0.93828125 0.91328125