43 0.36562022299688124 0.5274460375957846 0.32786270716292165 0.5246043847872682 0.34061519834040155 0.3551780218533523 0.37837182858447704 0.3580196405194139
6 0.36752730581008564 0.5268292671875001 0.3305026267331641 0.5268292671875001 0.3305028316390235 0.4494773515625 0.36752707893685965 0.4494773515625
55 0.3177889079064471 0.5231405609905364 0.36542421612500675 0.5298447315531494 0.3427812624325952 0.6907132753519514 0.29514597483989746 0.6840092050196872
6 0.3549592390625 0.5560975609375001 0.4008152171875 0.5560975609375001 0.4008152171875 0.631358884375 0.3549592390625 0.631358884375
6 0.4252398672392701 0.5585990939326542 0.3999268062207193 0.5594215803302601 0.3980034226913176 0.5002285565467942 0.42331624101097987 0.4994060741074029
6 0.5036843430996214 0.5660712206084619 0.4792756709639434 0.5671527227202807 0.4761021221416968 0.4955313882931425 0.5005105102529797 0.49444989250491717
27 0.5194404218013915 0.49824672619191973 0.5007368382819095 0.49985545062885023 0.49385927297907983 0.41989861099863635 0.5125626488232911 0.41828989551193574
6 0.5232331422240577 0.5643923164767793 0.4998831550584555 0.5651187345309624 0.49767129177280367 0.4940228721560932 0.5210210093140404 0.49329645832047897
38 0.6276627679056901 0.3359970420004475 0.6731295180672987 0.33503874337010364 0.6770277842763335 0.5199835414188315 0.631561034596416 0.5209418283261776
6 0.5960975100015276 0.5338000022803692 0.5913128142498181 0.46383668268375355 0.6343272424987845 0.4608952744686962 0.6391121505726005 0.530858361787577
40 0.6834033272505167 0.5361534760314524 0.7556080382671553 0.5307853073036151 0.76310220289065 0.6315758509137643 0.6908974981752181 0.6369439714123986
41 0.7000066838626253 0.6881913739797239 0.6465405923686376 0.6936925625728971 0.6294291449570437 0.527397766686105 0.6828935929294175 0.5218966633635478
6 0.6760832257797347 0.5181585312546874 0.7049853054431878 0.5714857585572342 0.6497961953124332 0.6013937281249738 0.6208944443534392 0.5480667828241241
6 0.5890308087266476 0.5473079413043167 0.6401191106573378 0.5453925910355895 0.6429294233741984 0.6203448077164339 0.5918411222180566 0.6222601452385567
6 0.395720109375 0.5811846703125 0.42629076093749996 0.5811846703125 0.42629076093749996 0.641811846875 0.395720109375 0.641811846875
6 0.42315920293390263 0.5947123056953229 0.44873892086684464 0.5958456583878362 0.44641266699557036 0.6483430644600133 0.4208329494379086 0.6472097173924715
27 0.93046875 0.88984375 0.94140625 0.88984375 0.94140625 0.91015625 0.93046875 0.91015625