43 0.27386731301749023 0.7184105476746061 0.27386784813143095 0.6735728718843189 0.4703831744852778 0.6735735050779479 0.47038357194412583 0.7184102540544468
6 0.3951219515625 0.630095109375 0.476655053125 0.630095109375 0.476655053125 0.6796875 0.3951219515625 0.6796875
57 0.5849126498262649 0.6909487047536361 0.587496300652333 0.7642361500047372 0.486877104834889 0.7677817181438695 0.48429430016051356 0.6944950873206663
55 0.4876385201970379 0.6910481318670914 0.4944052243253054 0.6432456929515666 0.6721257991285938 0.6683985808311914 0.6653600851645933 0.7162001241860012
6 0.5456189248385499 0.6956336369980605 0.5457693094426759 0.6897735969483371 0.5792316019877717 0.6906321531836119 0.5790812386030666 0.6964921725438746
6 0.5465261210474637 0.6520325431730621 0.5460337031006475 0.6542211020513624 0.5360929461180604 0.6519847519738958 0.536585365625001 0.6497961953124958
40 0.5198260433840005 0.304180839003781 0.5135255157916845 0.22662411025516874 0.6162660585206368 0.2182778499480345 0.6225668768879586 0.2958342532126144
41 0.6734517724174793 0.28530308728286485 0.6779252066662593 0.34036353326741436 0.49944312784782596 0.3548628768601905 0.49497020531146063 0.29980289658448617
38 0.29506276722531766 0.3186062899454955 0.2959706049982742 0.27020614339160165 0.4710509997975123 0.27348944204195647 0.47014355248677475 0.32188921341130244
27 0.28654665490512343 0.3625307502226583 0.2883837039404398 0.3210790571642996 0.42968534572605677 0.3273406882109472 0.4278486182222423 0.3687920699538919
6 0.49477344123499734 0.31827437684319426 0.49477357498449237 0.3729619963731187 0.4027873439875975 0.3729618828667213 0.4027874747774831 0.3182745296895065
27 0.8890625 0.06015625 0.90625 0.06015625 0.90625 0.07109375 0.8890625 0.07109375