0 0.4810038288217129 0.7100210406795333 0.479112326897166 0.7514177709237413 0.34171305361667237 0.7451394141608275 0.34360515485741416 0.7037433156685766
43 0.5398513835888252 0.6783887202412333 0.5382969818422225 0.7212221921104287 0.3648455099947796 0.7149269554818778 0.3664006681090086 0.672094282633349
6 0.540083717344146 0.6787406036559667 0.5378622887507163 0.7220335016482947 0.45810741774619146 0.7179413377133608 0.46032919351307555 0.674648811685338
57 0.5865271394549154 0.7907608637521725 0.5782818551177797 0.7193441014599382 0.6866462323399674 0.7068349353821461 0.6948922826887838 0.7782508131485906
55 0.7400029359325799 0.6793034653204297 0.7370817917759496 0.7302475817101961 0.5624356407627147 0.7202323434513344 0.5653576772667748 0.6692891541453064
6 0.6271839355772499 0.726513276793915 0.5616488105940789 0.7186056238308357 0.5679178044003947 0.6666618034503238 0.6334522085904837 0.6745694124089463
6 0.6522075893343526 0.6272656258383781 0.6487100242599126 0.6798835687819766 0.5733810701633502 0.6748765558740935 0.5768790004701714 0.6222590064813366
40 0.695153954319494 0.21066287459491306 0.689862102660868 0.28545518662727626 0.5755955800391348 0.2773701444067184 0.5808877253007267 0.20257815389924225
41 0.7504757812635034 0.2676186622942125 0.7537131459445163 0.32267786063629855 0.5664642835654377 0.3336862091009741 0.5632274134749196 0.27862746321410425
6 0.5757256591532496 0.33952416812281677 0.5617879855203682 0.28462444557111655 0.6392468579919068 0.2649600903564644 0.6531846631437475 0.3198596075528408
6 0.5983872450162835 0.39138662828389914 0.581356584099467 0.33494743830540563 0.6527595259112786 0.3134022229227295 0.6697903146874751 0.369841185550959
39 0.35637558906785216 0.3032398866652987 0.3509979194899415 0.2587270712684262 0.5240437832495672 0.23782108119405496 0.5294217301984645 0.2823335763205601
38 0.55470372513048 0.2853260074929115 0.5547039088651218 0.32812500648527754 0.3581881147626973 0.32812494718101193 0.3581883254737477 0.28532636189242433
6 0.5548036311771511 0.2848760454530692 0.5557453958731458 0.32737627022885424 0.4704341474573539 0.32926638578187045 0.46949255585298033 0.2867663313241431
27 0.9078125 0.059375 0.9234375 0.059375 0.9234375 0.065625 0.9078125 0.065625