0 0.5169334805082144 0.33527902990994235 0.525931805068808 0.29049997727848786 0.6735992609172854 0.3201724848542459 0.6646013249910538 0.3649511917372259
43 0.4415998890259516 0.37360002126905006 0.4416001013580626 0.32839993659499295 0.6359998061761871 0.3284002999736192 0.6360000637670282 0.37359989616884204
6 0.43860962136102444 0.36971219659032944 0.44365871209117813 0.3242730916743496 0.5219365838269141 0.3329708089042402 0.5168877035077912 0.3784097187670434
6 0.5002864800048883 0.37425144387168624 0.49390379367309833 0.4221205147657754 0.4224278177987344 0.41259036635364 0.4288106780338694 0.36472150119597896
57 0.38918515881300664 0.2353186401041861 0.3962566880738905 0.30760099458721746 0.28044753322649285 0.3189300908180185 0.27337638973301637 0.24664809195426612
55 0.42035839924096763 0.29390339860697956 0.42474495421834035 0.3465379431567891 0.24287435734822793 0.36169362523145326 0.23848831902819256 0.30905957775514886
6 0.35427478968540527 0.29801571425002166 0.42164827945316574 0.2932879007214304 0.4254466202268077 0.3474143336587646 0.3580731314109471 0.3521421345108822
6 0.32201261064710707 0.3865755914778569 0.34515519909416525 0.3282936816883673 0.4029790104660833 0.3512534635634493 0.3798366621202831 0.4095351698690566
6 0.41665800923806273 0.6407890228781177 0.41280332452834045 0.597105522986144 0.4839316869616823 0.5908297103092606 0.48778663528116795 0.634512916624939
38 0.42639978348722707 0.6780000271202016 0.4264001351112938 0.6367998651113596 0.6167999050429671 0.6368005223332278 0.6168003383349969 0.6779998808754184
39 0.6229315852859827 0.6433275006999032 0.6327204301425127 0.6883479075926383 0.48975460715280406 0.7194271297657282 0.4799665432042275 0.6744073974912528
41 0.2474541277517801 0.7085733768807461 0.24617740804194455 0.6574632499757533 0.42140721899227174 0.6530854403381151 0.4226848460328938 0.7041946404462971
6 0.42551068055195174 0.6992423225487577 0.36190816313308005 0.7197563727684407 0.3441972452816344 0.6648513435308445 0.4077990527349584 0.6443374171061459
6 0.3753413232331013 0.5950070248518331 0.3974790747769248 0.6516722670611272 0.33978940848214734 0.6742070870855956 0.31765205611225156 0.617542182576053
6 0.5045057719863735 0.6376201542987056 0.5038534040712648 0.6793851833396388 0.42602228938028475 0.6781691232461209 0.4266749781577346 0.6364044185384576
27 0.08203125 0.93125 0.09921875 0.93125 0.09921875 0.9453125 0.08203125 0.9453125