0 0.5767930939697408 0.29454515440486145 0.5902646920637835 0.25097664959030946 0.712232652620628 0.2886886966768045 0.69876134732624 0.332256949799874
6 0.596169411655751 0.30080633672065255 0.5953507153441251 0.26710442480669927 0.6652141137579974 0.2654072771674213 0.6660329093169821 0.2991090866512575
43 0.5178408147332902 0.329054263227361 0.5228305590758282 0.28698661160019656 0.6905950705875057 0.3068844626117868 0.6856057045160924 0.34895177040105807
6 0.4978197671875 0.33121468906249996 0.5784883734374999 0.33121468906249996 0.5784883734374999 0.376059321875 0.4978197671875 0.376059321875
6 0.37474441158974514 0.37813659501179736 0.38317831752260645 0.3260654401907076 0.47010605497564484 0.34014437531153974 0.4616724292712888 0.39221528357098717
39 0.6791527362029228 0.7249897647482334 0.6872097694295007 0.7719633385320549 0.5741347569789923 0.791353687070324 0.5660784233014056 0.7443807299200467
38 0.6733312211247267 0.699977935900652 0.6778923054687311 0.7424304821485432 0.5068109172472077 0.76080601222825 0.5022507149577677 0.7183542641523644
6 0.5559593891740633 0.716807909375 0.47601718295857154 0.716807909375 0.47601755278526525 0.6737288140625001 0.5559590271758452 0.6737288140625001
40 0.3987531096465773 0.7955229471213091 0.40627890792450216 0.7335836093184792 0.5138789684632457 0.746654798829225 0.506354036940138 0.8085933461335061
41 0.3160686215470605 0.7492296289895282 0.31130267026355796 0.7001865399141881 0.47120397041521755 0.6846487070454956 0.4759706885287187 0.7336909477942939
6 0.441713019746544 0.686236692039068 0.36273959678692336 0.697575007449551 0.3555636225917169 0.6475969384481872 0.43453624458209106 0.6362586815647111
55 0.3278715667884171 0.30723007598366214 0.33969859433796046 0.25854926468776035 0.504605749362554 0.29861193561733224 0.4927791592523363 0.347292375169209
27 0.053125 0.94296875 0.075 0.94296875 0.075 0.96015625 0.053125 0.96015625