0 0.32388962580387215 0.4787364553967851 0.279978102027826 0.46895264960645444 0.31152063817637554 0.3273933373255397 0.35543142567019004 0.33717705918019253
43 0.36901203028457985 0.5193064203772394 0.32589261089071897 0.5183528266210615 0.32982848094570727 0.34041881787228 0.372946857630609 0.34137239981252576
57 0.2410769221321516 0.5347876459642231 0.31209541785563033 0.5257511320535471 0.3268031507280966 0.6413286302436931 0.25578467185619047 0.6503650502577847
55 0.3110584265077705 0.5090684823348969 0.3702093770684769 0.5160955294798943 0.3493163159952246 0.6919471675110245 0.2901653842104679 0.6849202334165037
6 0.3800840679899693 0.5391477488437825 0.3498994038687897 0.5950928377502726 0.28772828403396034 0.5615517893585764 0.3179129755087615 0.5056070319093561
39 0.7074572917185833 0.5088169124522481 0.6661796662968982 0.512164052355294 0.652959434160266 0.3491352687690496 0.6942361501598953 0.3457881667779449
38 0.6219942680882014 0.5254361102405353 0.6219945195055061 0.3590115145557132 0.664426991412256 0.3590118258163667 0.6644272216544778 0.5254359252469616
40 0.6828769818065439 0.5251570923494311 0.752735281463174 0.5316029010154076 0.7420987470446789 0.6468678682546453 0.6722404561133999 0.6404221259570517
41 0.691526843774227 0.7089005440115259 0.6416633833749756 0.7125473227497757 0.6287065329019015 0.535393553202789 0.6785683916233438 0.5317468315543682
6 0.6305036203422105 0.5500756501201177 0.6546310485437061 0.610443701924749 0.6012506207908928 0.6317757285716465 0.5771235580815528 0.571407985124284
27 0.93203125 0.91640625 0.94140625 0.91640625 0.94140625 0.94140625 0.93203125 0.94140625