67 0.26801035755136127 0.6239777075336396 0.2884461746496072 0.5990721698977965 0.3319033390713457 0.6347260043341338 0.31146766561562345 0.6596314081148525
67 0.2702267787273058 0.5727472384236529 0.27938548890062975 0.5468510490137268 0.3070283538460217 0.5566265761353313 0.2978697206922334 0.5825227001645119
75 0.4003894664311929 0.5633517010401768 0.42353105393203805 0.5644798524810002 0.4200466127621212 0.6359480372662134 0.3969050258100424 0.6348198931845723
67 0.37734927108670036 0.6463405590878873 0.4151213515619929 0.6470770893595102 0.41403028193064983 0.7030237072910335 0.37625820156256395 0.7022871812500007
75 0.42596107708186537 0.7241115416847369 0.40826938054101447 0.721457898681296 0.41676445170753595 0.664830848093628 0.4344559370859997 0.6674844749733617
76 0.44984717523459494 0.6415846253481635 0.4498474096525342 0.5841632428639094 0.48424234768560837 0.5841634202688699 0.4842422978575769 0.6415846181746254
25 0.46777191210344427 0.5192928852248806 0.47907869041523554 0.5197480094877502 0.47458162031250595 0.6314592749999991 0.46327484226014803 0.6310041551779748
75 0.4872263977812281 0.5934326186381125 0.49821962629550853 0.5938986304413127 0.496102480930972 0.643836418207575 0.485109252556299 0.6433704086008138
28 0.47548466344551343 0.518477340801803 0.4686855085711841 0.518411046858376 0.4691370503738881 0.47210697503764076 0.4759361578124981 0.47217326875000026
76 0.5867185269563606 0.5701444279330192 0.6103338890202394 0.5678419379183086 0.6178179365832648 0.6445933297313579 0.5942025769624024 0.6468958033349648
25 0.6019083217938714 0.6194202119406298 0.593368993739773 0.61970007647656 0.5895687166516836 0.5037536963802419 0.5981078778725077 0.5034738345530912
28 0.5933294671874592 0.5018078832754278 0.59332952448176 0.4277213370685058 0.5996506691616332 0.42772136278072787 0.5996506453125221 0.5018078749999779
75 0.6110320577831772 0.5380884103064424 0.6281097282577548 0.5372955135007002 0.6312273114552909 0.6044365661165255 0.6141496412958531 0.6052294582890971
67 0.6419032309041768 0.6496615266556711 0.6062857890884743 0.6433476199882424 0.6169925535012908 0.582958010994363 0.6526095943690962 0.5892718812549735
67 0.7111072651312043 0.5718543157610082 0.7159390182107472 0.6228872151815423 0.6736260220341137 0.6268927349980974 0.6687944829254775 0.5758600329321513
75 0.7135136658840793 0.5786268015333658 0.6967585848805129 0.5801826520132047 0.6917626354468212 0.5263851121371658 0.7085175654202658 0.5248292687039067
75 0.717498399821352 0.5593235086266064 0.7096352169876354 0.5235451618529258 0.7292782615509168 0.5192285090602177 0.7371414864238659 0.5550067965902893
67 0.7499946898150256 0.588117222258255 0.7189597054784826 0.5944876084842249 0.7100753849931607 0.5512091554335126 0.741110136825796 0.5448387939545365
67 0.7004985363631704 0.6819678879440749 0.6785201766240334 0.6682636129639653 0.7131703787996457 0.6127003930324282 0.7351485243509615 0.6264045802240339
67 0.7001800661475954 0.6758576322689419 0.6556508342690677 0.6871455030774937 0.6468588865089941 0.6524663089198801 0.691387810687047 0.6411784790030871
67 0.6002362878789427 0.6774029185458295 0.6209613347783716 0.6760851293837238 0.6226455133546551 0.7025686343866823 0.6019204668039038 0.7038864198752989