0 0.4587479371085692 0.2957062442217575 0.4615468991465832 0.25688021836425373 0.6140334072661062 0.26787242129856825 0.6112347186551688 0.3066981830814508
43 0.4186380764066371 0.33117150177597576 0.41998188306331485 0.2917263453798711 0.5800290426949459 0.2971782251106098 0.5786855486119293 0.3366230747337878
6 0.41933134953490026 0.33203677933757986 0.4193314319070396 0.2927863395711702 0.5007267294425901 0.29278648406894375 0.5007267989888078 0.33203676746975536
6 0.47216109866599254 0.3288927478593318 0.47402569936161854 0.37487452479445055 0.40548478688378964 0.3776535692695075 0.4036203623293204 0.3316719597681104
6 0.44767441718749995 0.37411598281249997 0.46947674375000004 0.37411598281249997 0.46947674375000004 0.379066478125 0.44767441718749995 0.379066478125
57 0.31828013844972247 0.31013858867011707 0.29899340757549453 0.23446535571917687 0.3856384981946803 0.212382713075423 0.4049254038334311 0.2880556685426612
55 0.3937601537930959 0.3023024123174852 0.3880699928622562 0.35280501441927903 0.20623141765054243 0.3323168132025145 0.21192196426056853 0.281814663119882
6 0.35933419541754574 0.4096307778362382 0.29430277488427237 0.38945732963835944 0.3116762849043653 0.33345502266900545 0.3767073014142852 0.3536284033427826
6 0.3563174471214552 0.5776271046378496 0.3584493430760176 0.6082933088643949 0.2968613618221525 0.6125741410557528 0.2947296481105468 0.5819081082979063
6 0.2963123512132597 0.6113927438282439 0.3567405758167297 0.5955400746714754 0.3706251464346906 0.6484599936122014 0.3101969522801937 0.6643125797104744
40 0.3522867933224916 0.6993131239604057 0.34684621325391163 0.7650025623583137 0.2545671386186541 0.757360108122326 0.2600083298793834 0.6916713364097855
41 0.21243446273501831 0.7077554034862927 0.20974996966674553 0.659136201211187 0.383103562372753 0.6495645543707506 0.3857888779128871 0.6981828925069705
6 0.3861949940952627 0.6962732188302068 0.3201379035692753 0.7053228001334306 0.31342485929542363 0.6563254963741131 0.3794812892040227 0.64727596081524
39 0.5060336731667121 0.7226150021983493 0.5078027206219531 0.6888699842785597 0.6301116571652301 0.6952803896121074 0.6283430774644785 0.7290249604585276
38 0.5874134410676106 0.6593208591006806 0.5900080262975962 0.6992993174527052 0.42717567897818753 0.7098637211576904 0.42458181267659256 0.6698859381433035
6 0.5003757713017194 0.6643376185221342 0.5035955840239694 0.7040342717155164 0.42695904761922066 0.7102488807133607 0.42373957698475806 0.6705525455705135
6 0.4716570592829612 0.6711456859374999 0.3982555993253527 0.6711456859374999 0.3982559336624263 0.6276520515625 0.4716567600301005 0.6276520515625
27 0.059375 0.940625 0.075 0.940625 0.075 0.95 0.059375 0.95