0 0.2957064142993886 0.5412518637912733 0.25688016074400366 0.5384533415053094 0.2678724310247844 0.3859666788768456 0.30669783215842017 0.38876516989758503
43 0.33117184122988874 0.5813617082978535 0.2917263818673064 0.5800183268924244 0.2971780287890624 0.41997102248110363 0.3366225143259953 0.42131438716118463
6 0.3320369166455066 0.5806686046875 0.29278627031533233 0.5806686046875 0.29278653146354827 0.49927325624999996 0.3320366383252349 0.49927325624999996
6 0.32889280941742527 0.527838566646561 0.3748745041521033 0.525974339742412 0.3776536067041434 0.5945152902556635 0.33167191261293283 0.5963795061737437
6 0.37411598281249997 0.53052325625 0.379066478125 0.53052325625 0.379066478125 0.5523255828125 0.37411598281249997 0.5523255828125
57 0.3101394263712791 0.6817203205275736 0.23446482539884528 0.7010048417607019 0.2123823521973236 0.6143592657160865 0.28805567455049186 0.5950749157082941
55 0.30230331631344143 0.6062400688390419 0.3528051463894144 0.611929616515226 0.3323163679640402 0.793767541414064 0.28181455606647887 0.7880781042818726
6 0.40963248312209544 0.6406661302136429 0.3894561496974802 0.7056967769044094 0.3334524397344012 0.6883231487571566 0.35362898615437643 0.6232928870567612
6 0.5776271434073124 0.6436821955935722 0.6082933051261534 0.6415509147910127 0.6125742203074651 0.7031390182995032 0.5819080600035704 0.7052702856053292
6 0.6113943235670831 0.703687299148961 0.5955380067409806 0.6432599331268005 0.6484592087224428 0.6293750919565002 0.6643157397300001 0.6898021258049688
40 0.6993135756007405 0.6477134818105269 0.7650026109226928 0.6531529855477666 0.7573602118307008 0.7454315152700985 0.6916711825863331 0.739992065060885
41 0.7077561774192418 0.7875654591014589 0.6591378324575317 0.7902503279730475 0.6495641074973264 0.6168961594076059 0.6981806849854593 0.6142113388204841
6 0.6962720173213484 0.6138052316521717 0.70532419683218 0.6798617175132076 0.6563262326405948 0.6865750578079712 0.6472744112455757 0.6205188934941932
39 0.722615397875984 0.49396569266377677 0.6888702863940352 0.49219757632792177 0.6952794635908504 0.369888692910064 0.7290240280436819 0.37165679481008757
38 0.6593219998101176 0.41258592130346994 0.6992999361466445 0.40999254940644153 0.7098635979659775 0.5728247492414357 0.6698856648946503 0.5754180892786159
6 0.6643377104962838 0.49962348121302425 0.7040342478253478 0.4964046226727139 0.7102489969659018 0.57304145636297 0.6705524620871302 0.5762602946223166
6 0.6276520515625 0.5283430234375001 0.6711456859375 0.5283430234375001 0.6711456859375 0.6017441859375 0.6276520515625 0.6017441859375
27 0.940625 0.925 0.95 0.925 0.95 0.940625 0.940625 0.940625