43 0.5223878529175181 0.30739581105774566 0.5223883996002314 0.24730323227124013 0.7388059711788628 0.24730449787856534 0.7388059769624533 0.30739652216468094
6 0.5784644126284775 0.3796082501664064 0.4846050982196175 0.36475297605635104 0.49564613362917953 0.2949975817577332 0.5895047700139457 0.3098528007375918
57 0.43012389232796977 0.10731545115457539 0.5249246849897418 0.12359712769299054 0.5077098095105157 0.223830731851763 0.41290902553055275 0.20754909745236455
55 0.5392443151908992 0.21474494167706445 0.5248533680439778 0.29248816471594735 0.3438001535020021 0.2589734222766384 0.3581914894854208 0.1812307228567581
6 0.4378951982181434 0.2523418712792721 0.5001960495133062 0.2914552555768316 0.4541410122257048 0.36481072765070716 0.39184028496970313 0.32569750284819887
6 0.4402983857991103 0.49306620213418123 0.4402985661722596 0.45993822970200837 0.5124378137218173 0.4599385511068372 0.512437806753951 0.49306634874658173
38 0.7037109582703351 0.7341780146448768 0.7073797530850925 0.7940301518611977 0.5100752300812701 0.8061188751041289 0.5064078981027933 0.7462681060566135
27 0.7018290492754886 0.6930484632549558 0.6967214694755057 0.7538622694509886 0.5446427502188271 0.7410901275694831 0.5497512437500518 0.6802773500000124
6 0.5523021158812753 0.6767090007036869 0.5574619964628482 0.7433360324568781 0.481331596778773 0.7492304182271444 0.4761723082383469 0.6826039435558784
40 0.39167204126317756 0.860692025359714 0.4199379035170523 0.7998625362627738 0.5277628547729591 0.8499550731021411 0.4994981060608552 0.9107836137182929
41 0.3395024474816637 0.8557106763211367 0.32665866655577247 0.7866019119990562 0.501158926673952 0.754176243855309 0.5140038610205693 0.8232835202851948
6 0.3701251711443092 0.7147058004776445 0.42347917245581357 0.6777964500542354 0.4731705924996277 0.7496162575756816 0.4198168851509081 0.7865252498989156