0 0.2956154222561054 0.42005813906249995 0.2563648417657305 0.42005813906249995 0.25636515051849074 0.2856104656249999 0.29561516280580236 0.2856104656249999
43 0.3190539309947553 0.5104743338036593 0.27713789950269074 0.50943737356283 0.2811678775707378 0.3465714081428296 0.32308300219165176 0.3476083570283635
57 0.2458538461154376 0.5204384163774771 0.3052347241653024 0.5487261850822898 0.25048710161433974 0.6636386661857894 0.19110642872135486 0.6353512212233772
55 0.2890052557818308 0.5293704463123245 0.3402208810960019 0.5388806578718797 0.3111902912672804 0.6952031990274342 0.2599747048060408 0.6856931271658311
6 0.3818747307659578 0.5740207967053428 0.3716539641760619 0.643637741142074 0.32060890934633335 0.6361441914620897 0.3308299478006802 0.566527580427137
6 0.356121003227031 0.546515476984403 0.3127801724974688 0.541829633105303 0.32058446341159197 0.46965345528192265 0.3639248067865992 0.4743392724211165
6 0.5976226525888251 0.5974505109868046 0.653095825076548 0.5749605703278129 0.6764558267992697 0.6325734709120197 0.6209827273140718 0.6550632806641444
6 0.6895551473832029 0.5417554744822348 0.7242926491231856 0.5777366228117599 0.6698878849119865 0.6302552276667792 0.635150628773772 0.5942743212454354
40 0.7800145159010299 0.6499822660090566 0.7239521569108547 0.6621843078619304 0.6908488380943254 0.5101037841155052 0.7469097276704133 0.4979019065617789
41 0.7261514611665234 0.7026646200615969 0.6756262357029073 0.7111860010327242 0.6485870464061918 0.5508794836446461 0.6991107587185752 0.5423582317436471
39 0.6622725370218632 0.3131614821681698 0.7101288564927017 0.3003861715584829 0.746764203682801 0.4376167918681938 0.6989079245441872 0.4503919975625009
38 0.6600321062575176 0.36601242131773876 0.7018499385125097 0.36438476694236893 0.7078817409649218 0.5193456501696657 0.6660639097640342 0.5209732872906453