43 0.3365568446317866 0.4628568331404218 0.2955145565675821 0.4617035387030342 0.3007926462960313 0.2739019717176726 0.3418340193923086 0.2750552528199374
27 0.37601110486775724 0.4310518846954174 0.3379572495429102 0.4276819287297402 0.3487614477620582 0.3056890378501554 0.386814779740007 0.30905897039538427
6 0.37752702556952045 0.4922599961091913 0.33056132862884624 0.4898090902757889 0.334154427587805 0.42096458271167886 0.3811196705679549 0.4234154765985083
6 0.335849371660629 0.46327583961792324 0.29498153961742446 0.46106413615163067 0.29928158672896643 0.3816163010043052 0.34014899665180565 0.3838279929407746
55 0.3111348616783971 0.4779460043376901 0.36430166070294945 0.48412730242207447 0.3451751455647809 0.6486241913714196 0.29200836156246623 0.6424429803382383
6 0.4268702881104218 0.6144888357809027 0.39339889250311444 0.6104133378564839 0.4013739961463898 0.5449235751891761 0.4348450079543227 0.5489990495615928
38 0.7161328368619024 0.45952901592003315 0.6734258284927819 0.46264918862148335 0.6601463683945212 0.28089135101187457 0.7028524754391583 0.277771212030177
40 0.7803493522657163 0.5911152689768523 0.7270669217472232 0.6063650243430394 0.6899904473885954 0.47682991676145003 0.7432717852808537 0.4615803267709777
41 0.7291681564502142 0.643517595145977 0.6764558275748414 0.6524894770427577 0.6485616126185505 0.48861568316915216 0.7012724441799492 0.47964393247007014
27 0.909375 0.89453125 0.9203125 0.89453125 0.9203125 0.91484375 0.909375 0.91484375
57 0.2407853956233339 0.4890937549000548 0.30512054193695803 0.48282687452592593 0.31488555764099146 0.5830651639999482 0.25055041901794084 0.5893319926863394