0 0.3106263229733486 0.4323114322708403 0.2641014526708432 0.42808209427066474 0.2747379074459104 0.31108539570936855 0.32126215967946337 0.3153147053319971
43 0.3242734274219856 0.525267263750523 0.28276808083785454 0.521116986884039 0.29979445646790737 0.35085958470265893 0.34129885059269327 0.3550098131797713
57 0.24518444008867846 0.5260661826991246 0.2968870051778367 0.5277894222262606 0.29195471369007464 0.6757583307999814 0.24025214946425422 0.6740351144750404
55 0.298585712157319 0.542170596255885 0.35044591185203444 0.555428803719216 0.3132535958770859 0.7008922239154756 0.26139346454317547 0.6876342036856758
6 0.26987592286138806 0.5646137371314804 0.30920031582888896 0.5384002973284745 0.357570311535369 0.6109558189315257 0.3182460830693117 0.637169054414322
27 0.32951536127859526 0.6461374110248361 0.37376596401497864 0.6592723832978515 0.3423748982693269 0.7650103807859745 0.29812436060865366 0.7518755647848845
6 0.33818581983359763 0.5860481307498157 0.389154621063426 0.5929085390046653 0.37773481067870307 0.6777410126497141 0.326766021078015 0.6708806607522934
6 0.4179486451473622 0.5981146581155149 0.38420582790763547 0.5947407053252792 0.391493160579671 0.521869583621902 0.42523556016726616 0.5252435153990513
6 0.6140051956874686 0.6848071191151847 0.5793784891495761 0.637361489611228 0.6373320436791801 0.5950712200745024 0.6719586368213868 0.6425165226206201
6 0.6314380087077325 0.5918272502069022 0.5974485397381386 0.5974916060718807 0.5867459889343536 0.5332752530913923 0.6207350835180705 0.5276109292337872
6 0.66778501215299 0.5749592297346524 0.6211780272215037 0.5765662246722834 0.6184462431247084 0.49733622657730825 0.6650526264998007 0.49572924200427626
39 0.662818195810928 0.3383121675874525 0.7081070876870399 0.32957262031076884 0.7318043381254711 0.45236795529998775 0.6865154652612091 0.4611074369888352
38 0.6513428048544938 0.36691905984410406 0.6941084735692584 0.3630704050061978 0.7102906701998108 0.542874054333545 0.6675250086958613 0.5467226604726956
40 0.6919199868549413 0.5673598090019452 0.7408554591153234 0.5612435421202707 0.7589355694542519 0.7058835093389245 0.7100001136683431 0.7119996901436576
41 0.723765439301701 0.7176685557297223 0.6693101432122148 0.7287664214898766 0.6371482760688423 0.5709701696221078 0.6916019639033948 0.5598724689192943
6 0.7049497133552904 0.6282838587417079 0.6948974824437073 0.6300427993144543 0.6893569251905092 0.5983823628305945 0.6994090970086972 0.5966234275519472
27 0.91796875 0.90234375 0.92734375 0.90234375 0.92734375 0.91796875 0.91796875 0.91796875