0 0.26905057288888656 0.511490666510822 0.22224123071998747 0.5057211758753981 0.23931783492605518 0.3671872625215727 0.2861263070130917 0.37295669867857145
43 0.31763144688045486 0.5306558023122829 0.2709540594031523 0.5320751617406709 0.26593469157933214 0.36699881032933174 0.312610978615794 0.3655794681205517
57 0.25639175281901316 0.49687241087574846 0.3069172218982885 0.5030178450263898 0.2882274271242977 0.6566637124929223 0.23770197222393108 0.6505183615424753
27 0.5017359573565727 0.3547811700561225 0.5279749093574537 0.3557631919556439 0.5237661711806822 0.4682124497372181 0.4975272195655407 0.46723043467398273
6 0.497878359375 0.4651162796875 0.526520509375 0.4651162796875 0.526520509375 0.53125 0.497878359375 0.53125
27 0.5473834119068215 0.4811046578332648 0.5259849173668272 0.4794698478881843 0.5348829926386998 0.36300875074541966 0.5562811739081326 0.3646435488419626
6 0.524881465272415 0.47414172259571596 0.551877662320635 0.47717271752982493 0.5440097535170025 0.5472444892898826 0.5170135592046563 0.5442135110051082
39 0.7138235466793503 0.37589313893781107 0.7550600267384198 0.37359426760410774 0.7631209757364559 0.5181809637862431 0.7218844976587206 0.5204798122510469
38 0.720945932252107 0.5397188742802725 0.6766022639424136 0.5375614422423332 0.6849036936433777 0.366956787212345 0.7292462939453799 0.3691141928386751
40 0.7642854021121366 0.6272257657673158 0.6982977144519964 0.6203014212218093 0.7098083479146453 0.5106232241337161 0.775794786008305 0.5175475026605839
41 0.6594766625 0.525436046875 0.7061527578125 0.525436046875 0.7061527578125 0.6962209296874999 0.6594766625 0.6962209296874999
27 0.940625 0.92109375 0.9453125 0.92109375 0.9453125 0.93046875 0.940625 0.93046875
55 0.30564544959997875 0.5168811890036024 0.35283032709639883 0.5277551739277142 0.3145778782402431 0.6937242338587686 0.26739305967475957 0.6828504201727652