57 0.23244107214213727 0.5230313037932516 0.306053022471815 0.5215715981390223 0.308167945297555 0.628215481789896 0.23455599535509464 0.629675173835986
55 0.34109993631636826 0.6695297443181117 0.29009517042391053 0.6629218890614371 0.3119631329892627 0.4941518218353121 0.3629664123710654 0.5007595809615898
6 0.3464355789732281 0.5772766078492677 0.36070738931073265 0.5229640982694825 0.4090325753943489 0.5356614641363755 0.39476103185916145 0.5899737448433227
6 0.35954603087031956 0.5313578819695793 0.36647025161505553 0.5336005564432623 0.3593410446371763 0.5556098962281916 0.3524168258552436 0.5533672260508113
43 0.352947274179769 0.4768389706636043 0.3144789438181306 0.4742482907386277 0.32829402187940104 0.26912957610440524 0.3667614508646011 0.27172022543602425
6 0.5954285013272056 0.508911858730335 0.644767653226495 0.5023744208264693 0.65251960303533 0.5608748078808871 0.6031804571774728 0.5674122145072613
41 0.7123468712161412 0.6378618887346527 0.6583913541578568 0.6454721867322336 0.6345739368280192 0.4766227696497923 0.6885278903994276 0.4690125846771184
40 0.7056216951976921 0.4788351407926688 0.7711465594026095 0.4755191040677685 0.7782104591838106 0.615089787444431 0.7126855979153106 0.6184057855316321
38 0.6854328963843273 0.4700549372675613 0.6445724157920267 0.4691525718545311 0.6488279036439053 0.27648777951573206 0.6896874532318407 0.2773901343801665
6 0.6475093629237563 0.42140055054860825 0.6607562400255347 0.41914796288638057 0.6649800779197221 0.44398585307176464 0.6517332017645003 0.4462384369926778
6 0.6108195115066337 0.4110730488222355 0.6188228999802732 0.41204515752578524 0.6151691841206457 0.4421246251138131 0.6071657959905679 0.44115251832339614
27 0.9328125 0.92421875 0.9453125 0.92421875 0.9453125 0.93828125 0.9328125 0.93828125