0 0.5523115924569311 0.3020285350261507 0.560650994956859 0.2603476669262188 0.6734244679089443 0.28291038657039136 0.6650853101540406 0.32459103924850174
43 0.43139960635812713 0.33000562624110397 0.4319449655212111 0.28793633524724666 0.6167034936370328 0.2903309376310835 0.6161585083899581 0.33239984256584987
57 0.4423797406171843 0.26081534372241233 0.4384228574824647 0.3128126377778806 0.3059805196819525 0.3027338213745855 0.3099376726141827 0.2507368281468192
55 0.4338944885796536 0.3118867489740654 0.42952335900656635 0.35837128372518295 0.2673326813165886 0.3431194839819104 0.271704146744014 0.2966353238035203
6 0.4700987439588289 0.5633070568447138 0.4714561245012874 0.5940317531653074 0.40471935175821727 0.5969794900801336 0.4033621601033701 0.5662549745198804
6 0.412790656540551 0.6225282761949883 0.4127907322908868 0.5918078603697637 0.47383715479566035 0.5918079648072091 0.4738372524842589 0.6225282058922583
39 0.6417945594535013 0.6685464823653576 0.6463786789996675 0.7077476712867771 0.5080247038953303 0.7239225487094832 0.5034412167862001 0.6847219284237679
38 0.6324883811162181 0.6485307365758143 0.6340795176427036 0.6878090153315264 0.4450922109903104 0.6954612190649522 0.44350186193344143 0.6561836887023271
40 0.4473048690069845 0.6922715617517026 0.447981049392979 0.742335381376778 0.3469674575313775 0.7436987378914315 0.34629183836602806 0.6936354759465237
41 0.2896732503443218 0.709355208171179 0.28282924468396686 0.6635772806023892 0.4459729055117805 0.6391889386957825 0.45281754705467847 0.6849660903273133
6 0.35525770808988 0.6141143436768766 0.4011318340536718 0.5909586487738202 0.4266090539988454 0.6414261548909148 0.38073501058477177 0.664581724743569
27 0.05390625 0.94140625 0.06796875 0.94140625 0.06796875 0.94609375 0.05390625 0.94609375