43 0.5191603806574676 0.29281499685432916 0.5245525787296401 0.2429499002979708 0.6992608088878569 0.2618413672648004 0.693869018580358 0.311706078770837
6 0.5773182557425116 0.28921579669902053 0.5831148063883802 0.3368665661491543 0.4950532101902354 0.34757835445049456 0.4892568861076825 0.2999277936180363
57 0.48687775489054275 0.1871823881682102 0.481837642881942 0.26117439832126 0.3770538855180803 0.254036648698634 0.3820942386112165 0.18004490055186217
55 0.5196003615368454 0.26002374974376835 0.5130750839671236 0.31909248102654547 0.32178285507347937 0.2979602801871562 0.3283085476131191 0.23889206858690815
6 0.43027669893217535 0.3034649481675799 0.4493494617556735 0.2422187229974293 0.5204573137742727 0.26436197028839736 0.5013847800109943 0.3256080020587688
6 0.39913647868877433 0.35576588410755483 0.41270071105714123 0.30001326870002404 0.49255497414810634 0.31944060620558173 0.4789910160245654 0.37519298336384604
6 0.5282572767666807 0.44082278954709925 0.5257977563669556 0.4711514545652057 0.4498358960541964 0.4649913918112043 0.45229556135905113 0.43466288593496777
6 0.5301923862762123 0.538181340056097 0.5295343187425487 0.5652340572567965 0.44293086239110835 0.5631271809236177 0.4435891216874097 0.5360746604737202
6 0.5789955179923254 0.6608332286462072 0.576062606309165 0.709055091139416 0.4864192100010314 0.7036029244452238 0.48935254231037106 0.6553815071442392
38 0.6785828780687098 0.6850861224364301 0.6850724944030162 0.7343187728131385 0.5170739375719222 0.7564577854336069 0.5105853309199802 0.7072260400760111
6 0.6107367174510046 0.6994420518631391 0.6126205939041256 0.7484655513269893 0.5127623274401003 0.7523013891205043 0.510879012100645 0.7032784282055916
40 0.360718975561781 0.7996241299437973 0.36856266646009317 0.7351601382606001 0.47577214030184223 0.7482023080541237 0.4679293509022955 0.8126654811800225
41 0.31923574911866126 0.76194415336574 0.31163785130013366 0.702454854504717 0.4995252571442279 0.6784603578112592 0.507124207001084 0.7379484310144081
6 0.48596571613438755 0.6713449158944267 0.5086556278158696 0.7340478740286528 0.4369276895869234 0.7599990185045985 0.4142383957058655 0.6972965859468089
6 0.47390316781093134 0.6375014542284217 0.4772131980951144 0.6885127622148033 0.39370548942599726 0.6939301684271343 0.39039591780181127 0.642919296246839
27 0.0578125 0.94375 0.075 0.94375 0.075 0.9546875 0.0578125 0.9546875