43 0.3308683096719278 0.5649685787711686 0.2924583177224349 0.5604361636956703 0.3135339123243739 0.38184951716271365 0.351942902795372 0.3863818718998139
27 0.37794030312500126 0.529668987340777 0.3385982143901174 0.5283689748910856 0.34256967401722704 0.40820086381698484 0.3819110939386974 0.4095008652766184
6 0.337379300233124 0.5179776117189856 0.3889368906891377 0.5289713744102743 0.3767995631252461 0.5858867163777934 0.3252419889822704 0.5748930075320481
6 0.2780821392452708 0.5003187916676112 0.31015975344564595 0.4796139466684779 0.3517710978803734 0.5440764393826588 0.3196935833560701 0.5647811576830437
6 0.4061784737070866 0.5914191062895726 0.37246340547494583 0.5893650735426199 0.37613385102974917 0.5291270610072331 0.4098485741154718 0.5311810832337921
6 0.4030325019812153 0.5318213903032443 0.4387108661962884 0.536051167539767 0.4301603828730549 0.6081679276036172 0.3944820234527242 0.6039381770486132
55 0.30816934682945885 0.5662925299541502 0.35608198186628215 0.5715232048353246 0.3377266870772928 0.7396360003854635 0.2898140658107877 0.7344054129363954
27 0.36579674412178065 0.7551120498234709 0.32294406940991394 0.7430875610571188 0.3496179341068455 0.648044209669988 0.39246975342530277 0.6600685709734151
6 0.4075351710580435 0.6090452326409017 0.39556779329348046 0.6732056684072067 0.3420585507437863 0.6632258943322862 0.35402618520697615 0.5990657937173395
40 0.6898775488386946 0.6432057347220634 0.6898779053977933 0.5337977665280238 0.7571329334355141 0.5337982192131534 0.7571332418577867 0.6432055104364292
38 0.6567467535941205 0.3869877839932775 0.6967769384314124 0.3842779832885559 0.7089022455789973 0.563386101984168 0.6688720645385047 0.5660958671144559
6 0.7108600897951192 0.5620012612107331 0.6696016984097923 0.56646991661397 0.6609087412815597 0.48621375592262495 0.7021666001218136 0.48174512980707357
6 0.6723780079214521 0.582071173756575 0.6268014415359175 0.5863022983820712 0.6204416167845466 0.5177992268814933 0.666017662647505 0.5135681265259457
6 0.6328124236491703 0.5303135437092104 0.632812567680503 0.5951219728804665 0.5985054105532299 0.5951218973063596 0.5985054572231547 0.530313658349324
6 0.5691493485654746 0.5384112098976133 0.6054292874251814 0.53687362416277 0.608432981418332 0.6077400908222692 0.5721530431727615 0.6092776670315923
27 0.928125 0.89453125 0.9375 0.89453125 0.9375 0.91796875 0.928125 0.91796875