75 0.5660688971081527 0.6597796237149316 0.6095965415571527 0.6435637327990991 0.6304097404521372 0.6994241621453255 0.5868821482113162 0.7156399530655905
75 0.4985070056168297 0.7185616705857167 0.4874414218392076 0.7000577625168903 0.5132573815920978 0.6846217952244162 0.524322962499923 0.7031256437499677
75 0.5442235525335946 0.6622600812938244 0.5442235817583878 0.6730774611702962 0.5165838385821644 0.6730774833659213 0.5165838397657581 0.6622601339129074
75 0.5243450787728534 0.6662359264721291 0.5237624750574241 0.6549826829233792 0.5632216089425128 0.6529400189772709 0.5638042548308704 0.6641932178213437
75 0.5592661769998131 0.3059270344282937 0.5674348286607938 0.35744854154848477 0.5002387594801121 0.368101786670544 0.4920703097711794 0.3165804599533025
75 0.5664584343750221 0.2814338515625056 0.5853407985897547 0.27486201741307936 0.5949565589442045 0.30248957390508424 0.5760741988680138 0.30906139949498246
75 0.6384583317269517 0.3293891300561795 0.6420928560218044 0.3828760587804497 0.5732513384087952 0.3875535382389573 0.5696170277753936 0.33406681125211274
75 0.6073921215343034 0.38802529072030467 0.6497846993107714 0.3793602326189874 0.6565669277493953 0.4125397720903147 0.614174355382147 0.4212048123316932
26 0.6295811631274546 0.6250641251714503 0.6369644166243233 0.6017821464165365 0.7050392061153161 0.623367609671157 0.6976561386969706 0.646649429716922
26 0.6703819483711868 0.6550251462352251 0.654541055769414 0.6768792505622676 0.6176491891276328 0.6501416285931234 0.6334900486002653 0.6282876225616435
75 0.5625075710778447 0.7267182016031868 0.5750075645237303 0.7348613097362504 0.5631692807783111 0.7530305023075352 0.5506693031250052 0.744887414062497