75 0.25432890356523785 0.553490807486179 0.233572262876919 0.5551498895292809 0.22814499806077038 0.48725422776832683 0.24890141562491408 0.48559515468750375
67 0.2036413211077388 0.549755629670276 0.2361294587147995 0.530836514427797 0.2533521661418945 0.5604088711244593 0.22086406915650514 0.579327931483594
67 0.282131723897578 0.449514340711653 0.3309117004607742 0.4662755144458402 0.2974711093016822 0.5635899597022975 0.24869119657137162 0.5468289201529524
75 0.2533294759784894 0.5028115469110118 0.26239868944469436 0.5035418198603138 0.2603320897934509 0.5292047346380109 0.25126287650186896 0.5284744631648669
28 0.27815691798184616 0.4646813844245429 0.2725425883944581 0.4658289951143557 0.2604083743586898 0.4064695840628272 0.26602265937503944 0.40532197812500037
28 0.28284386842426557 0.3631229785614696 0.28879179069201655 0.363404823444782 0.28445907216007527 0.45483598544560316 0.2785111499999857 0.4545541421874982
28 0.3001748219969613 0.3884423725568144 0.306059099325239 0.3893189510066991 0.2949076496811358 0.46417216466207295 0.2890233733014611 0.46329559053372804
75 0.4255695141362139 0.6036572719667056 0.42154661562346973 0.6036182274593183 0.4219014444313416 0.5670640473630998 0.4259243167520026 0.5671030917434694
75 0.6416906616884717 0.5504339025192814 0.6336690475999376 0.5513817107496518 0.6301157608990025 0.5213115520725848 0.6381373359196232 0.520363746167867
75 0.6949884545459781 0.5093025329432275 0.681227513418321 0.5139449604344379 0.6676376604091274 0.4736652206343826 0.6813985210524152 0.46902280789379996
75 0.640422525 0.48737558593749997 0.645265 0.48737558593749997 0.645265 0.5281679515625 0.640422525 0.5281679515625
67 0.6650115241733374 0.6360308173822466 0.6589768197569583 0.587297691898695 0.7167138514071212 0.5801487582209198 0.7227487804004795 0.6288816229744538
67 0.5842869586090274 0.6428606263099448 0.6094579160268268 0.642446070487087 0.6100579539202045 0.6788743327077662 0.5848869965449239 0.67928888701072
75 0.5512296258395963 0.7353808841413887 0.5449295418352449 0.7355330621637044 0.5435701884864557 0.6792636289151247 0.5498701961134884 0.6791114518156809
75 0.3253383798153209 0.6285726771639986 0.35139443062894316 0.6323853600127908 0.3414809040311866 0.7001259436145122 0.3154248591124542 0.6963132871895282
75 0.3012562278581754 0.6411171869166543 0.3123049452184432 0.6435191643880972 0.30434920759216766 0.680109493051174 0.29330049311067796 0.677707524626502
67 0.29626458852533233 0.6575996486599901 0.2660053401202731 0.6499640293551199 0.27459113415090997 0.6159439789052821 0.30485018697606847 0.6235795724089707
75 0.37355258401885294 0.5415593770627075 0.3821947007018025 0.5434533795361228 0.37401220982656014 0.5807856017006056 0.3653700951101655 0.578891605428054