43 0.5510792455593219 0.6602946541353406 0.5426837032856611 0.7034275914032266 0.3727451356483016 0.6703530091456836 0.38114124276853545 0.6272208361961986
6 0.4669531976270491 0.700050166217521 0.4610142921105762 0.6593681130749173 0.5439073783808226 0.6472684995593847 0.5498465729067448 0.6879502065562878
6 0.4967995099759719 0.6539839012812242 0.4985498401570112 0.6108262440630208 0.570317376160574 0.6137364214713096 0.5685673565802745 0.6568937805067854
27 0.5204079124446253 0.590093849650602 0.5226556081860281 0.6137804319055795 0.39186742305992084 0.6261887729741032 0.3896200381568633 0.602502473560438
27 0.5234697325304296 0.5654476171542807 0.5263626774236627 0.5912081186592472 0.41071963002173106 0.6041927963643603 0.4078269757419548 0.5784325574251363
6 0.5203488375 0.5873408765625 0.5770348828125 0.5873408765625 0.5770348828125 0.6177510609375 0.5203488375 0.6177510609375
6 0.5210755828125 0.56152758125 0.58139535 0.56152758125 0.58139535 0.5937058000000001 0.5210755828125 0.5937058000000001
55 0.5447067015488756 0.7021164632375614 0.548824763942207 0.6513539779108116 0.7203072293913237 0.6652626574234444 0.7161901450190271 0.7160242173477599
6 0.6232388570542753 0.6629377168163645 0.6106891198788844 0.7145169700459949 0.5434292025505556 0.6981539271514001 0.5559791880922376 0.6465750452594587
27 0.6236474711705569 0.6610957726311673 0.6304916677512438 0.6201830689398125 0.7546457101653914 0.6409492709645686 0.7478020872368916 0.6818614686258458
6 0.6510843094979464 0.6247847941164 0.6247888109372752 0.6788221666916415 0.5743307732088851 0.654271270862556 0.600626330682303 0.6002341940046122
6 0.5971958727644733 0.6129656396823282 0.5976104249634773 0.5806065200507406 0.6556633671585814 0.581350089076755 0.6552489880159555 0.6137090377687927
27 0.7875261255338728 0.3855343734258962 0.7888475501700896 0.4097456887781477 0.6494959315663209 0.4173503014537123 0.6481747234555542 0.3931391934285051
6 0.6523569681469326 0.3894809434180558 0.6577032437506887 0.42244230145230943 0.6010163842532847 0.43163616055940457 0.5956702414035817 0.39867492025716783
6 0.6499433024504242 0.3876216688966438 0.5944540124128253 0.4110141753848358 0.5710306663752363 0.35545373208251424 0.6265196197855403 0.3320613067935614
41 0.7275643614353839 0.29139828957480596 0.7317490749263698 0.3424003512022885 0.5534431612987873 0.35702869691819344 0.5492589265205652 0.3060270672870135
6 0.6265085188321109 0.3422621850687985 0.5767050470831236 0.3686762705344895 0.5470174046627108 0.3127021659867891 0.5968206243829854 0.2862881618556818
40 0.6746994620519899 0.22621674914412282 0.6930695357318655 0.28284676407105175 0.5631167574020992 0.3250003404228008 0.5447470672455665 0.26837065290190676
38 0.37200702316124534 0.3647936377682667 0.3657791227473126 0.31979908568325977 0.5433655956840084 0.2952187860076652 0.5495938349801008 0.340212926575204
6 0.4641323264950188 0.34564593494788665 0.4622392771949535 0.30284672715005995 0.5460022505437792 0.299141814934926 0.5478954676343619 0.34194084911236927
27 0.38769170980583567 0.37929502621144184 0.3895920731966953 0.34024310356106624 0.5031596326532508 0.3457691932249444 0.501259526757849 0.38482086584412833
6 0.4995083440549024 0.38836544236927384 0.4969711033426165 0.34143351808289957 0.5602038012639241 0.33801510594981626 0.5627411966977434 0.3849468679215702
27 0.5158609925821338 0.3793430101725506 0.5174438477271224 0.4066645154216247 0.3979008622029596 0.4135892398045624 0.3963182145649853 0.38626792903091206
6 0.5138081390625 0.374823196875 0.5763081390625 0.374823196875 0.5763081390625 0.41053748125 0.5138081390625 0.41053748125
27 0.92109375 0.0515625 0.94140625 0.0515625 0.94140625 0.0609375 0.92109375 0.0609375