43 0.5732216793284124 0.6260189691560265 0.5732219771093696 0.6654212589455311 0.41283107657500295 0.6654209631366943 0.41283139872109587 0.6260192959035942
6 0.5736038348464945 0.6255484355024438 0.5747384743103794 0.6651380064438726 0.510002590121303 0.6669927752887211 0.5088682097804167 0.6274034567429304
57 0.5250898232613963 0.731643629076547 0.5299134583468685 0.685722208842758 0.6877546103528402 0.70229849148225 0.6829318425039901 0.748219115595658
55 0.5516019772395566 0.6890727607768504 0.5570990317240785 0.6414371030384642 0.7290228838342045 0.6612730845157089 0.7235267621913408 0.7089078861429199
6 0.5921624897436004 0.7127079616709244 0.5499650124201025 0.6803699591581596 0.5899701404467805 0.6281752478235911 0.6321672414907198 0.660513033408695
6 0.6118844567772612 0.5860330532876623 0.6562503026578952 0.6141582559662317 0.6222005853998098 0.6678631054492709 0.5778348710583714 0.6397380730347876
6 0.5865201444659078 0.3545609575898693 0.6377453014796401 0.332126692901125 0.6607431091053968 0.3846365808510081 0.6095179965952866 0.40707077261936275
41 0.7176488623872501 0.2812665785957 0.7257925290983849 0.3291247912871648 0.56338054158266 0.3567594437811545 0.555237304246134 0.3089016073286081
6 0.5517679181455151 0.3174151898652599 0.5833474363482765 0.2849999336440604 0.6352859140624787 0.33559782500003926 0.6037065172017719 0.36801296263206873
40 0.6702082788633561 0.2369132730525555 0.6803353466973476 0.2821890187724718 0.5333386709913839 0.3150671943017772 0.5232119335245216 0.26979173609420626
38 0.41443347199822256 0.3569503666714603 0.4154841289156366 0.31770653599739845 0.5795073535946358 0.3220971128172338 0.5784570388433394 0.3613406141752191
6 0.5151611973782337 0.36222982773782386 0.5136683806945257 0.3223870744411103 0.576237512791181 0.32004277890636984 0.5777304537961072 0.3598854041695413
27 0.89921875 0.05390625 0.93046875 0.05390625 0.93046875 0.06328125 0.89921875 0.06328125