0 0.7025926965097824 0.29702603312022086 0.7075170541580746 0.338241203062642 0.5767896475243788 0.35385927714625304 0.5718655837363258 0.31264437017306773
43 0.4765636138821492 0.3545760578665635 0.4809161467037484 0.31604225761932886 0.6554756132112516 0.33575810495494535 0.6511234717090701 0.37429154584645985
6 0.45156794375000003 0.3556385875 0.5268292671875 0.3556385875 0.5268292671875 0.393342390625 0.45156794375000003 0.393342390625
57 0.3633695145764477 0.34249145913329504 0.3481679173983139 0.27421745044968604 0.4499938509683261 0.25154586291581554 0.46519567472773815 0.3198195462110597
55 0.46720413637797265 0.32610063542392587 0.4657768035491472 0.3736963629539188 0.2971037011465114 0.3686374067728214 0.29853144400976817 0.32104211328592985
40 0.33947937008872486 0.7191787905077852 0.35966259237829945 0.6586717273114296 0.49527263144875633 0.7038998111183549 0.4750905182488623 0.7644059280499738
41 0.30814556204109067 0.7010430308608425 0.30067952079559745 0.6412099137429641 0.46992498488839374 0.6200930083741056 0.47739190453398805 0.679925105283202
39 0.5911340687106303 0.688809582772017 0.5947994414813138 0.6336860565236276 0.7473348370493795 0.6438268547182129 0.743670373849568 0.6989495123518497
38 0.6627873840731127 0.6096983827903217 0.669451570373667 0.6572125977217492 0.4919250238826862 0.6821065538016678 0.4852617667073673 0.63459316922335
6 0.49487747663135906 0.687135069856604 0.4825686525496167 0.6366361843809889 0.56779441330184 0.615865483945271 0.5801035311608302 0.6663639248840192
6 0.5526805566523763 0.6710765666415347 0.550714577575036 0.662644257498257 0.5764312221397176 0.6566492532621174 0.5783972166833564 0.6650815398173235
6 0.5157641028490616 0.6707067682419738 0.5142792068885456 0.6767986857622392 0.4998730047227582 0.6732876655781141 0.501357906874432 0.6671957573142392
27 0.0984375 0.91875 0.11875 0.91875 0.11875 0.928125 0.0984375 0.928125