0 0.4957206244515646 0.2741797551014841 0.5005243237418426 0.2342212553014699 0.6284068676332026 0.24959447375044688 0.6236033956002984 0.2895527625263131
43 0.428075755235227 0.3100634090386051 0.4300094214154342 0.2606181430010495 0.596773151655043 0.26713929955571797 0.5948398642012762 0.31658419244661784
6 0.4265530059373077 0.30640612658995464 0.43283712772904437 0.25797573810529917 0.5208223127366409 0.2693920369115219 0.5145384015800119 0.3178222298298735
6 0.4280646154692249 0.3527242806634643 0.43391417771260876 0.3046379940491984 0.5085028173684805 0.31371116754573436 0.5026534570524746 0.36179726954182456
57 0.2877906272810833 0.2648515065850191 0.28779075228897 0.2199433573473724 0.41133717821242044 0.21994349790046225 0.41133725780457553 0.26485144536628796
55 0.4246754135391484 0.25447423352012377 0.4189383429290956 0.3104823326442041 0.25773266756289104 0.29396930169974356 0.26347007270840095 0.23796159469977743
6 0.41976184261397975 0.24551790417143698 0.426228723334134 0.3031098142837942 0.34788563256074667 0.3119063666708432 0.3414189624722894 0.25431464975550194
6 0.33431111178776973 0.35013708774405145 0.341976230526825 0.29571885442612456 0.41378292566002983 0.3058328725260269 0.40611802545890896 0.36025091073933857
6 0.3212209296875699 0.643917962500006 0.3646075744256905 0.6076975188181926 0.41531408671175996 0.6684287009145585 0.37192770382705476 0.7046488594363148
41 0.2564420694435512 0.7441205489401792 0.25315606381843736 0.6897834782398731 0.427918499747193 0.6792149775144509 0.43120547210958193 0.7335510313071253
6 0.34470996764548545 0.6954194976494789 0.4014906077489968 0.6638188284526915 0.43593894424896007 0.725707103350616 0.3791584763495166 0.757307530525681
40 0.4088396196987105 0.732850905375066 0.4071868493653028 0.7974074371254801 0.26208889886493125 0.7936913087894135 0.2637427275291202 0.729135848713614
39 0.5273652663047415 0.7667729274930114 0.5157446460625579 0.7110526828366852 0.6144701858900135 0.6904662199537313 0.6260912611686535 0.7461858433757108
38 0.6047682673672625 0.6709512106876199 0.6097243302956485 0.7214008818269727 0.445326009462633 0.7375464275350719 0.4403709129820754 0.687097639682284
6 0.4360073049327866 0.6910719805730849 0.4276429216483848 0.6395052610524022 0.5024056851777914 0.6273798886743245 0.5107703815390323 0.6789462144885904
27 0.0546875 0.94375 0.0703125 0.94375 0.0703125 0.9546875 0.0546875 0.9546875