75 0.5994374937499742 0.2749052218749772 0.6014574882674424 0.26206382032524234 0.6429179887001055 0.26858552225350635 0.6408980191689579 0.2814269015541346
75 0.5604612079952176 0.31880029590873926 0.5775144982808342 0.32912513080223554 0.5610634974219693 0.3562959175640621 0.5440102199086141 0.3459710995333807
75 0.5743911273934827 0.3535935254308413 0.5745930272239548 0.36214969612517306 0.5454049280903064 0.36283838989508654 0.5452030421874952 0.3542822328125539
67 0.5696226131598223 0.38008394188033373 0.5683533086481702 0.4004501360541235 0.5105980962258627 0.39685062422381234 0.5118674656797566 0.3764844995505962
28 0.7051929590637656 0.394726348529529 0.7051733056389367 0.40263764670472635 0.5594799631729757 0.40227503606029397 0.5594996864216455 0.3943638076962621
28 0.6930508514456051 0.38731159980985874 0.6931424749376447 0.3939849544868525 0.5702236783082526 0.3956719958162861 0.5701321043992493 0.3889986895227108
76 0.5818579878751962 0.6106471591043156 0.5785790815050404 0.6394298456631636 0.5091504754195739 0.6315211593745513 0.5124295468725677 0.602738661610982
67 0.5319989833475347 0.6605829872919643 0.5268611396288634 0.6333686590603521 0.5718267817895821 0.6248805267494602 0.5769647179628237 0.6520947334072259
28 0.5698705384837695 0.6223363449353942 0.5699270495432529 0.6107074929519815 0.725165590863071 0.6114610982333432 0.7251092502998517 0.6230897762537807
75 0.6323052954818422 0.698413882432288 0.6340115692339623 0.7061601761684093 0.6077660971966452 0.7119403348204867 0.6060598491526434 0.7041940634543176
67 0.4840601293699365 0.6830065112768261 0.4899573875512715 0.6580186013523479 0.5456986753156343 0.6711719278617294 0.5398015879960667 0.6961596894615585
25 0.4855698740932439 0.6435126939986255 0.48824690015908345 0.6548558909384613 0.4020015313519707 0.675206923885767 0.39932462191961804 0.6638638279212872
75 0.46440653876129545 0.6799922346395781 0.4497364828685022 0.6393471691768656 0.5071356605492383 0.618632648834782 0.5218058288169232 0.6592774695707682
75 0.4440003767708731 0.6233001342352373 0.44299365782569566 0.612101710756239 0.48391237034127244 0.6084235524001891 0.4849191280663945 0.6196219327639332
28 0.3228005828125333 0.6636981249999749 0.3213053276107303 0.6534617378731155 0.4449406397634448 0.6354034907755103 0.4464359994096867 0.6456397532869752
28 0.34172049709275143 0.6837457545549244 0.3410632773131965 0.6795682791012029 0.4067237884212318 0.6692394520725345 0.40738103131229764 0.6734168991512027
75 0.4417533590283256 0.3910294602776115 0.4431038774648641 0.3804010037773802 0.48040810646216414 0.3851408678784237 0.4790576140965186 0.3957693007512359
75 0.5009424512320493 0.3542894549463611 0.501609349579553 0.36841953643099395 0.4557365306018255 0.37058444384777883 0.45506966964239837 0.35645439836457826
75 0.5202229967928815 0.32116743078124654 0.5194971415947975 0.33552284387855424 0.4699778600396485 0.33301898926578144 0.47070374876273036 0.3186636114064908
75 0.48216165633709807 0.3178076609891829 0.4825421689168934 0.30813284842648286 0.517192732135868 0.30949559610455235 0.5168122361756105 0.31917039274376896
75 0.5333805080401817 0.2711449037136023 0.5242548413026498 0.2447768164010581 0.5689859008861049 0.22929623471844524 0.5781115906854666 0.2556642744303856