75 0.27490523646213205 0.40056250854441033 0.2620638172733152 0.3985426777820874 0.2685854957567244 0.35708204899140866 0.2814268541335423 0.3591018748944152
75 0.31880002796719964 0.4395385804036721 0.3291256141970962 0.4224857433575804 0.35629631510914805 0.4389368001745383 0.3459707704274706 0.45598960099452723
75 0.3535935527308993 0.4256088565541431 0.36214970130265556 0.4254069897995914 0.3628383813691016 0.45459509145282295 0.35428223281246574 0.45479695781250096
67 0.38008404511185745 0.43037743195547684 0.40045014449424343 0.4316466724309137 0.39685054410495013 0.48940186480352316 0.37648444518890756 0.4881326294741272
28 0.39472747889442417 0.29480704374411876 0.40263814861998526 0.2948267940573498 0.4022743872558294 0.44052004648053017 0.3943637175311778 0.4405002963287637
28 0.38731251875003636 0.3069491359375 0.39398552292482236 0.30685760139122575 0.3956716818232735 0.42977633467906823 0.38899867766019725 0.4298678685898771
76 0.6106474230196 0.4181421402193438 0.6394300115122178 0.4214206737676247 0.6315211302039643 0.4908493127163696 0.6027385443628646 0.48757079508591
67 0.6605831808973335 0.46800164965872215 0.6333686399738099 0.4731386757149098 0.6248804516662858 0.42817304093878794 0.6520948269622977 0.4230360309462135
28 0.6223365935559286 0.4301292548610298 0.6107081331098243 0.43007297150965607 0.611459649448534 0.2748344577949166 0.623087903124997 0.27489074062499985
75 0.698413848776795 0.36769438074754396 0.7061601900927599 0.3659884488516821 0.711940368305136 0.3922341050686843 0.7041940278398897 0.39394003431225516
67 0.6830066810258586 0.5159394232451533 0.6580184864371859 0.5100435104969301 0.6711716647306503 0.4543020505282712 0.6961596550647755 0.4601979380554274
25 0.6435127091073127 0.5144296276408153 0.6548560017924956 0.5117532489942689 0.6752068953139769 0.5979985879576419 0.6638636094783124 0.6006749465049919
75 0.6799932405893969 0.5355956439439767 0.6393471083226814 0.5502631937504165 0.6186317636131662 0.49286186778138696 0.6592775435561862 0.4781943878195366
75 0.6233001950431571 0.5559997132376908 0.6121017385527239 0.5570062699972428 0.608423528753633 0.5160874910118821 0.6196219108049945 0.5150809376109283
28 0.6636984598295612 0.6771993682830508 0.6534623974712304 0.6786944242024331 0.635402484956785 0.5550593894424544 0.6456383157219534 0.5535643504870786
28 0.6837459702160231 0.6582795801783684 0.6795684316731467 0.6589366727780095 0.6692393222507462 0.5932760713205113 0.6734168093749986 0.5926189828124995
75 0.3910294865304422 0.558246614284566 0.38040098840383507 0.5568962971996331 0.38514084229564105 0.5195920163529171 0.39576927572920795 0.5209423292837139
75 0.35428950231005274 0.4990574484864152 0.36841954885790074 0.4983906645601536 0.3705844223660506 0.5442635359150517 0.35645437599418983 0.5449303174141685
75 0.3211674796530133 0.47977702571354264 0.33552286423969235 0.4805028328820346 0.33301898528077345 0.5300220633454465 0.31866360089895807 0.5292962589479938
75 0.31780768578346397 0.5178383106592923 0.30813284242003647 0.517457850965564 0.30949559554369444 0.4828072897422041 0.3191703882158663 0.4831877484430667
75 0.22929610596190741 0.43101370236483505 0.2556644063040494 0.4218886769696534 0.2711450624618692 0.46661999281875255 0.24477677649019824 0.4757449886716062