0 0.42779433988175697 0.6903766797228195 0.4161537492578873 0.7352401821628588 0.294206359992927 0.7036026338554194 0.305847334270652 0.658739735873179
43 0.5083520875567729 0.6600134691761533 0.5051316443959877 0.7035453589933585 0.333529275115211 0.6908502910768884 0.3367504241605275 0.6473191710409785
6 0.5073171960073068 0.700067934375 0.42090577422925435 0.700067934375 0.42090626111769325 0.65794836875 0.507316925965597 0.65794836875
6 0.4484217429117052 0.6642780300090604 0.4468847728116998 0.6169771984060717 0.5312911861285556 0.6142346212581502 0.5328285317552854 0.6615350693105146
6 0.4838514048166189 0.616359411614361 0.4883399520023204 0.5864357414624415 0.5453217129970653 0.5949819780446756 0.5408333433657617 0.6249054894515096
27 0.37589064545386464 0.5945732615693966 0.375358774715437 0.5672871775627263 0.4886924256616112 0.5650778257808136 0.48922456462867103 0.5923636361730986
6 0.4880774372630867 0.595972234313382 0.4861713118315265 0.5627334905163431 0.550510352607148 0.5590441258779175 0.5524166548710809 0.5922826823892647
57 0.49996491119475195 0.7475041233246794 0.501442762154511 0.7008388949208151 0.6623103076777852 0.7059321041658462 0.6608333155330683 0.7525964804685968
55 0.5112940436550844 0.699765050195527 0.5197286689742668 0.6529540669278541 0.6855838555742366 0.682833339864738 0.6771501713784573 0.7296434930232988
27 0.7208826442106329 0.6475048468737266 0.7114987174456928 0.690711340861598 0.594907052382041 0.6653915817039194 0.6042913464661979 0.6221856080047107
6 0.5950547723831505 0.6760834532204271 0.5433882016453708 0.6581476532024361 0.5616586735219471 0.6055244311511473 0.6133247321212139 0.6234601343149017
6 0.49122793032790923 0.4352292268313257 0.4874347162651702 0.4021563561482652 0.5615438907043426 0.39365689731595205 0.565337239654923 0.42672961395483866
6 0.48432055625 0.373980978125 0.547038328125 0.373980978125 0.547038328125 0.407269021875 0.48432055625 0.407269021875
6 0.5372821774341219 0.3311819988738231 0.5372822694405386 0.37805710040264456 0.4578396354601182 0.3780570201732165 0.45783974469486566 0.3311821231018354
38 0.34011708604623436 0.34094635651860644 0.3379250067105204 0.2991819512425719 0.5123200282569087 0.2900280735932582 0.5145124408804804 0.3317921405950664
6 0.5102544143999239 0.28717595157574355 0.5154753069451772 0.33001810670352766 0.4328438447687404 0.34008734094811194 0.42762314058165884 0.2972453597274564
39 0.469354899164955 0.24940137392842118 0.4802561999728141 0.29412919876383176 0.32536327341222204 0.33187885973081865 0.3144623391528967 0.28715135221359717
40 0.6623335687811505 0.23231057668420882 0.6636094717746346 0.2820313662405618 0.5059602996205967 0.2860760776258415 0.5046847115131641 0.23635558796261397
41 0.6704151979488415 0.2634693236618322 0.6779873963748742 0.31511889028721135 0.524636089384785 0.3375999105089062 0.5170642966000969 0.28595070349134816
6 0.5328571834153308 0.34198712649356583 0.5175008741190368 0.289480865100423 0.5854672338068667 0.26960355826951005 0.6008236437068035 0.3221096436531233
6 0.637205287881784 0.3690681499087714 0.6426722210669595 0.4027135003815909 0.5816816287489246 0.41262301884826674 0.5762148344226716 0.3789777913142011
27 0.89921875 0.06328125 0.91484375 0.06328125 0.91484375 0.07265625 0.89921875 0.07265625