67 0.3291706593032586 0.5615067989024117 0.3030437984530181 0.5599289669931807 0.30591841889633997 0.5123349296693841 0.33204507516597914 0.5139127553565959
75 0.2956695820078039 0.49441513652020685 0.3030391201244811 0.49591721077243117 0.29697071914404205 0.5256879134483845 0.28960118208408403 0.5241858427442432
75 0.302462285677052 0.5417262849620971 0.2928965398809851 0.5387267406417204 0.30623984781516356 0.496177710254816 0.3158055311442922 0.49917724406851594
75 0.3460822221252329 0.5669528331347299 0.3307503070407165 0.5661591947497187 0.33352165761539254 0.5126271470604921 0.3488534373376524 0.513420781926405
75 0.3507904583133268 0.5263580056395556 0.3649170489611606 0.5270560110968988 0.362689439710266 0.5721354440822438 0.34856284925342607 0.571437441258757
75 0.6380283893217893 0.5745898761026148 0.6287184881640542 0.5758548996502355 0.6240598063262723 0.541572534216096 0.6333696536037223 0.5403075143738885
75 0.638061099347965 0.5357904933223213 0.6490202589731098 0.5370314312923079 0.6458911210449969 0.564663427661682 0.634931961904158 0.5634224925836027
75 0.6836639016961499 0.539943721112038 0.673466786108861 0.5405595383853521 0.671434568604127 0.506911096316081 0.6816316293665068 0.5062952807060636
75 0.6929228906446951 0.5283474821019439 0.6840407554134345 0.5291520916880418 0.6816523050039223 0.5027877978498942 0.6905344035421876 0.5019831899357269
75 0.7139152421874542 0.5823066453125004 0.7209094391307644 0.5811187014715775 0.72462704100667 0.6030043211902997 0.717632844660443 0.6041922626513249
75 0.7170758379313611 0.6097179478322733 0.7096865053107422 0.6103873082424359 0.7076198026991278 0.5875744887825072 0.715009104613614 0.5869051297724589
75 0.663869083345503 0.6175897569464224 0.6718837327171059 0.6161377626348551 0.677270960594683 0.6458703556857517 0.6692563123442596 0.6473223457741494
75 0.6685881540889795 0.661880990410464 0.6566093277308482 0.6631127086236545 0.652270114283283 0.6209174084254354 0.6642488421874759 0.6196856953125045
75 0.3731478349857298 0.6374627111878189 0.38373468573990976 0.6401183639187317 0.3742975029053923 0.6777351113251717 0.3637106558986716 0.6750794689143423
78 0.3007831551408344 0.6380365381594776 0.32811675584389377 0.5890126901343098 0.38964221905951035 0.623312639480991 0.36230900311170444 0.6723361555257839
67 0.32000316932965234 0.6630576007236225 0.33305968825345644 0.644134619872731 0.35808578590786055 0.6613999121295506 0.345029332123886 0.6803228348979123
75 0.3144264072165015 0.6498836642817551 0.2993429638110001 0.6494932870277094 0.3005977095730259 0.6010211182914174 0.3156810140625339 0.6014114937500002
28 0.32509953484373 0.7764077689534181 0.3185675218026063 0.774955476284775 0.34030355077175045 0.677209260314512 0.34683542622303776 0.6786615372548673
28 0.3220018683028911 0.6595565549447256 0.3317271063115186 0.6633960208428273 0.2969609293184021 0.7514445378374048 0.28723571249997804 0.7476051109375093