6 0.35455876742719283 0.6049290073478183 0.31410391779502334 0.629849693430328 0.2672956129168824 0.553871225962518 0.30774996928585097 0.528950739472134
6 0.34195949376226054 0.5787486240659845 0.38577564836793954 0.5891249521967928 0.3687740873012899 0.6609092518042933 0.32495795747831835 0.6505329958192612
6 0.39688319291622065 0.6816902791503059 0.3654865720714042 0.6758041659432918 0.37822039278228203 0.6078916276787456 0.40961659886477264 0.6137777010018799
6 0.40362640918272064 0.6244653874344696 0.4377505946325755 0.6271590583659682 0.4332685488449215 0.6839316299294661 0.3991443652801081 0.6812379742720068
6 0.5877727266107513 0.715216345418208 0.5570150999334373 0.7174130055817585 0.5516041889339931 0.6416566202473859 0.5823613388863578 0.6394599770713112
6 0.5776487247456998 0.6262820433443844 0.6136934194324795 0.6237077530973408 0.6180101699178522 0.6841423266094002 0.5819654768789633 0.6867166013016422
6 0.6332757127811419 0.6699816064185081 0.5915244623610079 0.6355165375879124 0.6529010729565243 0.561173652109878 0.6946518458809123 0.5956384041693832
6 0.38060478508032247 0.5515205393857793 0.3530538676972128 0.5471127585259428 0.3633928537014981 0.48249497375617717 0.390943494002272 0.4869027321032607
27 0.398000015259413 0.6679997482367935 0.3925013282311056 0.7587212905018784 0.3661010684121493 0.7571212773481292 0.371599999999944 0.6663999999999918
27 0.5822413084378013 0.6682155373407396 0.6160000000000991 0.6607999999999895 0.6359008048438 0.7513834162353618 0.6021421371126507 0.75879887874056
27 0.3755134425216511 0.41651897730303505 0.39886484282885704 0.4204106238633995 0.3867999999999938 0.49279999999999785 0.36344860447889005 0.4889083731514107
0 0.29795990515060566 0.4417012377977849 0.25724347930827207 0.4362726442262034 0.2759966913617973 0.29562633797458915 0.3167124629648015 0.3010548867050238
43 0.32411035169832303 0.512516528410891 0.28141758345770995 0.5096058486947787 0.2924797429911905 0.34736919571310404 0.3351715741107455 0.35027984265860007
38 0.7102168266552553 0.5248247047622218 0.6633431083803316 0.5310740900078575 0.6400005050725213 0.3559997896336369 0.6868730938429053 0.3497504821598584
39 0.6484332473236236 0.29174108891305295 0.6948304023045466 0.2797556536063144 0.7304730909994532 0.4177281647712729 0.6840759698328611 0.4297135061933584
40 0.7338226467521736 0.6357889511444514 0.6582533308841221 0.6089448265596481 0.6913766335921991 0.5157104610143517 0.7669447433655705 0.5425543496488181
55 0.3009324428370519 0.5296859559111083 0.35101675778093977 0.5426095261767938 0.31134913019525357 0.6963216249434633 0.2612648845976082 0.6833982450899149
57 0.2937845278250961 0.6276886988970505 0.2250718551230193 0.6375037810934673 0.20952846874990882 0.5286951903675807 0.2782398312061787 0.5188802031468737
27 0.93125 0.9265625 0.9375 0.9265625 0.9375 0.9421875 0.93125 0.9421875