6 0.47681145144099446 0.32593736307591087 0.48144023089446364 0.28456377819977974 0.5732654934689663 0.2948365590304135 0.5686369112345346 0.3362099646858388
6 0.4448263483234314 0.37241692823773037 0.4462784565265565 0.3247581038623814 0.5349496547240733 0.3274595984953095 0.533497778156061 0.37511819931175067
6 0.4827948549645953 0.2849459356729287 0.48040977732864576 0.33387869706640705 0.3888714284207708 0.32941677521027 0.39125670516682476 0.2804842242206172
6 0.3990303652851708 0.39447276031183326 0.3567355094011191 0.36460199488627076 0.3980537986768695 0.30610071479900597 0.44034842564576593 0.33597136553099255
6 0.3454071372018461 0.6103377067312666 0.34362318230137134 0.5737397791092955 0.41193698451684213 0.5704100813730939 0.4137211529025535 0.6070077844024528
6 0.45331384419318965 0.6474515294762151 0.40721872310643903 0.6793244330521115 0.3643760114292718 0.6173717320163062 0.41047065870657207 0.5854990572405941
6 0.4930830021806969 0.69470659508868 0.44788692356280535 0.7341942334686516 0.3927120532974868 0.6710516170441958 0.43790767173015865 0.6315643195046814
6 0.5714346178086771 0.6678245856068035 0.5732117903555718 0.7152080469704939 0.48755780868589227 0.7184195458360613 0.4857810803314351 0.6710365145115266
6 0.5415015531037852 0.6195846049930108 0.5442938508118687 0.6734193778962396 0.4583601647080968 0.6778754083880805 0.4555683460472437 0.6240410926695689
6 0.4021432363603026 0.5482566921548513 0.4036132951608806 0.5226256370437453 0.4877932640808922 0.5274531304874273 0.4863233917205889 0.5530840082795077
6 0.4101201485890442 0.4777792355599677 0.4094711853493891 0.45381201638283003 0.4930243447679459 0.45154959029622505 0.493673445850618 0.47551666829552625
43 0.47739608733843397 0.3250556575334368 0.48273666678471727 0.28342431877933055 0.6792001166008959 0.3086258433630759 0.6738599800833072 0.35025677380247505
38 0.6706817077470077 0.6180372235171417 0.671878121456416 0.669543723895969 0.4599477879622782 0.6744625140242928 0.45875246931325364 0.6229570515293607
39 0.6665915028324889 0.6583432056479381 0.6705041857914011 0.7051910615789022 0.48970388097063733 0.7202865189879966 0.48579215223242045 0.6734395364177915
41 0.317882593140439 0.7309789059921261 0.3090384431136499 0.6716777100602969 0.4816315951749175 0.6459393707141889 0.4904766415315862 0.7052395171939939
27 0.24639576009587927 0.33701556755649653 0.25878119210335626 0.29161999227497803 0.3888501734372767 0.32710597812503206 0.3764651092413942 0.3725012309124536
55 0.48502035338140104 0.2882744027264272 0.47762440730480193 0.3392146015736024 0.30863637993547854 0.3146793827730553 0.3160326513587961 0.26373959816634346
57 0.4970628696166841 0.24613179733288776 0.486370409455958 0.2991002817473226 0.3709054493123176 0.2757920908676443 0.38159809350918295 0.2228238497431237
27 0.07734375 0.925 0.10078125 0.925 0.10078125 0.9296875 0.07734375 0.9296875