6 0.28213276875000004 0.38735464999999997 0.321680790625 0.38735464999999997 0.321680790625 0.4818313953125 0.28213276875000004 0.4818313953125
6 0.36617217038326544 0.40624989713266896 0.3661723779981685 0.4992733244488276 0.31744346189066164 0.4992731740440907 0.3174435656432024 0.40625005481995174
6 0.42761299375000006 0.4767441859375 0.45515536718750005 0.4767441859375 0.45515536718750005 0.555232559375 0.42761299375000006 0.555232559375
6 0.6348869568037117 0.5138081857780585 0.6348871119251953 0.42151152505739775 0.67937844123594 0.42151169530921684 0.679378579277909 0.5138080604770002
6 0.6748144508485439 0.4169659081753385 0.7122613643272189 0.4151465642634289 0.7162739810401035 0.4977318341784809 0.6788270683404107 0.4995511676383026
6 0.5850988703125 0.5734011625 0.619703390625 0.5734011625 0.619703390625 0.651162790625 0.5850988703125 0.651162790625
6 0.6591668195278544 0.5474095025794258 0.6692342389072792 0.6354462382133234 0.6209488341022507 0.6409669880274439 0.6108818377199441 0.5529306382210778
6 0.7061422097001469 0.6103900431811022 0.662632163258877 0.6115979490511273 0.6604105419622783 0.5315693926903473 0.7039199784229595 0.5303614953331246
6 0.29961956061310957 0.4992075399330396 0.3412024054258609 0.5042581479326308 0.3321867069385007 0.5784801148499842 0.2906038675603213 0.5734295378709011
6 0.3355456049002896 0.5389633238612921 0.3826853805187511 0.5415079744480013 0.3778908987351315 0.6303170750223168 0.330751124653375 0.6277724445441382
6 0.3787409295478028 0.5740114736891978 0.41112126341351996 0.5762587819406545 0.4073380609140713 0.6307631397512213 0.3749577281848815 0.6285158427601761
27 0.45444928600591084 0.49273255623665785 0.4309242297987339 0.49328816381256346 0.4281563105556643 0.37608919578444494 0.45168102178627123 0.37553359212777193
27 0.4594881215460873 0.35653349275457397 0.4895198328853212 0.3572630296659938 0.485875706249999 0.5072674406250008 0.4558439951931632 0.5065379107973489
27 0.6922619707236208 0.70990996037767 0.6492313247082393 0.7211919571474846 0.620105925638768 0.6101190680868079 0.6631355921874729 0.5988372093750006
27 0.707940350559511 0.7002805902485824 0.6731244442486286 0.7013836843391636 0.6696340189295142 0.5912193613498701 0.7044491531249832 0.5901162796874991
43 0.3196619246989485 0.4828810526557193 0.27927125774647266 0.4810696186880517 0.28739992763996725 0.29984141522457625 0.32778970903746085 0.3016528291010083
38 0.6703694743566757 0.32159185266601054 0.7083832850730687 0.3199622361892269 0.71600905431103 0.49783903486988185 0.6779952449120401 0.499468633072364
41 0.6597295596228605 0.5323699145566327 0.7033413033997249 0.5302511347789676 0.7115552247053074 0.6993035666072391 0.667943483201384 0.7014223128396643
40 0.7082514535618429 0.5302564541124274 0.7708958430891926 0.5349906718743419 0.7634986641379555 0.632862303470863 0.7008542788781824 0.6281281269047951
55 0.2999090943067131 0.4998359606897351 0.34109723854555796 0.5051217540710381 0.31731389239848795 0.6904288118099859 0.2761257650093967 0.6851431067859853
27 0.94921875 0.9171875 0.95859375 0.9171875 0.95859375 0.9265625 0.94921875 0.9265625