67 0.25752879797073547 0.4810159710245388 0.2702612296341158 0.48283923474401386 0.26653955943800156 0.5088269248728641 0.2538071285339356 0.50700366476081
67 0.26521695792462197 0.5091016418282863 0.2722761927210513 0.489895289186088 0.2950935175357472 0.4982810897225611 0.2880343250488977 0.5174874064572581
67 0.3419101814910164 0.47608500085471583 0.3667991355415552 0.49768981735518736 0.3276383169433075 0.542799771027646 0.3027494560088826 0.5211950545016258
76 0.35879652044059185 0.45907950169170214 0.3906496023669206 0.4658888471089801 0.3722794766061952 0.5518149946970186 0.3404264089084563 0.545005695404624
28 0.36747877171842447 0.46538903432336653 0.36060765942488615 0.4651594450724801 0.36398183488233826 0.36418464799482186 0.3708528585431168 0.36441423575264764
76 0.40658548553983564 0.5093548828023813 0.42412355367787313 0.510309212947313 0.42119536180166506 0.5641170276103905 0.4036572939950247 0.5631627016734516
75 0.4052297235213018 0.48724714339132613 0.4158354946325744 0.4870722600540012 0.416510317412758 0.5279936234757902 0.40590454631683315 0.5281685062592039
76 0.4312780390625 0.536359528125 0.44019305 0.536359528125 0.44019305 0.5666032984375 0.4312780390625 0.5666032984375
76 0.44620696215599764 0.5371869331515492 0.4535877021567103 0.5366849100555008 0.4565456804340329 0.5801690368989325 0.44916494062397305 0.5806710581346453
76 0.4544566499675966 0.5394084610832638 0.4646866673028853 0.5395824172177689 0.46392521816846966 0.5843575220837511 0.4536952008501203 0.5841835666153091
76 0.5111702546875 0.5395099203125 0.52042815 0.5395099203125 0.52042815 0.5873958921875 0.5111702546875 0.5873958921875
76 0.521804132390912 0.544972047354372 0.531523251834642 0.5458182200827233 0.5285130900366539 0.5803895809989117 0.5187939709184093 0.5795434107854295
76 0.5776370016767487 0.5730555113891882 0.5583206226447146 0.5751546577076959 0.5504576579334071 0.5028048772880612 0.5697738075975849 0.5007057435780647
28 0.5655107582593928 0.5038119752286708 0.5594829305082385 0.5034260817105398 0.5697167819964761 0.34357986403780033 0.5757444807923093 0.34396575331495305
67 0.5733364921787825 0.5207555580915734 0.6118391796412652 0.5233744348797289 0.6085091705849663 0.5723277855249573 0.5700064842385473 0.5697089194721929
67 0.6419833599629783 0.5633889242714424 0.6082481665338264 0.567978138103994 0.6011253169076554 0.5156219563772199 0.6348602209187675 0.5110327625268741
67 0.649609808669311 0.5583138842612415 0.6345744985320607 0.5576321011266977 0.6364263940633919 0.5167971612241008 0.6514616037353562 0.5174789420776362
75 0.6859867933060286 0.4691491898260112 0.7242731893666132 0.4718374052815739 0.7188313999306502 0.5493351283676914 0.6805450057159987 0.546646929128321
28 0.7093724114838551 0.48714067770931135 0.6990995709805929 0.4878922871001605 0.690997154406432 0.37715578420394696 0.7012698404583944 0.376404180604415
67 0.751544691072354 0.514706920623382 0.7310895965505324 0.5218990913058675 0.7135184784124249 0.4719289976403461 0.7339734240723601 0.46473685561395134
75 0.7323785008876484 0.5617939824033781 0.7554693845349902 0.586923094514638 0.7194264410962887 0.62003895649832 0.6963356722484377 0.5949099552929751
67 0.6676107436862821 0.6001146650438938 0.6969075946599332 0.6169936322084535 0.6653081789619364 0.6718339945774146 0.6360114035658171 0.6549551309954581
75 0.6196039511188474 0.6305133948579643 0.6587906061561171 0.6364362452423296 0.6498062893081169 0.6958702784591205 0.610619642130473 0.6899474640263443
28 0.6352457950495136 0.6898613326549884 0.642889493911639 0.6874781198889862 0.6727963699397606 0.7833833618411736 0.6651526829959948 0.7857665477795814
28 0.6447502910930325 0.8055539893842023 0.631659317476533 0.8075306671607112 0.6150212651343736 0.6973602271680175 0.6281119124993211 0.6953835743492784
67 0.588786254189472 0.6336624479971248 0.6121301687400091 0.6321475453119113 0.616507723981158 0.6995946427821014 0.5931638104627837 0.7011095350636141
28 0.6093281711686132 0.8373183222608452 0.6005857999344926 0.8378448320762407 0.592227510736052 0.6990841569591537 0.6009696082115852 0.6985576552126589
67 0.3850626176520109 0.6107695268119026 0.40377014162947944 0.6260384799468377 0.38203200067039234 0.6526687814133856 0.36332452275257765 0.6373998788513174
78 0.32265593612464727 0.6005455118088685 0.38237044089396477 0.6025348379593215 0.37999681956273434 0.6737763490050666 0.32028231554727427 0.6717870365869372
67 0.2888612721632171 0.5934759712748627 0.31165016914076205 0.579793081452068 0.34408777693658976 0.6338120215547807 0.32129894081845123 0.6474948308280521
67 0.21990789751851025 0.5537814696725558 0.24519054485915603 0.5321034579067878 0.2925192394362739 0.5872967109408829 0.26723671925924464 0.6089745861254916