27 0.6986766726338374 0.6405058934590577 0.6994675456930963 0.6775609235668888 0.5506160887747455 0.6807365240033119 0.5498257828124906 0.643682065624983
6 0.49825779683794735 0.3634510894354525 0.49825793130571583 0.3220107822504543 0.5825783778357163 0.32201095445414 0.5825784255143844 0.36345108005336946
6 0.5016692295564553 0.6922338677421976 0.4940526045105571 0.6475923013124266 0.5609258321384232 0.6361840146909215 0.5685426977236148 0.6808252747920888
6 0.523342605624066 0.7287141846368512 0.5168356772576317 0.6886707180041913 0.5898516785804304 0.6768074997344041 0.5963588603299286 0.71685064967961
0 0.5459974977097772 0.2926909086473225 0.5494636117224445 0.24893512404276563 0.712258868432059 0.261830410149157 0.7087930811710521 0.30558587683444033
43 0.51689890013472 0.323881900437389 0.5175185956862833 0.28703174585650804 0.6971386599412881 0.29005171698819454 0.6965192804141225 0.3269015569141071
38 0.5207488670044995 0.7243854592340989 0.5183673428474549 0.6852980864529762 0.689161481637143 0.6748922454327112 0.691543670516694 0.7139789055570875
39 0.6026071937553752 0.7421834917477741 0.5968341140277289 0.7151154265616043 0.6853396583383073 0.6962416725197322 0.6911129313092488 0.7233094680838184
41 0.31996499446290727 0.7213228568606018 0.3144975136170842 0.6715036167443932 0.4908560790278216 0.6521501402610008 0.49632437029765697 0.7019684739875759
40 0.3577089722263054 0.7691927138555736 0.3495788065616807 0.7223126026531519 0.4967930390995434 0.6967851936505605 0.5049238190892993 0.7436645314993559
55 0.4983682923740389 0.3008483993840667 0.4934759043065924 0.3453742966770697 0.32170720812757736 0.32650053606262586 0.326599915265092 0.28197501052859564
57 0.45958999802462586 0.20265917532085662 0.5091087034357997 0.2783527734757885 0.4413945317194248 0.32265014692000366 0.39187610503063297 0.2469567948668388
27 0.07890625 0.928125 0.09921875 0.928125 0.09921875 0.940625 0.07890625 0.940625