6 0.39137449336101326 0.6661915157055415 0.41181942696209717 0.6371058009091347 0.48145193416451093 0.6860451530014307 0.4610072853371321 0.7151306125888903
27 0.3002344737767544 0.7244046230942705 0.2939328894412938 0.6785787918385626 0.4420990978381951 0.6582068964245527 0.4484012808886746 0.7040319780209501
0 0.5304690340590241 0.30735053825937264 0.5371626857833007 0.2688337990188359 0.6725705393200769 0.2923648450433463 0.6658771615780097 0.33088134046660994
43 0.4690057647467256 0.3386817651889229 0.4748656890755001 0.2912012028293692 0.6495026481711648 0.31275328504868455 0.6436431824888587 0.3602334269664386
38 0.6377222643448022 0.6402613172010188 0.6454896458737949 0.6847205304918591 0.48122105756829114 0.7134135732610207 0.4734545363905909 0.6689551157032071
39 0.6879241265153269 0.6615026227454068 0.696698432077028 0.704383228632897 0.5627971576905111 0.7317768216206622 0.5540235604469217 0.6888968309222534
41 0.3008322566552124 0.7241719997762448 0.29323834615740907 0.6661438648468695 0.4695659690037246 0.6430705483650414 0.4771607895801253 0.7010976200867095
40 0.47652189142581847 0.7038922169812443 0.4688821811856769 0.7734210686207227 0.3669036151762839 0.7622166698943134 0.3745440180816786 0.6926886081479295
55 0.478744676732731 0.3089127760044443 0.46970325558686454 0.36330066469699945 0.3046080049657576 0.33585535259850485 0.3136497769116886 0.2814679178418668
57 0.37730332900991925 0.30484353870162517 0.3798431704158247 0.24221060292260999 0.48501033809532146 0.24647504154910674 0.4824707838414497 0.3091077046765894
27 0.06640625 0.93203125 0.07421875 0.93203125 0.07421875 0.93984375 0.06640625 0.93984375