6 0.3898609389767671 0.38071225674723147 0.3974070711343529 0.33427061328219393 0.46183240124469194 0.3447384301293583 0.45428645785113986 0.39117990472971337
6 0.44230029793413905 0.649155703962343 0.38188075412222133 0.6545443983184824 0.37754406309488786 0.605922762326888 0.43796304491979754 0.60053409322289
0 0.6507931680131378 0.2622894297684586 0.6496890109503966 0.2985373717838896 0.4978410292585522 0.293911375428583 0.4989454126266537 0.2576636647390478
43 0.6446945860523101 0.28654412204443624 0.6466257380564002 0.3261580928468755 0.48581684406963177 0.33399632414448793 0.483886007414867 0.29438264852324664
38 0.6336548592420286 0.6577685156785548 0.6354925708840256 0.6979683664621884 0.47166941854686684 0.7054545555099787 0.4698324205928657 0.6652553864517317
39 0.6302010870184631 0.6998905548388922 0.6314093380336772 0.7395324069968728 0.48629579562134495 0.7439530170473868 0.48508819467565445 0.7043117912415836
41 0.30624091300421696 0.7021936627285361 0.30299479841130506 0.6573487821953103 0.4513620643263039 0.6466097512982013 0.45460881010490084 0.6914539503551748
40 0.33683925904870193 0.7476714174873289 0.3320476021981449 0.7003636028154125 0.46951069088834174 0.686441850198901 0.47430297957942 0.733748952342109
55 0.4756151921848186 0.3020301515569398 0.4725861145419685 0.3459219551114211 0.31215700151017245 0.33485003554526277 0.3151863928515013 0.2909585861876315
57 0.4920096621219727 0.2704466549336718 0.47468439297585974 0.320007686681781 0.3610396938984195 0.2802809444750308 0.37836508615180264 0.23072015701848256
27 0.08359375 0.93828125 0.09765625 0.93828125 0.09765625 0.94453125 0.08359375 0.94453125