43 0.3671662088923995 0.5355566747648168 0.3263051824891363 0.5324403438796782 0.34158990807850387 0.3320501884455731 0.3824498455314824 0.3351664773957471
55 0.33464446313780627 0.5522677533884005 0.38348385440690436 0.563398866966466 0.34510818920421116 0.7317577265559552 0.2962688596406906 0.720626799789136
6 0.4075514584261555 0.671635101218321 0.35158708654103066 0.6454614779332896 0.38128516373797083 0.5819697681539471 0.4372488935233605 0.6081432151042447
27 0.4319950100563119 0.5256075628408955 0.3998239574790432 0.5254039624155964 0.40078081023773393 0.3742783665692853 0.43295120923062314 0.3744819649532964
6 0.43604885685783756 0.5230842299211592 0.4254215591721504 0.5921571471344736 0.38944221527196987 0.5866218876075953 0.40006968541797505 0.5175491843147846
27 0.45667972267210644 0.5352953961067775 0.42616034608965947 0.5345449739501672 0.4297534096644995 0.3884398603279504 0.4602721723041441 0.38919027504214965
6 0.9995919976627192 -0.000008721552111745774 1.001029119854934 0.0015575627692259626 0.4290370789768758 0.5263662354075035 0.427599999999984 0.5248000000000085
6 0.42319244323084604 0.5256906099878416 0.4596724679691988 0.5287303303085593 0.45349517227816705 0.6028577270555658 0.4170151499657777 0.599818026231257
27 0.6035281078527532 0.3870622216759127 0.627965983349668 0.387383749957922 0.6259853914148152 0.5379103088973956 0.6015475159814514 0.5375887840155872
6 0.5768 0.54 0.6115999999999999 0.54 0.6115999999999999 0.6056 0.5768 0.6056
6 0.5990030503407979 0.532824312309844 0.6325784882246808 0.5286277810216701 0.6409600325002884 0.5956801887456546 0.6073845991261351 0.5998766956033958
6 0.6184670510426713 0.5046463580844941 0.663671200993349 0.4966698710245442 0.6767906798359036 0.5710139618455626 0.6315865426283835 0.5789903995020238
38 0.6439531903114357 0.38964042728541237 0.6839828615843544 0.3826086818404902 0.7121519652406505 0.5429574311697317 0.6721223154304425 0.549989095277951
40 0.7703214295488579 0.6954566713693334 0.722499941809815 0.7013064865671104 0.7042479584746388 0.5521117101485461 0.7520680919391225 0.5462619788473949
41 0.7409510265115387 0.7356536123715116 0.6908949156450035 0.7458434327467449 0.6555628988144235 0.5722989744436293 0.7056173599720523 0.5621093231553317
27 0.5780942946989853 0.7050648573643835 0.5995119383590009 0.7028342358139796 0.6127013048720755 0.8294521238778723 0.5912836664158476 0.831682712256402
6 0.6002704429369032 0.7094066185846127 0.5744547853380482 0.7106972185856206 0.5716569142758772 0.6547371084324692 0.5974722755960329 0.6534465157899644
6 0.6111612528744672 0.6079738538674504 0.6624360559627576 0.5972929175466457 0.6781033783069006 0.6724963120512493 0.6268285991169478 0.6831771686108056
27 0.96328125 0.91953125 0.97265625 0.91953125 0.97265625 0.93359375 0.96328125 0.93359375