6 0.3257372254975053 0.4527816700852087 0.2804673206737789 0.4547839879117394 0.27616184057228566 0.3574415930370921 0.32143120005696346 0.3554392873153327
6 0.3246110328125 0.3670058140625 0.37411598281249997 0.3670058140625 0.37411598281249997 0.462936046875 0.3246110328125 0.462936046875
6 0.3714495802239526 0.38173736563993305 0.4056711648664759 0.38261367961804155 0.40338029636427564 0.4720713183425227 0.36915871191058613 0.47119500948551096
6 0.6789205614677485 0.4899202494447837 0.6326719487626633 0.48767010017740864 0.6369633061184459 0.39947832443004433 0.683211368007278 0.4017284602972082
6 0.6810661244967378 0.3789277199488744 0.7255836621233129 0.37967459463074404 0.723922158516757 0.4787034262079287 0.6794046209923863 0.47795655635681356
6 0.29936407709681134 0.5651844238781302 0.24476164239092668 0.547727293305841 0.2673148133350196 0.47719239062192503 0.321916653285939 0.4946494188055764
6 0.29647048097547213 0.5634004195943245 0.31685046545919704 0.49068960194401745 0.3738319574590605 0.5066595621741815 0.3534523824610005 0.5793700290182794
6 0.39353766320834893 0.5804374114869143 0.35777056479662406 0.5785039276865552 0.36076762012316976 0.5230701882752141 0.39653438504967653 0.5250036630339847
6 0.4243280879724125 0.5312499365801634 0.4243282032083471 0.5915697950888349 0.38861382079926443 0.5915697252894286 0.3886138900414835 0.5312500519023342
0 0.27919775769089483 0.4318320269871843 0.23183626537161217 0.4335389467724528 0.22462888563154593 0.23354899510016885 0.2719892998400155 0.23184209618051727
43 0.2744856723797966 0.28373340879234243 0.3210099079304882 0.2824758550773627 0.32559979602274325 0.4522761199339033 0.2790755608659765 0.45353366152360064
38 0.72454050611816 0.4774709296875001 0.6796321151927032 0.4774709296875001 0.6796326043876206 0.29069767343749997 0.7245399781069182 0.29069767343749997
40 0.7837060322137859 0.634207980444376 0.7285494190024338 0.6404486047060667 0.7102291115354546 0.47853714028656974 0.7653842413960774 0.47229659979095123
41 0.7489233101198352 0.6895992031295146 0.6968808832780269 0.7004502834773821 0.6604177906833684 0.5255876405956066 0.7124586103431056 0.5147367293945442
55 0.26162202696752956 0.4787284903844607 0.31476905011106737 0.48522961372975143 0.29106726303359665 0.6789747848611131 0.2379202603349313 0.6724737723000875
57 0.2598576930690797 0.5967941842603216 0.18109453726560787 0.5960277895678248 0.18229972822666696 0.472265164217967 0.26106129855304516 0.4730315512017954
27 0.92734375 0.9234375 0.93984375 0.9234375 0.93984375 0.9375 0.92734375 0.9375