6 0.4527814421073799 0.6742627767501936 0.4547844126433347 0.7195326119197646 0.35744164862148864 0.723838185120668 0.3554391672978454 0.6785688204281797
6 0.4629359589721389 0.6258838584888168 0.46293625615680867 0.6753890313202404 0.3670057318219051 0.6753889338750714 0.3670059057544677 0.6258842331000407
6 0.3817371492240227 0.6285504177014397 0.3826138222211739 0.5943286995137897 0.47207135029862 0.5966198404776908 0.4711949700765672 0.6308412744354082
6 0.48992030950842036 0.32107950751434505 0.48767007579772326 0.3673279598744584 0.399478192801098 0.3630368037081759 0.4017286283969952 0.3167885643343778
6 0.37892759810074494 0.31893386250108774 0.37967468200690746 0.2744162499535068 0.4787034335175804 0.2760779680839304 0.4779565529767069 0.3205953799273762
6 0.5651852626118625 0.7006360883864563 0.5477247298435941 0.7552372228056434 0.47719136037574117 0.7326849423199693 0.49465212955919924 0.6780842499540132
6 0.5634014987189175 0.703526599963025 0.4906891331310135 0.6831510631868519 0.5066588769469718 0.6261706164489435 0.5793704195269811 0.6465460309682606
6 0.5804374841779918 0.6064623596524116 0.5785037138975895 0.6422293603248233 0.5230697866104492 0.6392324131439896 0.5250037343495251 0.6034656014050807
6 0.53125 0.575671853125 0.5915697671875 0.575671853125 0.5915697671875 0.6113861375 0.53125 0.6113861375
0 0.4318316312381967 0.7208013111566122 0.4335396454091551 0.7681633400554241 0.23354902750702422 0.7753723818312478 0.23184213054355496 0.7280114657343524
43 0.28373315822159384 0.7255145143077052 0.2824759002761539 0.678989704882029 0.4522759191310115 0.6744003905883391 0.4535339956809139 0.7209243717512865
38 0.47747080475232906 0.2754595663170553 0.4774710035811722 0.3203677536642493 0.29069759186381816 0.32036771811636094 0.2906977739902459 0.27545992439942646
40 0.6342077887881032 0.21629445265356043 0.6404492386512857 0.2714501378695888 0.478537543493303 0.28977105857953683 0.4722964696084091 0.23461570916026736
41 0.6895984896539176 0.25107764591201864 0.7004510226270213 0.3031188689235333 0.5255885766887332 0.3395821732836702 0.5147365159623405 0.28754135188141206
55 0.478727807927271 0.7383773238685246 0.48523190097557745 0.6852302921066834 0.6789760005253811 0.7089357801448254 0.6724731685949337 0.7620816530612882
57 0.5967940621718526 0.7401421181625936 0.5960283743555692 0.8189048318351633 0.4722650907555135 0.8177003848785152 0.47303192300159935 0.7389388248009328
27 0.9234375 0.06015625 0.9375 0.06015625 0.9375 0.07265625 0.9234375 0.07265625