6 0.5328805389212903 0.6548596914051233 0.5346866743581131 0.699454829294231 0.4525820787515613 0.7027791144633636 0.4507763371109377 0.6581843560942867
6 0.46584302343750006 0.6137005656250001 0.54360465 0.6137005656250001 0.54360465 0.6588983046875 0.46584302343750006 0.6588983046875
6 0.5557971040512939 0.3469223452371065 0.5525359468243778 0.38887228136209706 0.45202904349071105 0.38105886870527295 0.4552904150193626 0.3391091665600198
6 0.4751511228622576 0.3514708333281672 0.47160482754918576 0.30767835584024517 0.5459834983505516 0.3016553486632405 0.5495299416870694 0.34544766238413654
6 0.5863542729521214 0.3468191186466133 0.5854834011146295 0.2984197956757343 0.6623471745647294 0.29703676809319574 0.6632182251580616 0.34543590588380074
6 0.6627753620898602 0.39037166164499754 0.5999659569199594 0.39624734561249847 0.5953046462077509 0.3464193741534715 0.6581137000475792 0.34054370675079
6 0.5674617902415093 0.647478492754553 0.6309923529803427 0.6523205910188339 0.6270201902100325 0.7044300627877165 0.5634896302952939 0.6995879905475956
6 0.6016733652812718 0.5922023563927934 0.6581227326790895 0.6147421800568698 0.6367154797153489 0.6683485906843938 0.5802661809993879 0.6458088918867024
43 0.5306317028478134 0.6534869658544601 0.534710555558604 0.6977375956802442 0.3775386844622517 0.712221619179211 0.3734606159092664 0.6679717232462895
38 0.549418499607782 0.30543780446195323 0.549418653147427 0.34675142846211116 0.40770337603646567 0.3467513482394298 0.40770351348157874 0.3054380185341068
40 0.6274061671570053 0.2986162615547137 0.6236677480428625 0.24283223513126845 0.7303846348867182 0.23568058412058807 0.7341232802002651 0.29146436018753397
41 0.7420184698446519 0.28497877651676856 0.7471692950681472 0.33695200700866734 0.5898637020640081 0.3525404353056105 0.5847133083881317 0.30056759412695055
55 0.5613617992843274 0.698744826284061 0.568512226471853 0.6447996389392376 0.7215966023544524 0.6650875695526022 0.7144471341856615 0.7190318841105727
57 0.677548251575331 0.6914904975227087 0.6803923570161032 0.7339168521394203 0.5562642873509276 0.7422355329728269 0.5534207933490052 0.6998097563995038
27 0.90859375 0.06953125 0.93359375 0.06953125 0.93359375 0.08046875 0.90859375 0.08046875