6 0.27916531322546234 0.5477542667655315 0.31468725007357534 0.511750337492136 0.36936514325418557 0.5656913965367321 0.3338434431478845 0.6016950908038172
6 0.33174573495716686 0.5548704329383009 0.38915133050329587 0.5482990307904343 0.4017123523119608 0.6580162829013712 0.3443067682004539 0.6645876180329414
6 0.4345381746416024 0.6800543656996761 0.40226911650961483 0.67534466890757 0.4142125582355902 0.5935248689827672 0.4464811110951814 0.5982345285077406
6 0.3056976967419587 0.4450452185775566 0.3484377917324082 0.44735570642318856 0.34422538820149384 0.525272626144188 0.3014852942269499 0.5229621516060635
6 0.3437058 0.462936046875 0.3907355015625 0.462936046875 0.3907355015625 0.5465116265625001 0.3437058 0.5465116265625001
6 0.42864818725377063 0.48927859579958755 0.4167052046439039 0.5648167970557336 0.3794728952376545 0.5589305007868758 0.3914160605614825 0.48339252492163926
6 0.5812393658991368 0.5791074759855577 0.6351432749928563 0.5732797801788628 0.6446887428469381 0.6615616701945396 0.5907848413573902 0.6673893170645127
6 0.6880832162122488 0.623867824027195 0.6342734451895922 0.6286276511904006 0.62632045529881 0.5387237206173158 0.680129365007133 0.533963931953946
27 0.29809039883878086 0.5566860097218981 0.3455535529096778 0.5708386537450271 0.3147463824369652 0.6741435551269187 0.26728328587307715 0.6599910549275382
27 0.3103556998136128 0.7121970588260186 0.26737372533250436 0.6616066633489235 0.33698727031253384 0.6024709296875251 0.379968929277652 0.6530608402863892
27 0.6001770645395936 0.6437519220935203 0.6415849122217878 0.6296783305583472 0.6755771388603762 0.7296776563403924 0.634169364543709 0.7437510917469461
27 0.3897926541384322 0.38736601517252417 0.42017502227838577 0.38709967287916963 0.42114568593751756 0.4978197671874996 0.3907633178469041 0.4980861075248947
43 0.34535871844968824 0.5246286130065252 0.3029882540814697 0.5249245195877428 0.3015424838825993 0.3178273431423879 0.3439117668643803 0.3175314408156976
41 0.7010637228808037 0.7061876368820963 0.646603136638646 0.7133139882693602 0.6240278237752364 0.540804394432836 0.6784866455814154 0.5336781594096118
40 0.6647537063208802 0.6085009659147815 0.6958724198457276 0.5223232266950509 0.7681181658093692 0.5484087299704543 0.7370001440671103 0.6345858802262727
55 0.3053089709425194 0.5162366546082005 0.3595209248269384 0.5304230285902043 0.3220579823085927 0.6735695493496592 0.26784609922231084 0.6593833644455234
27 0.93203125 0.9140625 0.94921875 0.9140625 0.94921875 0.9390625 0.93203125 0.9390625