6 0.4522435915409915 0.27916707139893154 0.4882499165630634 0.3146865512163027 0.4343110573880722 0.3693628374570408 0.3983048657089512 0.33384349182497075
6 0.4451289885347478 0.33174566924476906 0.45170155386256283 0.38915129189519176 0.3419841424001788 0.401712171848672 0.33541196483406566 0.34430690350530535
6 0.3199451027969644 0.43453797433893 0.32465570813496925 0.4022692807014678 0.4064755102106119 0.41421259659431764 0.40176509679599803 0.4464811188841311
6 0.554954809511969 0.30569765691925005 0.5526441831009379 0.34843782026913606 0.4747272971055736 0.3442253691133255 0.47703807865104864 0.30148537044598217
6 0.4534883734375 0.3437058 0.537063953125 0.3437058 0.537063953125 0.3907355015625 0.4534883734375 0.3907355015625
6 0.5107215049769138 0.42864762885313284 0.4351830070224878 0.41670599697785765 0.44106940789617965 0.3794738314044468 0.5166075622236121 0.39141543560712144
6 0.4208911461394109 0.5812392926667952 0.4267204585271429 0.6351432798580245 0.33843902573573814 0.6446885519947602 0.33261020139309494 0.5907850124640587
6 0.3761327786420452 0.6880829902831676 0.3713720885272096 0.6342735183192957 0.46127520750394524 0.6263204353565854 0.4660363350380976 0.6801294176722995
27 0.4433140304893186 0.2980902640151185 0.42915979078031796 0.34555306833446836 0.32585525737249554 0.3147462500246 0.34000964023061897 0.26728366238111095
27 0.2878025486744491 0.3103550711619799 0.3383963112617039 0.26737742077010446 0.3975290703125438 0.3369872703124887 0.34693549618634734 0.3799647248248382
27 0.35624421064335365 0.6001777367321827 0.3703216782864729 0.6415845741822352 0.2703253282189735 0.6755762159719982 0.2562483597383789 0.6341698017394904
27 0.6126339695221077 0.3897920589020028 0.6129005517670976 0.42017461824983054 0.5021802328125204 0.4211456859374488 0.5019138595513368 0.39076333964209414
43 0.47537124794621377 0.34535797820165975 0.4750758306533953 0.30298799314199115 0.6821727118685885 0.30154349116194556 0.6824685590629542 0.3439130226388278
41 0.2938124679739076 0.7010626552425328 0.2866853977200208 0.6466020468629418 0.4591945613124153 0.6240283238059661 0.46632244024499414 0.6784879755780386
40 0.39149692777834844 0.6647589917004589 0.4776774781764743 0.6958700514312975 0.45159343522641393 0.7681139879290098 0.3654130149473076 0.7370031878306491
55 0.48376377275235427 0.30530870029352924 0.46957588362033675 0.35952060395628094 0.32642910422077875 0.32205794100291507 0.3406172345263485 0.26784642662545105
27 0.0609375 0.93203125 0.0859375 0.93203125 0.0859375 0.94921875 0.0609375 0.94921875