6 0.5482150888789192 0.5889445856880007 0.5973540813009777 0.6160367398201356 0.5668540709369836 0.6713500551305669 0.5177151951953647 0.64425806504959
6 0.5005222217318988 0.6246432833685802 0.49902444141650903 0.6687688552945338 0.41251488172065365 0.66583224138271 0.4140130234067101 0.6217070446710888
6 0.5885059440061013 0.33298656971766344 0.5975509472494878 0.37945828304329987 0.5427482242697579 0.3901242129886104 0.5337033845702308 0.3436526442427262
0 0.35626019943038045 0.6729994063139283 0.3523126215367256 0.7135630994150282 0.20562192465058615 0.6992881946993033 0.20957005627064973 0.6587251305960486
43 0.43952844001398717 0.6614835600586836 0.429862773479158 0.704154251427109 0.27667744548546125 0.6694583398051713 0.28634358424460515 0.6267883297261004
38 0.3479164124601084 0.35554459737462807 0.3421094749887743 0.31576266187066787 0.4832472293293222 0.2951611681195626 0.4890543996516499 0.3349428242680305
39 0.39898247886344507 0.28571423042932614 0.39898262695567155 0.3253182685013453 0.24055229049486115 0.3253181800523122 0.24055243501118184 0.28571443913363453
41 0.6430142005914377 0.27470812672449596 0.6519230511672731 0.3232011183875674 0.505113652342061 0.3501705572702652 0.49620519095651616 0.3016779062482281
40 0.5803616493109303 0.21295211125351293 0.6122285363679794 0.2712997331413903 0.5262656079664794 0.318247577328316 0.4943989892653917 0.2599001863249279
55 0.485434892489252 0.6909340631550278 0.4925418612793919 0.6435733491839184 0.6393129459712554 0.665594461871994 0.6322067926353157 0.712954435781608
57 0.49347840985660696 0.7619400258664584 0.48543500258949734 0.7050045823598355 0.589436628075191 0.6903140347316086 0.597480584244181 0.7472488199703806
27 0.91796875 0.07734375 0.93515625 0.07734375 0.93515625 0.08515625 0.91796875 0.08515625