6 0.43961472853300165 0.35938036599089673 0.3730280529927086 0.34384649922787786 0.38534002259370936 0.29107310937605163 0.45192635341413734 0.3066069342065238
6 0.3366971873468856 0.3895820500163906 0.34683572792232553 0.33754908945964157 0.42439160557307787 0.35266008181304576 0.41425333006986875 0.404692809275792
6 0.331938614178398 0.4235733858953918 0.33193866063709265 0.3926630150965643 0.3821478091897461 0.39266307515386684 0.38214785931961615 0.42357334864282636
6 0.32530684469941207 0.6170876448679453 0.31533685226952457 0.5829768562201203 0.3816940669237283 0.5635837557200323 0.39166418383535984 0.5976943325286146
6 0.4152082236504384 0.6467857992993883 0.36142235537045053 0.6658950243332793 0.34136498553493766 0.6094465331351588 0.3951502940207092 0.5903374169670181
6 0.4457336185820395 0.6365030624908421 0.4585879812490248 0.6919133777166415 0.3824162922483083 0.7095810515865529 0.3695624416914143 0.6541711797787915
6 0.403068311588072 0.5818614268024965 0.4030684821231034 0.5455162154554813 0.480474164240718 0.545516420774798 0.480474235329325 0.581861391408822
6 0.41479807655184686 0.6083938282615048 0.4131070739756524 0.5761558815781773 0.4954705284440024 0.5718358633001756 0.4971617565223596 0.6040735713859052
6 0.46513238130478385 0.6864810499723465 0.46513263272674976 0.6372281520391361 0.5523011476002466 0.6372284297621915 0.5523013287788672 0.6864808951585201
6 0.4522294849965647 0.34953438073336063 0.45335026954251134 0.3104239949425719 0.5299179476464815 0.3126180259191836 0.5287973180675181 0.35172826248780087
43 0.45287546656572886 0.34982699075249024 0.4538577179363301 0.3100871181231663 0.6127563144081023 0.3140141520375166 0.6117743918231326 0.3537536935106455
38 0.6395106028653572 0.6373809312900509 0.6393227274977562 0.6869891265276887 0.4643517349902595 0.6863243292888466 0.464540480802043 0.6367169941545004
39 0.6507716354551576 0.6674726711979393 0.6530399251294057 0.7008360180651886 0.5201871054136973 0.7098656568478656 0.5179193090942817 0.6765027689665987
41 0.29200519069854636 0.7217558275380397 0.28245309430656107 0.6657717061645338 0.44930419978174996 0.6373061574471447 0.4588570710704971 0.6932893092617307
27 0.22978104975447877 0.6880854901383548 0.21806422560689498 0.6377152295307273 0.37391748547520365 0.6014658944965887 0.3856348407431369 0.6518353276716764
40 0.3696898183071653 0.687136843974482 0.46590652892621165 0.7121369411234241 0.44428000239690846 0.7953561569115195 0.348063379789437 0.7703563010929764
55 0.4516550559994812 0.3029219440226331 0.44697348748559307 0.354270402821536 0.28011514031845763 0.3390571844893726 0.2847970837618732 0.28770915578929473
57 0.4617478744459049 0.2773602079612286 0.43380157502213024 0.33145470633424123 0.3173968679235486 0.271318698951865 0.34534320834393384 0.21722449262837798
27 0.09375 0.909375 0.10625 0.909375 0.10625 0.9265625 0.09375 0.9265625