6 0.3755619535124879 0.618338221000514 0.4369975193087612 0.6111920739385005 0.4428640684476477 0.6616207998208793 0.38142850882934454 0.6687669115592911
6 0.4477555427298512 0.34133523507739927 0.44674287066573015 0.3912912337110804 0.37743667460711094 0.3898861370548881 0.37844953599642395 0.3399303317505237
0 0.48324029487207554 0.2919073365755862 0.48476504133975595 0.24960796993290185 0.6600648411551902 0.25592642774506225 0.6585404164242163 0.29822547216101575
43 0.46472475762175236 0.32886425986415824 0.46379003135098174 0.2923549452948881 0.6388747144980016 0.28787206392875897 0.6398097341526636 0.3243810647080324
57 0.36796456053957627 0.29910406821425195 0.36659609382968483 0.22221023548533117 0.4771895578612657 0.22024201989369208 0.47855835519567336 0.2971355094415692
55 0.45942515669844397 0.3008436078710804 0.4538770356354007 0.3496488375343473 0.2788198693610866 0.32974825050335266 0.28436834560034185 0.2809434362149243
40 0.36900736657912603 0.7031263342220324 0.4738394916657853 0.7185133666682512 0.46213806347464015 0.7982219470043419 0.357305969154595 0.7828350560302992
41 0.28149499757716967 0.7358275086961352 0.27333674660383167 0.6833919955423432 0.45193246517806074 0.6556075873733949 0.46009153001227787 0.7080421093971583
39 0.4717399434290428 0.7476460821158111 0.46785412597887444 0.7037245082377527 0.6316915894699378 0.6892308770815767 0.6355781169936563 0.7331516527563906
38 0.6380356245401799 0.654138187658447 0.6402200714330775 0.6990115336704502 0.45500759218680287 0.708023767854549 0.452824046344972 0.6631512660816935
27 0.05625 0.9296875 0.078125 0.9296875 0.078125 0.9375 0.05625 0.9375