43 0.3291065914406772 0.5166833218723422 0.28945640419033225 0.5159685365895478 0.2926225752590881 0.34037916433250853 0.33227181399240635 0.3410939408241476
57 0.27611453550025544 0.4999994701556365 0.3238529737391218 0.5144139773163827 0.27940682233383995 0.6615977637942599 0.23166847044342376 0.6471834521453074
55 0.313514442906353 0.5291679753436181 0.35971943970025677 0.5376012053309182 0.3290099177963839 0.7058378350015012 0.28280495617673296 0.6974047398537274
6 0.3146917081930951 0.5273600676371908 0.36155033212969556 0.538003460642943 0.3438011206022793 0.6161385584538038 0.29694252119224984 0.6054952396423287
6 0.3896667884175713 0.6320910098712256 0.34061325155789746 0.62612221890147 0.3491256952704589 0.5561748421276965 0.3981786122194535 0.5621435948995497
6 0.6807503894856382 0.5315768625746832 0.6328017234983463 0.5344941408263042 0.627742592316622 0.4513433711452831 0.6756906717606626 0.44842611058919224
6 0.6779220801832935 0.4307811101934885 0.7212924265390939 0.43169893483555555 0.7196041241488729 0.5114718199771598 0.6762337778965275 0.5105540005785661
6 0.6723851460380956 0.607284715458256 0.634988064243089 0.5857732255643454 0.6729894411548685 0.5197159288191505 0.7103861385745631 0.541227278855147
6 0.6634720852500777 0.6289121986082677 0.618763624674898 0.6325389421771884 0.6122301741728506 0.5520036363216435 0.6569379850179757 0.5483769193257025
38 0.7187922083431886 0.3372820967003803 0.7187924684827749 0.5101046737046839 0.6767299326140801 0.5101044588273064 0.6767301444298255 0.33728235845421883
41 0.7314390318880442 0.6885216600121338 0.6799194394889128 0.6995014952583918 0.6454302337516538 0.5376870706811838 0.6969483387375703 0.526707395905221
27 0.9203125 0.89453125 0.9421875 0.89453125 0.9421875 0.92734375 0.9203125 0.92734375