6 0.25713315312499996 0.42578397187499994 0.29857336874999996 0.42578397187499994 0.29857336874999996 0.4947735203125 0.25713315312499996 0.4947735203125
6 0.34326301277690163 0.5048975948426411 0.3004529699436489 0.5075057809455736 0.29637290354105517 0.4405382398966835 0.33918253621072836 0.4379300662778153
6 0.44513391280031556 0.5262803107099888 0.41036986859467106 0.5278206619092133 0.40614128922845794 0.4323871439823871 0.44090484985952116 0.4308468035022398
6 0.48984331905489853 0.4310357761420196 0.5249804660882091 0.429404746985199 0.5293361114427171 0.5232319223712396 0.49419896516701556 0.5248629404002898
6 0.5563279002222998 0.5177927339369583 0.5270354033390277 0.5190342205165218 0.5234452408463994 0.4343273219929468 0.5527373783397707 0.43308584303564585
6 0.5822010875 0.4327526125 0.61888586875 0.4327526125 0.61888586875 0.51358885 0.5822010875 0.51358885
6 0.6515593864930906 0.5059232501820162 0.6151792413144221 0.5042345217885839 0.6188652255505076 0.42483696969327694 0.6552449611120892 0.4265256885599077
6 0.646397173085461 0.4215700060010137 0.6935289057304317 0.4182882684398648 0.6983751347408997 0.48788474251147285 0.6512434037886123 0.49116646419888566
6 0.6948354481976367 0.39208358612045296 0.7340471290240203 0.39420714495253606 0.729973897378386 0.4694155950394247 0.6907622173633854 0.46729204670925856
6 0.6654755620841115 0.5050591624889386 0.7208510124886516 0.488450273665243 0.7401373960785804 0.552747490078213 0.684761983680005 0.5693562891056387
6 0.6358517800033496 0.5987110870688209 0.6171763640862764 0.5349956841903482 0.673503719551718 0.518487337833082 0.6921793213505225 0.5822024221473313
6 0.6231589303820328 0.5560475779528388 0.6495686630033788 0.6003829474661879 0.6056672392880955 0.6265311688149531 0.5792577408108173 0.5821960028444292
6 0.57642663125 0.5567944265625 0.610394021875 0.5567944265625 0.610394021875 0.6222996515625 0.57642663125 0.6222996515625
6 0.4116847828125 0.5623693375000001 0.442595109375 0.5623693375000001 0.442595109375 0.62439024375 0.4116847828125 0.62439024375
6 0.37900635277321726 0.5611737016885793 0.40963350331503534 0.562106639796926 0.40714691099822176 0.6437295395355267 0.3765197607591517 0.6427966084004505
6 0.3507001603095432 0.6319233681217454 0.3052505325049424 0.6297934382312156 0.3100421566853129 0.527566584904435 0.35549096892395937 0.529696495723918
6 0.30400455384892666 0.589100208721743 0.2523471705646898 0.5783100455302016 0.26784640478990696 0.5041169106979523 0.3195031540350328 0.5149070052671387
27 0.28460986635207064 0.6786085465082687 0.23508482691818244 0.6683967097151672 0.2576762447065448 0.5588498505748979 0.30720024506968 0.5690615749850398
27 0.3246080351998444 0.7105986810874217 0.27058096574512547 0.6974332054405822 0.3012289463920297 0.571683077179923 0.35525467464822214 0.5848483794271627
27 0.3821238071255948 0.6316778526916264 0.4035812116945863 0.6327903545522703 0.3981983403292588 0.7365981480288281 0.37674093668977093 0.7354856583145831
27 0.6341904404861225 0.298503462529599 0.6643777459402145 0.3015094664712955 0.6494128457657098 0.4517864681203005 0.6192255437499625 0.4487804890624999
6 0.4987076267688053 0.5294875257958842 0.4667613292861006 0.5315762602751273 0.45940604205770796 0.4190847485759517 0.4913518218061199 0.4169960310575426
43 0.2479595885654362 0.314075241628919 0.29722473375716163 0.31083764152414 0.3095087590500043 0.4977498399963472 0.2602436176430274 0.5009874025122221
38 0.7381444470805718 0.46685789206340755 0.6948820695806717 0.469905090411383 0.6822706536096348 0.29085890546306276 0.725532138858739 0.28781173865007514
40 0.7808795322396236 0.5690680263741943 0.7090296134439313 0.5564970801350745 0.7281846421959699 0.4470273732118811 0.8000333574816523 0.45959821209360546
41 0.6667564750863448 0.50444536463972 0.719533516959018 0.4897465567300533 0.7600840509388718 0.6353327185771368 0.7073070880223895 0.6500313347254293
55 0.26822818020241357 0.5032960060295426 0.3207249222697328 0.5142934896888274 0.2860964259390357 0.6795768389719687 0.23359973638707743 0.6685795217597702
27 0.9171875 0.903125 0.921875 0.903125 0.921875 0.9265625 0.9171875 0.9265625