6 0.34887260971913747 0.5811865735847799 0.31653363566738335 0.5846541257093134 0.309419320451525 0.5183091932416288 0.3417579410038343 0.5148416600611562
6 0.49932070898421443 0.6229965156250001 0.4758830876440925 0.6229965156250001 0.475883258407066 0.5303135874999999 0.4993204967204292 0.5303135874999999
6 0.5224185746966441 0.6139372828125002 0.49694284449481074 0.6139372828125002 0.49694304511979226 0.5268292671874999 0.5224183889828282 0.5268292671874999
6 0.541053097111444 0.6107539960783692 0.5175970875220628 0.6120043836687111 0.5129529270093371 0.5248904442215332 0.5364085836105232 0.5236400660565298
6 0.5999178820328552 0.623989003305654 0.6514349683073988 0.6211992291848912 0.6551643275736296 0.6900582981048357 0.6036472429314017 0.6928480530056261
6 0.6634785367072027 0.6528601127787904 0.6365220787765793 0.6333650953296005 0.6811046343066209 0.5717266071437149 0.7080608255215566 0.5912214853410201
6 0.613041667546554 0.6808162064233025 0.5779806061807449 0.6842337345974012 0.5734043778974183 0.6372899064164873 0.6084651108886874 0.6338723943187609
6 0.423894432311954 0.6884723557111437 0.4273714242646065 0.6461095610727312 0.4556063999491471 0.6484267076385141 0.4521295391488138 0.6907893796838716
27 0.4757983037837903 0.44879654464641494 0.4918095494381305 0.4487292710834428 0.49223406857583996 0.5497585097692731 0.4762228229237735 0.5498257828212234
38 0.648591536883032 0.4041150692607814 0.6906368981849482 0.4043590297586048 0.6896783913830404 0.5695417922074987 0.6476330300927202 0.5692978347024317
41 0.7255711836255614 0.7204360008415076 0.6693639811238654 0.7326348073869587 0.6381467274571833 0.5888137491605365 0.6943523861494896 0.5766151127021444
40 0.7456869251024045 0.6721428421407554 0.6862424099489317 0.6563973892989177 0.7114665565696896 0.5611811113981969 0.7709100163601761 0.5769264161267506
27 0.93203125 0.89296875 0.94140625 0.89296875 0.94140625 0.90234375 0.93203125 0.90234375