6 0.538070758089134 0.6046297283879266 0.5870579161269234 0.6144168553568207 0.5756375701813568 0.6715717055559743 0.5266504282335518 0.6617846339732432
6 0.379360465625 0.621287128125 0.4651162796875 0.621287128125 0.4651162796875 0.6714992921875 0.379360465625 0.6714992921875
6 0.34070101605198033 0.38287650810985824 0.3375030624054034 0.3302949772997259 0.46242342350365107 0.322697431940499 0.46562170750246423 0.37527861496328474
6 0.4559334273941431 0.28299560015287345 0.4543404349318507 0.328833425527425 0.35801028975583904 0.3254854686922477 0.3596034798447363 0.27964784896387906
6 0.5268861870631554 0.34356447760181935 0.6012927712193914 0.3328959010836589 0.610183593400734 0.39490135868405346 0.5357770178804913 0.4055698975869848
6 0.5285035815971924 0.35110227005348055 0.5182397078847316 0.29485085995727317 0.5824826747805218 0.2831291347155056 0.5927466851870804 0.33938036968630436
6 0.46518850154734537 0.6675804248694651 0.4632116743039205 0.7122727045911794 0.35701729900949886 0.7075754003741801 0.35899460103394176 0.6628836204167277
27 0.566446645940232 0.6636736194819819 0.5741279062499416 0.6138613859375517 0.7326624375393749 0.6383038183399656 0.7249820588713192 0.6881152761413413
27 0.5801812812507023 0.39490021628604205 0.5731092861855132 0.3449967241707186 0.7236041716411137 0.3236698417967853 0.7306765165296838 0.3735729322243373
27 0.5793562066186269 0.34068296340198856 0.5734011624999766 0.29172560156248073 0.7048623755465542 0.27573506549940463 0.7108176849176289 0.3246921376258189
27 0.34906010663053166 0.331726963351163 0.3503131001541533 0.36372631146299417 0.255179374061413 0.36745089130071723 0.2539265482206474 0.33545169959675203
43 0.4636625919280277 0.6665486074883353 0.4636630802079935 0.7103960608815411 0.2550870436233481 0.7103959129925796 0.2550875140407243 0.6665494307786156
38 0.4563952266690876 0.28182452576256434 0.45639543449738085 0.3263790709645586 0.25072667076040034 0.3263789992038584 0.2507268867956327 0.28182489426876706
41 0.5202815307216042 0.3469234155177551 0.5178493218157882 0.2919325622982386 0.7071349958355313 0.28356017015576024 0.7095676803710376 0.33855052907912064
55 0.7016829464599823 0.6734740031777006 0.6973290744266478 0.7271645408371862 0.511785197537165 0.7121178178571995 0.5161400309241344 0.6584283044862496
57 0.672336504055238 0.7681249111513959 0.5748591012718407 0.7710279007794643 0.57281418886555 0.7023522236389272 0.6702901044028522 0.6994492560565534
27 0.9390625 0.04609375 0.9484375 0.04609375 0.9484375 0.05546875 0.9390625 0.05546875