6 0.3953709491177051 0.5380707366087406 0.3855819942768903 0.587057668436862 0.3284266186029754 0.5756372706049674 0.3382157528395737 0.5266505807664642
6 0.3787127581177856 0.3793603838660288 0.37871295975207886 0.4651163137013814 0.3285006675295108 0.46511620247017 0.3285007424462947 0.37936054771134675
6 0.6171236238102438 0.34070095993660166 0.6697049443791911 0.33750309457945316 0.6773026528886703 0.4624236917434961 0.6247213344688589 0.4656215324873492
6 0.7170044614322251 0.455933426673919 0.6711665033672034 0.45434043345651054 0.674514663450168 0.3580104214376718 0.7203520751511405 0.35960340516344086
6 0.6564351649417404 0.526885970754261 0.6671055684747671 0.601292635548269 0.605099606180147 0.6101834099091324 0.5944296503195119 0.5357771457686453
6 0.6488975907769827 0.5285025167920562 0.7051491507343144 0.518239778388635 0.7168710984689142 0.5824836545907098 0.6606195535565575 0.5927463361938381
6 0.3324195028627628 0.46518847458709006 0.2877271654569995 0.46321170571760284 0.2924247026780904 0.35701765605092967 0.33711644655397777 0.3589944117849375
27 0.33632551514244824 0.5664498373507315 0.3861386140624745 0.5741279062499923 0.36169972191987654 0.7326606660512612 0.3118866511279066 0.7249827203659156
27 0.6050997772466644 0.5801812583414049 0.6550033199513337 0.5731099479915283 0.6763310215221736 0.7236048238450157 0.6264275025304187 0.7306760260818542
27 0.6593169641329268 0.5793556547363292 0.7082743984375384 0.5734011625000014 0.7242655036084216 0.7048630011471181 0.6753080839437189 0.7108174151731086
27 0.6682728475997237 0.34906040028665686 0.636273580472448 0.35031309907229274 0.6325493389929306 0.25517928342313856 0.6645483429011847 0.25392658957600617
43 0.33345132407271194 0.46366279062500004 0.28960385225173013 0.46366279062500004 0.2896043900533414 0.2550872093749999 0.33345082100493073 0.2550872093749999
38 0.7181755140816222 0.45639535 0.6736208375274373 0.45639535 0.6736213856792119 0.25072674375000004 0.7181750226912982 0.25072674375000004
41 0.6530766233641998 0.5202814963815318 0.7080674091863557 0.5178493290504379 0.7164401625790333 0.7071353188999401 0.6614493793706515 0.7095674431230786
55 0.32652596280934176 0.701682849058795 0.27283475374611044 0.6973293008667484 0.2878822493106554 0.5117860627426318 0.34157169397542475 0.5161395410188736
57 0.23187506988028872 0.6723358827150473 0.2289721117077761 0.5748591474486082 0.29764740215114216 0.5728141796939842 0.30055097436058986 0.6702902888870451
27 0.94453125 0.9390625 0.95390625 0.9390625 0.95390625 0.9484375 0.94453125 0.9484375