6 0.47046895344124096 0.6140001140415261 0.5524365557710098 0.6043748381464351 0.5575654304493582 0.6480465271925293 0.4755978353205137 0.6576717624390321
6 0.6845743747718416 0.36682491899182884 0.6138416096584933 0.37288187479970886 0.609619605931357 0.32357729899981236 0.6803520056128036 0.3175203589075194
6 0.6604277809710766 0.6412933644945336 0.5940155550516693 0.6383264794811315 0.5962350221911947 0.5886574189465101 0.6626466309876378 0.591624290162828
27 0.5283413519032365 0.4469390407156255 0.5284219641899881 0.4649536057491642 0.41429051525744853 0.4654635967790011 0.4142100461224345 0.44744916965236065
0 0.48205184757330244 0.6874588488527547 0.47542008989262285 0.7254241754793208 0.3394063715433049 0.7016676752123217 0.3460385601802045 0.6637029026108857
43 0.5384217489981893 0.6530594751342725 0.5358857340436316 0.6947652242617347 0.34329617348498687 0.6830537532354923 0.3458329507328699 0.6413488245721779
38 0.37353694842477125 0.33574046084205117 0.3707000782345631 0.29031841566377925 0.560085065613066 0.27848988465143754 0.5629223140248314 0.3239115270431482
39 0.3419682412675229 0.30074317998192257 0.34270053544548773 0.2601176047411117 0.4823110116786893 0.2626337890840151 0.4815789662216048 0.3032591199555134
41 0.7233490677085683 0.2373226131584651 0.7434161210784396 0.297309376177804 0.605369684048469 0.34348746683059694 0.5853030797969723 0.2835010821237463
55 0.5824435638063505 0.6894229773026505 0.5810376976693306 0.6388252602780252 0.7699228723442957 0.6335770770399384 0.7713296731074024 0.6841737964711738
57 0.7018185499996434 0.676030963886113 0.7047772383776874 0.7439060473101033 0.5922986753217856 0.7488072126617227 0.5893408524435699 0.6809329659025024
27 0.9234375 0.059375 0.94375 0.059375 0.94375 0.065625 0.9234375 0.065625