6 0.36064340550240104 0.5450751473097615 0.31277402634805185 0.5395300064223703 0.32083279094672434 0.4699693245341429 0.3687016579185638 0.4755144354867254
6 0.5936263588440625 0.5868255756457528 0.6311499226769683 0.5820632743008993 0.6377030817075138 0.6336918079596799 0.6001795220931854 0.6384540862492042
27 0.36197951511371684 0.48656093719185695 0.32072135781243105 0.4883720937500021 0.31476325186395115 0.3526450002645655 0.3560207382071212 0.35083385780271104
0 0.2807137760646583 0.4797138746386794 0.23195287195255787 0.470567281303071 0.2597440238201898 0.3224228697243889 0.308504014895675 0.33156937271635145
43 0.32033200642160864 0.5311325196818978 0.27543330875266747 0.5315261164362529 0.27388599961568616 0.3549594458753027 0.3187835765110094 0.3545658541823302
38 0.707316240445607 0.3693330996571716 0.750619262245209 0.37220604319195477 0.739261613772328 0.5433864034548735 0.6959585951019562 0.54051349435255
39 0.7169468835197677 0.3502346990342974 0.7696718799739983 0.3402586547134292 0.7929710255008331 0.46339271972661433 0.7402460514579161 0.47336868672430205
41 0.67998585625 0.5545058140625 0.7263083453125 0.5545058140625 0.7263083453125 0.7274709296874999 0.67998585625 0.7274709296874999
6 0.7241212296798949 0.621446986891022 0.7186175642974604 0.6210007242169343 0.720331684115763 0.5998634248657094 0.725835327884738 0.600309686658941
40 0.7369643761127236 0.5316871434332308 0.8112282084841809 0.5479656082556759 0.7898512814332435 0.645479020537731 0.7155874958447157 0.6292007013641739
6 0.39562256212104785 0.5577210711463128 0.38107493731445174 0.6214211672567136 0.3274324974133833 0.609171475570895 0.3419803387872662 0.5454716890208848
55 0.2927188068114219 0.5388456877655153 0.33683547754446863 0.5408192886767945 0.3288646753927651 0.7189737545180289 0.28474800667163436 0.7170001871571363
57 0.2939445317066429 0.6397937415802437 0.2157806083074547 0.6419361451355371 0.21296895610828415 0.539338761579409 0.2911314452252327 0.5371963776383994
6 0.5070617964246367 0.5200044853913243 0.5395698704270444 0.5208831402046853 0.5375158970733764 0.5968681493635289 0.5050078232706028 0.59598950021989
6 0.5619856012831406 0.592421741834385 0.5320819649758732 0.5891887269112539 0.5395630853688544 0.5200007172705174 0.5694663737994006 0.5232337132823518
6 0.4791182531415643 0.5878335445966256 0.4497788819521702 0.5898023867409339 0.44463009337857784 0.5130804340816888 0.47396908894643275 0.5111116045518502
6 0.5063650403136535 0.5995639531250001 0.47171134406482906 0.5995639531250001 0.47171161617245616 0.5167151171874999 0.506364822540263 0.5167151171874999
6 0.6251978118391435 0.5734874381149045 0.6751083503278323 0.5613464313521438 0.6913504410315454 0.6281091200277938 0.641439929743683 0.6402500506552558
27 0.93359375 0.915625 0.93828125 0.915625 0.93828125 0.9359375 0.93359375 0.9359375