67 0.27774564230446686 0.4981049521817711 0.29130422881041795 0.5349518149699566 0.256916597688587 0.5476043109991997 0.24335813819288887 0.5107575560022283
67 0.35311053205441567 0.5230572964911364 0.3383697028583583 0.5631176026578165 0.29545460382246347 0.5473275445001451 0.3101954994464222 0.5072673868649527
76 0.43520148317816165 0.5245114115309111 0.45707346255483117 0.5262096639519588 0.45199651937628005 0.5915901196440838 0.4301245411039645 0.5898918767025331
76 0.4798958741488377 0.5932890932472115 0.45230530924891355 0.5916228811717668 0.45671095955503915 0.5186805163873188 0.48430118308021974 0.5203467181094034
25 0.4381274449169723 0.47457993511142543 0.4492525762185551 0.4750237338132373 0.4459263218750493 0.5583996234375005 0.4348011907492264 0.5579558276561483
25 0.4771217624243036 0.5614201541814215 0.467571187920953 0.5607712875160996 0.4731021574669967 0.47936966975059964 0.4826526076438995 0.4800185321503096
28 0.44551587760975053 0.4677837432036552 0.44063208958607447 0.46790866192439223 0.43899024673658005 0.4037224150427546 0.44387399218749124 0.403597496875001
28 0.47465894658193974 0.4096385546432656 0.4801015977420775 0.4097089895479194 0.47924240929796724 0.47609639621828126 0.4737997581438549 0.4760259616312614
75 0.5288405116585864 0.585584388850078 0.516242829471139 0.5850772005135857 0.5183050890032064 0.5338608045857715 0.5309026610613046 0.5343679907003984
75 0.5305454778106196 0.5392891340146911 0.5408374805281255 0.5399472376769661 0.5385637162302146 0.5755030352770806 0.5282717137035888 0.5748449336090111
75 0.546998638248283 0.5339826073019014 0.5537015956120968 0.5334621531903415 0.556093800642202 0.5642687055871263 0.549390843436413 0.5647891583536917
67 0.6006920927314923 0.545451719478792 0.6164564295008859 0.5483077798296015 0.6120236094729989 0.5727729023011839 0.5962592743161395 0.5699168479951556
67 0.6339198046875001 0.5395213156249999 0.6532117125 0.5395213156249999 0.6532117125 0.56821634375 0.6339198046875001 0.56821634375
67 0.6921432330514108 0.5460013835419729 0.7050763160511906 0.509850561237706 0.7423402443641862 0.5231807339951426 0.7294072988632934 0.5593314395652556
67 0.6684573438534471 0.6122825256667602 0.7013802710692971 0.605125030255758 0.7086859811090562 0.6387257814275121 0.6757630613492438 0.6458832533638666
75 0.6665767532520022 0.6913896442927846 0.6416090206437275 0.692720026237152 0.637643527846194 0.6183044574551119 0.6626108879200956 0.6169740854947311
67 0.6008787627988568 0.6192517509787894 0.6522241784947482 0.6117385267945146 0.6591878709299408 0.6593226857700574 0.6078424628620951 0.6668358748460645
67 0.5762524953786397 0.6717012953557944 0.5660172116319018 0.6397145978563273 0.5968586751503153 0.6298470389757039 0.6070940138674814 0.661833634077709
67 0.5686579948775261 0.6739430993675374 0.5487816764518811 0.6793444527667489 0.5419232077740617 0.6541093458922079 0.5617994267830682 0.6487080067465625
76 0.42391824169010306 0.6354509242953001 0.43655604034586304 0.6351238476605013 0.4375926566668795 0.6751721487878412 0.4249548580650071 0.6754992241160325
76 0.3906177991249251 0.6331099969304694 0.37154059288593544 0.6418833819029413 0.36021689172991955 0.6172635126058268 0.37929401329949997 0.6084901503363432
67 0.3280350800754377 0.6508770768659122 0.32643863693192543 0.6187714448358099 0.35796655047238346 0.6172039108850967 0.35956308615925536 0.6493094454383942
67 0.25322101561346244 0.607594082508099 0.27464353875609504 0.5913549418578674 0.3107064167244289 0.6389232735028101 0.28928397397999106 0.6551623220722581
26 0.6725938101607198 0.41471320199931894 0.6984033901717339 0.41751888309744567 0.6920133519495266 0.4762976479433307 0.6662037737606852 0.47349197812916205