75 0.5303196105144252 0.6199531798530656 0.5305242750608841 0.6075059374428025 0.5720357252655504 0.6081883586154717 0.571831109835216 0.6206355526744837
75 0.5476953905836126 0.5324366918995113 0.547695419461661 0.5222033280740547 0.5871259821640251 0.5222033878323407 0.5871259856905908 0.5324367193225304
75 0.5970576041552249 0.5026216005397184 0.5933990756807361 0.5182404224599311 0.5390923744151905 0.5055205808834526 0.5427509484889015 0.48990182660723214
76 0.5923317530049417 0.4808441511196228 0.5918329125169066 0.4950071110569467 0.5426344650750252 0.4932742734261616 0.5431333553685818 0.479111365087756
75 0.5689070456513718 0.44710201776110514 0.5691486389965803 0.45494015626765566 0.5381012913716177 0.45589702143789596 0.5378597152671318 0.44805889968285273
67 0.5694940129271799 0.30804357651499265 0.5711857968359482 0.3258833686471297 0.5369699408365705 0.32912798452630054 0.5352781890717324 0.3112882221344212
67 0.5419031850651663 0.30825220632112715 0.5423305585366052 0.2948193853030861 0.5661086406834102 0.29557587245111827 0.565681282343462 0.3090086788048925
75 0.6297938850889295 0.33487582871538596 0.6300489481477598 0.34004815023093504 0.6086730445728108 0.34110221067461727 0.608417987472194 0.3359298948599505
75 0.6202672935351075 0.28192222530159783 0.6204219898402243 0.28725513655406176 0.5968327879040771 0.287939377636473 0.5966780972109973 0.282606471853056
75 0.6128341314273484 0.34396809766224895 0.6128341345380477 0.3405022200122228 0.6319678030298519 0.3405022288666264 0.6319678033763694 0.34396810306309394
75 0.6193495895828391 0.28694071929567516 0.6197353920944124 0.29007021236160957 0.6032766472246749 0.29209918046977845 0.6028908472319472 0.28896968969411796
75 0.6108109068112526 0.6346818163947447 0.6109558520561222 0.6229284926325322 0.6449986515757473 0.6233482324255966 0.6448537451310585 0.6351015178392448