67 0.3739624090928828 0.5423209593641584 0.36682985753100184 0.5915572932569759 0.31443475775415664 0.5839676931431795 0.321567493548514 0.5347315844984103
67 0.3962450446974799 0.5965084541456822 0.36647951214138175 0.5986826723536999 0.3628133682674388 0.5484961706236108 0.3925786375967846 0.5463219621437589
76 0.4612796347397534 0.6243123367820226 0.4506657106783223 0.6239725177982242 0.4525934419141322 0.5637704078782219 0.4632072499999822 0.5641102249999991
25 0.46180246255266866 0.5997200996252728 0.45270633603809074 0.6003458960048251 0.44747407957231644 0.5243004309146982 0.4565700871539775 0.5236746386558271
28 0.4516489265624841 0.39660029062499974 0.45538284500389636 0.39657010886680877 0.4562285704361102 0.5011923544445553 0.4524946519977675 0.501222535984501
76 0.4981641628660327 0.6309998578125 0.4789942003278611 0.6309998578125 0.47899430426480194 0.5818331203125 0.4981640931489437 0.5818331203125
76 0.5083512448122747 0.608906871671007 0.4957867349589833 0.6077917799062913 0.499606574869631 0.5647561677274971 0.5121709885677319 0.5658712552092559
76 0.5321809262153465 0.6161707912845765 0.5167450306115597 0.615989585187549 0.5174968003235563 0.551967308070337 0.5329325206095064 0.5521485131401643
25 0.5227926557587352 0.5860883450798698 0.5128988521072415 0.5864135589166748 0.5091426738911196 0.47214944125106734 0.519036294834109 0.47182423042555094
28 0.5139511308415194 0.4732089290768497 0.5095146084988755 0.4733351332478253 0.507188015231236 0.39155108940761557 0.5116244889317159 0.3914248859370704
75 0.7566161796981987 0.6571608257898665 0.737838167417749 0.6576237423033291 0.7368769116668545 0.6186324201134334 0.7556547821020558 0.6181695053457413
67 0.7041560846972743 0.5809625927143481 0.7493390676619356 0.57855422672055 0.751618378220428 0.6213114065761671 0.7064353959146956 0.6237197631301636
67 0.6935695689548993 0.6054943712551957 0.6854913660174589 0.6409431451860718 0.6500733555634497 0.6328727927665747 0.658151643104361 0.5974241404860796
75 0.6594168485265754 0.6561549328125 0.6523690732801697 0.6561549328125 0.6523690863216416 0.6355735078125 0.6594168330398134 0.6355735078125
67 0.616262236371881 0.6723203228078927 0.6044283936454349 0.6353679636358158 0.6464296242317005 0.6219189376042169 0.6582635528374112 0.6588711364482577
76 0.5984813158806901 0.7097651530887424 0.5768573063259055 0.7063260006935287 0.5874347795052017 0.6398295485351657 0.6090584950577522 0.643268677088164
25 0.5924280972421911 0.6612729291202818 0.601747625852795 0.6597746135639412 0.6132402465150335 0.7312484606990534 0.6039207206288211 0.73274676474516
28 0.6323537743053294 0.8253799220060632 0.6253663705372219 0.826777570630352 0.6047928604118624 0.7239412819346905 0.6117800983489587 0.7225436502687678
76 0.5822452762023431 0.6983261342416324 0.5582725268666309 0.7022659325752145 0.5516230289994155 0.6618104100050436 0.5755955788036999 0.6578706283981349
76 0.5320899288057035 0.660618333934115 0.5502564181746266 0.6610448456481075 0.5496454526930847 0.6870642418891205 0.5314789633640657 0.6866377313142754
76 0.5234065002908892 0.6804133321351629 0.5087353336715523 0.6820207548746454 0.5065988375479265 0.6625231026681705 0.5212699458654697 0.6609156831502226
76 0.487611217100266 0.658805687422986 0.5020546078266079 0.6593534662308891 0.5013311078535025 0.6784275496178096 0.4868877171875283 0.6778797718750009
76 0.46174343383847827 0.6538162115742054 0.4747619925338995 0.6526835123586425 0.47685480679365355 0.6767338415766819 0.4638362484594154 0.6778665380214035
76 0.4512796475914911 0.6786651745712018 0.43300603601710463 0.6806237780568076 0.429839722588099 0.6510857410118984 0.44811322522684804 0.6491271434113217
76 0.4087838946766169 0.6454796493633038 0.41777482760119256 0.639864669975879 0.430443797261546 0.6601481339351388 0.42145287464586545 0.6657630999803075
67 0.35237978614065923 0.6273476839298217 0.3852280980777323 0.626230753024318 0.38690999338120946 0.6756881068974484 0.35406168172278285 0.6768050323323547
67 0.3577757043319707 0.6201083669695149 0.34488744257362214 0.6502925412133259 0.30344366531221567 0.6325985886475142 0.31633196874997793 0.6024145453124483