0 0.6978464221859895 0.27304659682331106 0.701289107866387 0.31372774707149537 0.5533147083706353 0.3262492080889967 0.5498723175163605 0.28556832846807084
43 0.4602034636712915 0.33751782107192524 0.46169596250410905 0.2997759808140593 0.6378377223115876 0.306740728945945 0.6363455640423581 0.344482237793616
38 0.6349822717312463 0.6783865084755459 0.6355455691046927 0.7162469941501036 0.473474944042664 0.7186560864083367 0.4729123083526474 0.6807962475469319
39 0.5049304081511536 0.7637273518904405 0.4976085399604244 0.721811620442611 0.6517354846693024 0.6948919192286297 0.6590579221640382 0.7368069262399127
40 0.36483879227739635 0.7842880955335336 0.35633786852361027 0.7348603606024353 0.5019911839835913 0.7098133788198995 0.5104927592362856 0.7592402800416304
41 0.32249996640121026 0.7328191306441841 0.3179554978453325 0.6858147466415715 0.47308797655989565 0.6708174559089232 0.4776331432423149 0.7178210628367496
6 0.3768310872711709 0.38978727506264277 0.38667716012582787 0.34088670421952505 0.4573153286766001 0.3551089997278354 0.4474694839931317 0.40400937093957745
6 0.4473795595897627 0.6275889072862306 0.4542791541191491 0.6748492574792047 0.3902248607784031 0.6841990123677737 0.3833256067222237 0.6369389674993204
6 0.5181177733206823 0.6364173053446537 0.5228104002914051 0.6788457302315906 0.46254968019400167 0.6855094327948825 0.4578573361833378 0.6430812674443802
6 0.5283430950038337 0.38048090468750007 0.45130805845792565 0.38048090468749995 0.45130823310034884 0.3391089109375 0.5283429205611583 0.3391089109375
55 0.4652851632694137 0.31074277247918936 0.45880222811445037 0.35737642750986875 0.30137096845601263 0.3354905968693328 0.3078542055342268 0.2888573168960269
57 0.4843451063405837 0.27517619478853406 0.46141587280897056 0.3272240124348659 0.339425788916742 0.27348314073350405 0.36235510416440775 0.221435617044437
27 0.04921875 0.9296875 0.07734375 0.9296875 0.07734375 0.940625 0.04921875 0.940625