6 0.5735378916515401 0.6899143990009127 0.5721310178236081 0.7332920346533913 0.4819446421867042 0.7303668247695599 0.48335192477463806 0.686989612944797
6 0.5427424655509867 0.6459633181091264 0.5457792257592473 0.6116425999747959 0.6229296679446179 0.6184680898076937 0.6198931837105874 0.6527885502270987
6 0.64272679739463 0.5415272554360575 0.6415304129870947 0.5661154964649273 0.5649005508773826 0.5623869305341035 0.5660970855423102 0.5377988470875875
6 0.6489103294305778 0.5060306618644256 0.6493295158684305 0.5387526856472729 0.5728254759580977 0.5397323350579878 0.572406491579045 0.507010511155974
6 0.567277054363899 0.5046879035895867 0.5690349755652733 0.46856399715379426 0.648371870042638 0.4724244192768556 0.6466141720904943 0.5085481120487682
6 0.560319733004917 0.4713578464403546 0.560319821353005 0.44554446273716763 0.6388081087309274 0.44554461050104205 0.6388081620613093 0.47135785166117966
6 0.5351322165747661 0.39615696910146486 0.5327095749781847 0.3652866617605402 0.6085781559436327 0.35933280534108114 0.6110009207035318 0.39020297724618286
6 0.514080036739756 0.3737151772873383 0.5058699805167635 0.3264703093011331 0.5840132561680775 0.3128912610787014 0.5922234654793783 0.3601359315389147
6 0.47693572403238704 0.3265189485816735 0.47545919164303996 0.28251386783623383 0.5665703122836021 0.2794567326129753 0.5680470238837643 0.3234616282028067
6 0.6619207438827743 0.3208398090782174 0.6310973387869581 0.355081759211634 0.5714111316641493 0.3013557819547012 0.6022344406052298 0.26711396002920024
6 0.5829126651377692 0.7174837348877294 0.5963566652752661 0.6622322067202606 0.6766972959899249 0.6817780680307912 0.6632538595985125 0.7370291088225448
27 0.5559593742356128 0.6177495350386453 0.5547510710260894 0.6436773995233812 0.4291156487201988 0.6378219707465304 0.4303242487009129 0.6118944088932786
27 0.7601558737136429 0.27432792028614655 0.7640165375939887 0.3204881992527347 0.6194126596294609 0.3325814588567166 0.6155523265624652 0.2864214984375047
27 0.639534882812427 0.7256011312499676 0.6467990339917833 0.6818909894873377 0.768069764407187 0.7020410100912666 0.7608062686157382 0.7457505762842512
0 0.4957026684143102 0.7145969575635376 0.4883134229675079 0.7560494633970197 0.3367344962440484 0.7290320883656763 0.34412428281007124 0.6875802865703554
43 0.5782364551675983 0.6916544266391954 0.5736528950957336 0.7361691281733138 0.37355230266587114 0.7155659666139279 0.37813670551179257 0.6710522303465097
38 0.3723665352881653 0.34335294151545626 0.3674226602493036 0.2979079838561606 0.56329121111105 0.27659948957466374 0.5682354606475428 0.3220440453285227
39 0.3069438938507574 0.32776034206314036 0.3002203336624234 0.28810680073222333 0.4721398433387094 0.2589566946263176 0.47886365068666237 0.2986099347836222
40 0.5885637220454782 0.2879188399682022 0.592454872846929 0.21754914415356524 0.7080640781254033 0.2239417001188763 0.7041732639603424 0.2943110655418965
55 0.5834938049000584 0.7195487846681213 0.5916192285001216 0.6638070570614464 0.7683239089142262 0.6895605521570745 0.7601996813135656 0.7453011953017483
57 0.6710730263681626 0.7131682331102142 0.6863407557482333 0.7915977365736001 0.5786177376260184 0.8125629817458648 0.5633511438022651 0.7341344721356875
27 0.9140625 0.05546875 0.928125 0.05546875 0.928125 0.07421875 0.9140625 0.07421875