0 0.2982729678948317 0.45397725703285696 0.2571739273220146 0.4467657174895883 0.2808988262738694 0.3115648779987621 0.3219972161956548 0.3187763586447543
6 0.3726334407518834 0.6489038616952718 0.3210457092931165 0.6377293903028393 0.3360723360631255 0.568367519000135 0.3876594121365997 0.5795419169009388
6 0.6537290600124379 0.5760292193019338 0.6520017287531346 0.6425483626997839 0.6009401333005826 0.6412222988186805 0.602667770707626 0.574703470003014
6 0.6705188148254138 0.5483779290839359 0.6217938064860391 0.5462189963036642 0.6253696306641814 0.4655306827764026 0.6740940308386598 0.4676896020419347
43 0.3207039217829788 0.5265192214299003 0.27840070481283874 0.521548661099551 0.29655441991803855 0.36706208767432025 0.33885672100529973 0.3720325924746653
38 0.6591220287214128 0.3870783074831493 0.6973797938538837 0.383944405345535 0.711715253443117 0.5589363826303093 0.6734574933079784 0.5620702445789926
39 0.6856736959872478 0.33652222228304907 0.7290157088173146 0.336737785264726 0.7283087299513227 0.47887934316877884 0.6849667171105693 0.47866378208849025
41 0.7144530031940803 0.7375053833073696 0.661642899266667 0.746503184617719 0.6369985030579528 0.6018745466296902 0.6898070899700315 0.5928768756379166
40 0.7141948398201521 0.6935722814433236 0.6584905147482232 0.6690507659720583 0.7156242564560671 0.5392805534812232 0.7713272760453265 0.5638017359875017
55 0.2836672832147542 0.5574101412993254 0.33332915342134584 0.556551853006783 0.3360682116043563 0.7150197029744587 0.286406341702218 0.7158779781629393
57 0.2249427198810281 0.5614598096736895 0.2910522767048178 0.5546527063207302 0.30207808522902724 0.6617220888948768 0.2359685382890575 0.6685291240828443
27 0.90546875 0.87734375 0.91484375 0.87734375 0.91484375 0.90078125 0.90546875 0.90078125