43 0.5080198617391716 0.31736866969136784 0.5151710547713719 0.2673001166238885 0.708622256176227 0.29492921052095133 0.7014715780151164 0.3449972861280728
0 0.5905143073172212 0.2993386752486429 0.5959527069348951 0.2554416418242579 0.7476498402106699 0.27423467320266764 0.7422117654540443 0.3181314060867282
57 0.39129309017278047 0.2864087882370858 0.3799226583092832 0.22490992560322173 0.49287137155010896 0.20402733850000715 0.5042420025971524 0.2655259243258313
55 0.5105994840963604 0.2735956236548241 0.5090698601320582 0.3266438463871498 0.33390070228279 0.3215922145367279 0.33543073257067135 0.26854441981168325
6 0.47583436221827924 0.37666916599702915 0.4032942300518698 0.3699048225610326 0.40802805537407494 0.3191440480422668 0.4805677938932149 0.3259083728654312
38 0.6830781311234659 0.6638181415202284 0.6899026970421573 0.7116125638003639 0.5037362163759553 0.73818862803409 0.4969127133190341 0.6903951503589231
39 0.6851332552649865 0.6737670035744698 0.7061128823576155 0.72312864709831 0.5913815720500679 0.7718827567896493 0.570402743935233 0.7225217909246572
41 0.32685420192649417 0.7269777562530058 0.3265663463646433 0.6712091223671646 0.5001221552000743 0.6703122075011426 0.5004110363005339 0.726079817414606
40 0.3511399339311083 0.7852042222682255 0.3588436826604493 0.7141025867883446 0.4818124115314504 0.7274234979358996 0.4741097685968043 0.798524117240366
6 0.3926317013274456 0.6754064223627056 0.39222562111297066 0.61953021192532 0.4694621425542209 0.6189688820627471 0.469868644921803 0.674844667381259
6 0.4843203740106219 0.6864810081368697 0.48432061189919295 0.6406248714639577 0.5644598292617502 0.6406251842587447 0.5644599632703375 0.6864809474400306
27 0.03984375 0.93515625 0.06953125 0.93515625 0.06953125 0.94765625 0.03984375 0.94765625