6 0.43319167139782166 0.75105249424806 0.42199917205846305 0.7126834204711433 0.5156024258902789 0.6853826971891771 0.5267951676106577 0.723751366169977
6 0.48706546361734127 0.679617691857804 0.48743189983179036 0.6741221103876773 0.5097593129987672 0.6756106402345121 0.5093928902398375 0.6811062090023
6 0.5191999885225869 0.7232000030449782 0.519200043332944 0.7039999628818676 0.5567999946380269 0.7040000329953876 0.556800018304898 0.7231999946805042
6 0.5809712850071946 0.6523458178607584 0.5806607647701867 0.65824527864687 0.5518563348784937 0.6567292918210915 0.5521668711170378 0.6508298479724435
6 0.5791385318067341 0.3612922838492409 0.5592610745505908 0.3911073713628515 0.5208611329495625 0.3655074151072203 0.540738575040109 0.3356924029426578
6 0.5084907712142694 0.2894227716342154 0.5249856331627143 0.280586490235283 0.5431461332342451 0.31448615055192686 0.5266512821673359 0.32332241629757574
6 0.48055389871683474 0.3521966819809198 0.4963515769291007 0.3231301494498135 0.5275999341434954 0.3401130617947484 0.511802319625076 0.3691795394856385
6 0.4789384580690239 0.2930922893374599 0.49355385915066563 0.29016928925539065 0.4977846238529082 0.3113231169990182 0.4831692236265326 0.3142461141761421
6 0.4478587839203101 0.2621646970672257 0.4522824144358992 0.2444705919438268 0.4840000388325052 0.2524000232324827 0.47957643467123034 0.27009410556499497
0 0.31759467399206187 0.7649878546989497 0.32128550373624876 0.7231717115560243 0.4885006332192461 0.7379267221925181 0.48481066615636337 0.7797420720548544
43 0.5213585116463264 0.692339281308253 0.5222193350333555 0.7353311850118721 0.3170447312215856 0.7394362834686039 0.31618488800449995 0.6964453535649855
38 0.3124819380517465 0.3225109539768206 0.3132591891519496 0.2743425317519285 0.510104491048196 0.2775179303723532 0.5093276804232119 0.3256859352331945
39 0.31613512133378663 0.2846978873986498 0.3133752497573141 0.2377776774503105 0.48119437119453323 0.22790632767153937 0.483954532231337 0.27482621933432066
41 0.7052608376931175 0.2525929493904759 0.7132023683697071 0.31241355340086163 0.505203387634765 0.340024389842545 0.4972624732748727 0.28020431723038614
40 0.6847701233684802 0.20345024091739383 0.6869669692881644 0.2737319935428354 0.49486675615469267 0.2797354814581328 0.49267042124267846 0.2094542082442862
55 0.5130262306877285 0.7309581802749505 0.5176751876367689 0.6810612734130401 0.6987095175783224 0.6979246726203373 0.6940616289522268 0.7478205884676196
57 0.5097234209440558 0.7967134102103386 0.5022851686744616 0.738603058512918 0.6715558417819238 0.7169389140886919 0.678995062293211 0.7750481092813527
27 0.90625 0.06171875 0.9203125 0.06171875 0.9203125 0.07421875 0.90625 0.07421875