6 0.35515547222269106 0.5809854212375506 0.33331360888894324 0.5806088738100018 0.3338671304259151 0.548508081402775 0.3557088735618663 0.5488846277963927
6 0.34296217691053243 0.6104864443648872 0.3325752852480264 0.6203529141082249 0.30783785664732477 0.5943135204225709 0.3182247113984431 0.5844470833743353
6 0.4017046260707957 0.6209095566867124 0.37379173944589184 0.6813807806385063 0.3261792065600275 0.6594058496751974 0.35409217046071717 0.5989349355771119
43 0.3255991208878868 0.5670998796297605 0.28703934094642136 0.5641662069633318 0.29983020863221554 0.39606543974106595 0.33838900173543607 0.3989990737585134
38 0.6249171230890624 0.39347760586809305 0.6690133724712268 0.38759854612836897 0.6919860740315471 0.5598956179058405 0.6478898396649129 0.5657746025654106
39 0.6312341168664943 0.3756081734144548 0.6771251825965692 0.3574545252200025 0.7258716586603668 0.48067578378889986 0.67998068002737 0.49882927632725466
41 0.6904718907356937 0.728092527817489 0.6370173282801943 0.7317038722494935 0.6265137718889946 0.5762406720543891 0.6799667320098024 0.5726293808852726
40 0.7329396731329325 0.7193699734308269 0.6812745208700335 0.7185367688630943 0.6836454067355362 0.5715943257177117 0.7353090952412913 0.5724275186350529
27 0.34690990527974463 0.6434560162790228 0.38677612278627294 0.6515176494183974 0.3620296516742201 0.7738752269709099 0.3221634663501618 0.765813702567954
6 0.6022025275939313 0.5964732818890267 0.5704509842734069 0.5975315603255064 0.5681861337778855 0.5295803883267723 0.5999373043523519 0.5285221161383715
6 0.5952079095571889 0.5120788297836603 0.6401188409860197 0.5075881540483468 0.6477663584673792 0.5840636751924413 0.6028554313523955 0.5885543220191625
55 0.3034443297221969 0.5796247855535294 0.34988481061793664 0.586316755015615 0.32656692351724814 0.7481163634963306 0.2801264663258962 0.7414245033873392
27 0.93203125 0.91953125 0.94453125 0.91953125 0.94453125 0.94140625 0.93203125 0.94140625