6 0.39235862839586844 0.34889652693635304 0.3880937727340097 0.40007448492799064 0.3102013193224593 0.393583425699151 0.3144663809175654 0.3424056968909377
6 0.4207049271720962 0.3010458488949968 0.41613767302339966 0.3512852700221047 0.35132777129513215 0.34539341943004137 0.3558951695064252 0.295154157978328
43 0.46678884412119714 0.3120804836804603 0.4681680469720959 0.26887330910380314 0.6381648865843772 0.2742992607949948 0.6367860239362244 0.3175060922541267
0 0.6990217308560887 0.26288654403219575 0.6893799882573148 0.3085578987945961 0.5547787461047164 0.28014220068251156 0.5644206757085612 0.23447110522584513
38 0.6969152798653795 0.661285115093241 0.6966732613425393 0.7064544762398905 0.481468186335519 0.70529846595428 0.48171120864810746 0.6601301051438887
39 0.7114597251985515 0.66658135209291 0.722912910126638 0.7222005896921073 0.5902310400487067 0.7495170018009635 0.5787787832467757 0.6938985740874088
41 0.2648526378139877 0.7028084286399975 0.2644165463131003 0.6464038395125458 0.45088812378060084 0.6449610104224776 0.45132528932890636 0.7013645212203479
40 0.33150663843764505 0.7458748760145988 0.34474957787926996 0.6815655507148954 0.45822107671483536 0.7049283584675515 0.4449790790380348 0.7692368598338876
55 0.42042760817219005 0.29909206338805816 0.4185633535469151 0.3518795137412447 0.24468540581131037 0.34573801365555445 0.24655009318496468 0.29295101081365016
57 0.35045586967100917 0.313434301387447 0.33415527676140755 0.2449724477567004 0.4421112820274402 0.21926891533496212 0.4584120837866976 0.2877304493750368
27 0.046875 0.93203125 0.071875 0.93203125 0.071875 0.94921875 0.046875 0.94921875