78 0.6882578312646501 0.6287638889312775 0.694530243576196 0.5738034979286813 0.7709158712383442 0.5825200835963628 0.764643885958435 0.6374800838208169
25 0.6590104289510919 0.603774168504348 0.6599154007343486 0.5937982523661307 0.7150794790899226 0.5988018495515818 0.7141745619099993 0.6087777149501056
78 0.7827215110569341 0.580832372765333 0.7101868243079252 0.5855362242760457 0.7065628317288883 0.5296525454776446 0.7790968348328988 0.5249487161708455
25 0.7513429617697511 0.5539678759891491 0.7508440202963129 0.5679057204983914 0.6680272138825103 0.564941002774042 0.6685262499614737 0.5510032562749536
28 0.607736405634796 0.6116332672533628 0.6093992729004185 0.5933025181417377 0.6939783701292299 0.6009740128631038 0.6923156580048726 0.6193046175354281
28 0.7008381284085772 0.5628782777066934 0.7018256284657127 0.567458811783918 0.6339217446935663 0.5820963467334767 0.632934276562537 0.5775158406250014
76 0.8009312698872009 0.2219130834416434 0.8076376184183118 0.24369357264580405 0.7596754554680274 0.25846110558372887 0.7529691540145222 0.23668065665919025
75 0.7870785896174084 0.25049430009363394 0.786609347002809 0.2556679145299631 0.7516668499472416 0.25249869217801185 0.7521360987999515 0.24732508467982536
67 0.7221321485982344 0.21172496223484022 0.7190649141656422 0.1894144714933165 0.795390133039291 0.17892138290878007 0.7984574100697728 0.20123182218392255
28 0.7232842131267034 0.20000982984159318 0.7230360417024713 0.20989240235489673 0.6113402530450003 0.20708734215718505 0.6115884578125588 0.19720480468751947
67 0.6884090130066625 0.16736584128872467 0.6900267354440075 0.12931780393427028 0.7920257650548592 0.13365445867182205 0.7904081351427976 0.1717024107752031
28 0.7158442169099999 0.16418706711972253 0.7158203098231297 0.16875777947743376 0.6516604527164418 0.168422146965853 0.6516843671873858 0.16385144218752962
28 0.6831882901658446 0.15512339390258897 0.6835148927219734 0.15927820552091346 0.6319630094918693 0.16333054237470201 0.6316364125021892 0.1591757359374561
28 0.636791601562436 0.14203148437505578 0.6375645356278028 0.13654620574632045 0.7091072746908367 0.14662721745992663 0.7083343502778234 0.1521124875259586
75 0.7658569565368225 0.17899058055607403 0.7639756130283786 0.1870571350039122 0.7363994728410717 0.18062566783907374 0.73828082064108 0.17255911966236998
78 0.8764794367521063 0.14820385542076608 0.8263435400627941 0.17123589879663326 0.7978756013126258 0.10926740794723987 0.8480113826281013 0.08623539546455684
78 0.82728818705516 0.15976735483098675 0.9083694816664547 0.14575958786950327 0.9183116050968465 0.2033071823602429 0.8372303169509223 0.21731492666939756
78 0.8403793103615271 0.2481701252990384 0.8366770629281746 0.2131823388220913 0.910728443477069 0.2053466433610192 0.914430769600699 0.24033433835145743
67 0.8502246660723358 0.27351136643607515 0.8456751352274523 0.2462411603360905 0.9368656935732815 0.23102788128292456 0.9414153013756277 0.2582979900674541
28 0.9959903989969234 0.24645544103830322 0.9964400933847628 0.25185393359705965 0.940305819404557 0.2565297513567067 0.9398561375002146 0.25113127031252924
75 0.8855053862226896 0.45383087937883565 0.8847054065549855 0.4677957915470069 0.8430292203994441 0.4654084496026426 0.8438292383542603 0.4514435783431831
67 0.8236786839332808 0.5019151468514229 0.8765656323330404 0.5195834283672973 0.8606423018379701 0.5672430045265527 0.8077553855831638 0.5495747948909365
67 0.8645187891371506 0.5610526967416134 0.8557109907699214 0.6219812241359801 0.8011855164642157 0.6140995631509601 0.8099935632383222 0.553171331601355
67 0.7977227768149078 0.6064810688230048 0.816286293836697 0.5482972554438706 0.8851062074105585 0.5702520032999988 0.8665431337454947 0.6284354386379125
28 0.8768482812499769 0.5937045984374771 0.8795053564267619 0.5854857484826537 0.9556873471703966 0.6101116988224274 0.9530303427586659 0.6183304886779373
28 0.857373124999981 0.6089785687499888 0.8610415683332349 0.6019552620632107 0.9332288458165294 0.639655808638557 0.9295604659162109 0.646679060966063
75 0.8075396333018716 0.6276813427572765 0.8087845641647391 0.6376883800142233 0.7834984713540507 0.6408336779986906 0.7822535676128837 0.6308266653467943
75 0.7660807969500638 0.6572296807395603 0.7679591031901509 0.6425629060032395 0.8070271957411705 0.647565486573829 0.80514895287331 0.6622322038841701
75 0.8281604054251375 0.6164596522852185 0.824534486448897 0.6286737266158848 0.7979221587012262 0.620774345406772 0.8015480962044421 0.6085603027361656