27 0.2899575320959684 0.6300872048064668 0.32608048054396477 0.6347900161581552 0.3126884427077812 0.7376417966806496 0.27656550390588563 0.7329390364132881
6 0.3238257596560743 0.6513811024788263 0.281186105779625 0.6393203581480836 0.3013990242204727 0.5678687582458654 0.3440381225341298 0.5799294191222224
6 0.3104277993160167 0.5964254132347938 0.3065867893144514 0.5824101201948588 0.3307029136848314 0.5758015679206115 0.3345439430457873 0.589816829764824
6 0.692405083680228 0.6601470748780852 0.6463505473444684 0.6676156634368352 0.6330192759060083 0.5854167928164542 0.6790730961880627 0.5779482635833528
0 0.29673022621557266 0.5538485266184303 0.2622055351948802 0.5487585007916584 0.28244129694792264 0.4115167854534072 0.31696527192980284 0.4166067564984289
43 0.3401534567901763 0.5808368934818158 0.3001112607307732 0.5804310298497117 0.3019245728196438 0.4016129893907899 0.3419656596809091 0.4020188472731961
38 0.6381056093076722 0.40253955108916134 0.6742579216694367 0.3997623425262771 0.6877247662248465 0.5750550464459654 0.6515724579676316 0.5778322181901131
39 0.6710272280673735 0.4054353901648586 0.7039919262052763 0.40242820759876746 0.7164382664283266 0.5388561914464309 0.683473572730577 0.5418633443050089
41 0.7071083279247432 0.7348105697430323 0.6602939681899898 0.7430741569846451 0.6327077758147652 0.5868116573932606 0.6795207045297502 0.5785481976677882
57 0.25305146200207673 0.5508159934100871 0.30421817660896977 0.5677157664040933 0.26409819449850147 0.6891714450056009 0.21293157518960015 0.6722718759938155
40 0.7292729514379062 0.6888465512025325 0.6859261397115688 0.6913771796751826 0.6778435096257454 0.5529377196565478 0.7211892032969445 0.5504071235923872
55 0.30082810043950303 0.7379830639463524 0.25861045280350936 0.7265725343591605 0.30132882737359523 0.5685439098516113 0.3435452021179799 0.5799542601992056
27 0.93671875 0.9203125 0.94921875 0.9203125 0.94921875 0.9453125 0.93671875 0.9453125