43 0.52360950105151 0.680958167089704 0.5201169728393324 0.7246799442635291 0.3517310817414909 0.7112291215969301 0.3552243213858901 0.6675081184705817
6 0.4963662734562604 0.7057991417898072 0.496366285457043 0.7146393215387146 0.47965116121895335 0.7146393196355202 0.4796511652011759 0.7057991558559925
6 0.4845913254748666 0.6790899285755481 0.4872696877527005 0.6460679485356939 0.5387973838528524 0.6502466944410367 0.5361192069592562 0.6832685009895629
6 0.5606920877269204 0.710740924065645 0.5507940096800894 0.7005709601723886 0.5773695676861053 0.6747096833349097 0.5872676089436482 0.6848796077740361
6 0.5454396459323334 0.32613623276694087 0.5503996624597676 0.3740445062474132 0.47606504652867443 0.38173993428021896 0.4711052402938094 0.33383185435694407
6 0.4550741327943797 0.3359135775362944 0.45246299532072953 0.30908135076100346 0.5085490349822521 0.3036235399713635 0.5111602380496834 0.33045569370672473
6 0.5827617704165959 0.3246677307632739 0.5701665153042086 0.33521364099728457 0.5482726117348875 0.3090659611747182 0.560867841346294 0.2985200683021062
6 0.5933771024764383 0.3701841054648733 0.5928340885701573 0.3593959381407524 0.6224132607026149 0.35790714083716796 0.6229562913684958 0.3686952903836811
55 0.5416575868516702 0.7187706193912098 0.5469649988859828 0.6654306100153753 0.732963990436474 0.6839341345721122 0.7276577372033444 0.7372730628738181
38 0.36700327846892833 0.3404237773216622 0.36489599298192843 0.29544116119971875 0.5124158367090104 0.28853011982641424 0.5145234251696138 0.33351242382874813
40 0.5399011561059979 0.29264300045145053 0.5425122806748277 0.22356163668996729 0.6554021749727781 0.2278284241481134 0.6527913688764784 0.2969094845140447
41 0.7198892519318179 0.2781011886616362 0.7242767251934765 0.3325436953613545 0.5418513595215018 0.34724363409759196 0.5374643913154387 0.29280158942544743
27 0.96640625 0.02109375 0.97890625 0.02109375 0.97890625 0.03046875 0.96640625 0.03046875