43 0.3190413320473908 0.5236094317844614 0.2753195926338776 0.5201170059558873 0.28877144269949895 0.3517318269596291 0.3324922066391309 0.3552242137401428
6 0.2942008556415203 0.49636627968749997 0.28536067213235583 0.49636627968749997 0.2853606837169309 0.47965116249999995 0.2942008452856726 0.47965116249999995
6 0.32091005981146736 0.4845915532654746 0.35393195765732344 0.4872692143606055 0.349753360314935 0.5387971892332886 0.31673146372031624 0.5361195389165928
6 0.28925832778861604 0.5606912894740915 0.2994295019746005 0.5507944685824372 0.3252909834362754 0.577370263608596 0.3151198406628737 0.5872670526503749
6 0.6738639329802254 0.5454402218429106 0.6259553617219353 0.5503995260567798 0.6182601322612982 0.4760646483056904 0.6661681527164092 0.47110537277389164
6 0.6640864266412336 0.45507406258744953 0.6909186336836228 0.4524631373676799 0.6963765089913068 0.5085492943594191 0.6695443035372364 0.5111602087467174
6 0.6753325559024006 0.5827614836320746 0.6647858635917601 0.570166874960085 0.6909337012858714 0.5482729001182686 0.7014803710590058 0.5608674717468364
6 0.6298158882672169 0.5933770617310289 0.6406040509288005 0.5928341109771307 0.6420928899576666 0.6224133204934333 0.6313047274096562 0.6229562697593731
55 0.2812287047515838 0.5416581514470215 0.3345686172378919 0.5469628360291191 0.3160686769598442 0.7329629319080039 0.26272877840585807 0.7276583428140975
38 0.6595761049221665 0.36700335588130123 0.7045583246839442 0.3648958821906175 0.7114702031946081 0.5124159060420135 0.6664879849412273 0.5145233587345308
40 0.7073569366863239 0.5399013824087516 0.7764382048512743 0.5425117680687455 0.7721719590743987 0.6554019554972385 0.7030906926767102 0.6527915967091057
41 0.7218988023366819 0.7198895207473075 0.6674551723518789 0.7242759332285118 0.6527567106238621 0.5418508700634505 0.7071984599604093 0.5374645330325674
27 0.96953125 0.96640625 0.97890625 0.96640625 0.97890625 0.97890625 0.96953125 0.97890625