43 0.31823826324944093 0.5032952159046624 0.2764382284291287 0.49755912666091306 0.2966371819438791 0.3503778931739969 0.3384363973755171 0.35611392433287503
41 0.66760961875 0.48982558125000003 0.71711456875 0.48982558125000003 0.71711456875 0.65625 0.66760961875 0.65625
55 0.3244180686778009 0.6956957092406217 0.2650623421353657 0.6868104267899164 0.29313102510548106 0.4993347702697862 0.35248476599872447 0.5082199028971705
27 0.38785619130044324 0.4813638316738035 0.36862807196598624 0.4807968534163496 0.373062096467379 0.33043941784779224 0.39228985846568776 0.331006390833784
27 0.6647711938878729 0.4600213920921244 0.6312206021910924 0.4609037544442469 0.6273706333462314 0.31450957532968377 0.6609206403727512 0.31362722071645577
6 0.44223957248982515 0.5777732927184992 0.39285791415477433 0.6609839024311652 0.2543431996994059 0.5787890934754237 0.3037247935609457 0.4955796881488428
6 0.545813881940262 0.5703229138626841 0.542540513047129 0.6443846011865236 0.48892927388908447 0.6420150827347543 0.49220299335047457 0.5679537656494432
27 0.5505977701380971 0.7115452605639055 0.5356395080594893 0.712664820240313 0.5295324719398877 0.6310792170398081 0.5444904859079998 0.6299596666593757
40 0.7856189697065474 0.6415414102960065 0.7200513293415725 0.6366337978420872 0.7273167927759232 0.5395821382370757 0.7928833058401779 0.5444897087230767
57 0.20090996817839368 0.5178564883107566 0.27118423859064933 0.5094010306220652 0.2870822340704535 0.6415183779125401 0.2168079816987074 0.6499737361323862
27 0.9578125 0.95703125 0.9765625 0.95703125 0.9765625 0.97109375 0.9578125 0.97109375