43 0.37858733332541306 0.5299498207178864 0.33343821767391546 0.5294006647190475 0.3355169499047861 0.3585636399544437 0.38066500154218375 0.35911278939913766
0 0.3377277512396404 0.499293612689699 0.29496206806106784 0.4921188199236744 0.317945700811606 0.355134735353757 0.3607106255257122 0.36230946302920564
38 0.6206431329861744 0.37202646037210585 0.6637151097677361 0.37225930355319153 0.6628076019553646 0.5401227442921948 0.6197356251561814 0.5398899038439893
39 0.6362333803161846 0.3665480716951542 0.6778602987169506 0.35799686882242854 0.7071982761063964 0.5008053618539664 0.6655713830746208 0.5093564814137966
41 0.6790188521612208 0.7350629153670768 0.6262161331860625 0.7375691254451786 0.6185355343245647 0.5757522616609445 0.671336602133465 0.5732460899838282
40 0.6792943393242012 0.5530988714921041 0.7398578732712622 0.5586582475171133 0.7301866147435021 0.6640049287070278 0.6696230879824725 0.658445607208942
55 0.31923654708123195 0.5559236386265725 0.3721164841194877 0.5578175876603346 0.3662034409045418 0.7228933356228664 0.31332350541231335 0.7209994168385255
57 0.32135847952042695 0.6538108324274035 0.2588497932650853 0.6553467497874343 0.2563004487286662 0.5515805611219904 0.31880794490280095 0.5500446583843447
6 0.41141056304286394 0.5967315970581878 0.4006917528967051 0.6244104770781506 0.367067915891198 0.6113908076853716 0.37778676323398486 0.5837120194021291
6 0.37700297273090655 0.5200419452626631 0.3956249904277911 0.5096229509438152 0.410877475400639 0.536881660409549 0.3922554764386632 0.5473006285012616
6 0.6160359548880479 0.5959023579463536 0.6182117370024116 0.6276574071919028 0.5864466733447671 0.629833527756506 0.5842709913181352 0.5980785727263324
6 0.6168309616721217 0.5517368237587892 0.5917449167760651 0.5543521506859099 0.5889372905797927 0.5274235393697349 0.6140232250617146 0.5248082182350644
27 0.975 0.96328125 0.9875 0.96328125 0.9875 0.97265625 0.975 0.97265625