43 0.3397824506037068 0.48852085063552125 0.2958877037290222 0.4785545909883734 0.3312803289195472 0.32268405281322293 0.37517423210886136 0.33265021231421493
38 0.6601432396957989 0.340905017329473 0.7026576944347198 0.33162338893763205 0.7361335624758567 0.48495213723307456 0.6936191376386205 0.49423367324743384
40 0.7686581295864698 0.5880364503389826 0.7185037288314788 0.6006392664674706 0.6912871960494158 0.49233574482460835 0.7414407162493717 0.4797330445779824
57 0.24436308459462452 0.5535813651978412 0.2848480703160021 0.5446286084449451 0.314859637538234 0.6803281965791044 0.2743746898202062 0.6892808364892425
27 0.3525459258239607 0.5639534814198935 0.39281454001491056 0.5696571829980974 0.37430696357910165 0.7003069049303307 0.3340383647316685 0.6946032761069191
27 0.399222065625 0.598837209375 0.42185290000000003 0.598837209375 0.42185290000000003 0.71947674375 0.399222065625 0.71947674375
6 0.34512033067164793 0.4890988374999999 0.3033944846929444 0.4890988374999999 0.3033948614416886 0.38372092968749993 0.3451200984289926 0.38372092968749993
6 0.3822140556053455 0.5091615700222404 0.3504660000340891 0.5183458660948204 0.33179302385531173 0.4538016606178692 0.36354078283955005 0.4446174103568175
6 0.4087694413877898 0.4927325258116641 0.4087694696657991 0.5072674347949674 0.3882602580005141 0.5072674488002739 0.388260252433156 0.49273256255575465
6 0.6253552838660426 0.5001306205994696 0.6437777554091326 0.5056462897695031 0.636359713705474 0.530420736657188 0.6179372468963038 0.5249050786711088
6 0.679040880639036 0.45664203001698783 0.7021658406682718 0.4664865586971911 0.6743507368223618 0.5318199101892066 0.6512258069972177 0.5219754339536934
6 0.7081393044336437 0.4112042084653744 0.7367803038431475 0.42220535364492695 0.7079156688470221 0.49734851913724437 0.6792747018946557 0.4863474352604298
6 0.7209595466129031 0.5271693744489355 0.7055075273145803 0.5176012934040685 0.7261519705260753 0.48426414871147755 0.7416039184706733 0.4938322007464241
6 0.6850329033844673 0.5305227805610552 0.6972062227597462 0.5351890041471261 0.6737340743836739 0.5964177051462586 0.661560768940717 0.5917515078112793
6 0.3845458557203756 0.6095496992701033 0.3329923865933324 0.587108431343507 0.3583383538866656 0.5288886931418126 0.40989133014556955 0.5513298380262431
6 0.402572684570373 0.5462743674872865 0.4353760604104764 0.5525193253575266 0.4210564618764465 0.6277292857966124 0.3882530982236858 0.6214843706961196
41 0.7662969691281205 0.66351718351675 0.7059888253754707 0.6936729709401347 0.6366756624801155 0.5550687429447768 0.6969824111929483 0.524913366186581
27 0.96953125 0.96796875 0.98046875 0.96796875 0.98046875 0.97734375 0.96953125 0.97734375