43 0.5166967606755861 0.35035252699833824 0.5168094355475432 0.3138932039535191 0.6948521641675143 0.3144427789993836 0.6947398201502892 0.35090177184049054
0 0.5283983070327167 0.3126306708507447 0.5302474694975672 0.2784307233939069 0.7065602049244717 0.28796299533286984 0.7047113336843722 0.3221626643896011
38 0.5280188760668807 0.7007158692058422 0.5256587848895151 0.6599687390299407 0.7025340720210806 0.649724186232023 0.7048948575809391 0.6904705761011898
41 0.34208578340553686 0.7216542404054163 0.3314145590991302 0.6704843421834094 0.4937089956094951 0.6366424513542093 0.5043808602403033 0.6878114728207155
40 0.507990943721552 0.6977737998943881 0.5061616566886187 0.7591896816620058 0.3989508591836284 0.7559959918057548 0.40078085271159125 0.6945808446236872
55 0.31406942662090387 0.3316704264957269 0.3164836500096726 0.28454073837680227 0.49174408004694214 0.29351757732345335 0.4893302697561239 0.34064687968579876
57 0.4054625871162898 0.23156145342953496 0.42793375324527005 0.28516557817491184 0.3235791773108758 0.32891019058423676 0.3011083140166875 0.2753063216565372
6 0.4898255525050672 0.2920791515684385 0.4898256493625013 0.3394625513238707 0.42587208871248095 0.33946250725749383 0.42587213726108075 0.29207925248531347
6 0.47616659645029813 0.34106894965383405 0.4738495601359318 0.39107282337263 0.4027263392021041 0.38777705450356403 0.4050435636570455 0.3377733763863848
6 0.5161287728795969 0.3476091360270564 0.5197491070449587 0.31040833168811105 0.5765249904125085 0.31593347127270605 0.572904772159859 0.3531341691781508
6 0.5428778685619591 0.39214987028423387 0.5428779419144121 0.42220650638179114 0.4912790547418808 0.4222065045333963 0.491279077554168 0.3921499647420831
6 0.4529872304830178 0.5883652689034659 0.46701567781042286 0.6406158388122135 0.39298236103661566 0.66048980096167 0.37895435871575955 0.6082396144035732
6 0.4223549887583431 0.7005029033349627 0.4148086245768354 0.6515928263264511 0.49735969174685124 0.6388575827574152 0.504906393728902 0.6877672414697474
6 0.47417770604170073 0.6228533167793481 0.472972589706842 0.5947827875074141 0.535887910530505 0.5920819360874154 0.537093183091315 0.6201523012601988
6 0.4882921317438331 0.6645843459862426 0.4852762683334504 0.6211991412616104 0.5519894667520475 0.6165621378292399 0.5550055913159895 0.6599470607632265
27 0.03125 0.96796875 0.04375 0.96796875 0.04375 0.98203125 0.03125 0.98203125