43 0.3071119905272326 0.46399830347929477 0.25886167716055297 0.46027981433839427 0.27264141924854357 0.2814933747095421 0.3208907406263961 0.28521182508134896
0 0.2818748083038827 0.367341115736199 0.233860687866013 0.35567700843395333 0.2671909229028415 0.2184821487907959 0.3152044669006955 0.23014618290544084
38 0.7327322817806134 0.45614978359228964 0.6835860538329825 0.4617680905197321 0.6626597481069894 0.27871980472339897 0.7118049412737264 0.2731015587242221
39 0.7336251840678187 0.33823318447426964 0.6954531941272535 0.3388314561044206 0.6933050539430496 0.2017595171953209 0.7314766024697974 0.2011612490827381
41 0.7286958378268764 0.6563416749059067 0.6729236085498087 0.6559115819712983 0.6743308955267366 0.4735504846464253 0.7301014385383269 0.4739805712433935
40 0.7269171197377773 0.46478229890775186 0.7975793966143101 0.46595265041300643 0.795494364833985 0.5918304538312457 0.7248320881728887 0.590660114168617
55 0.25667503054467034 0.4783584342882009 0.3130025112839121 0.47569206769176287 0.3218378128569839 0.6623225698584715 0.26551033531302437 0.6649888935444535
57 0.26702127202008796 0.5872954798939242 0.19531881481134405 0.5924562915616526 0.1864729522143307 0.469556149454917 0.25817398997457985 0.4643953891334817
6 0.25776812485582923 0.5479651596418239 0.25776844296979107 0.4774708287807719 0.31638418158797776 0.4774710897659794 0.3163841852613132 0.5479651015587953
6 0.3793022354150253 0.514743687817887 0.36003111798777354 0.5727925698723856 0.29963321472871485 0.5527431214373777 0.3189044841225268 0.49469454225677273
6 0.3092264570406087 0.41856256728825747 0.3578553891578622 0.42033452893150786 0.35549077368011694 0.48522408654438554 0.306861842061835 0.4834521328207593
6 0.6838949260777554 0.5595934113313489 0.6290246490012805 0.5708177666387908 0.6165343149783666 0.5097628319399787 0.6714040487727289 0.4985385341679831
6 0.7245594380844977 0.4785402126874187 0.733869905902452 0.5392810333914261 0.6789261567844278 0.5477019835042536 0.6696159849619789 0.48696142847908735
27 0.97421875 0.965625 0.98671875 0.965625 0.98671875 0.98125 0.97421875 0.98125