43 0.3118618738519672 0.476963911470131 0.2726414835697142 0.4758003652806503 0.27737720444758907 0.31619350782419575 0.3165968261054104 0.31735704247973806
0 0.2950807721704223 0.37656300959065747 0.24818867942769884 0.3747296353300606 0.25376930641550643 0.23200824786591254 0.30066078215554626 0.2338416100881273
38 0.6696083956295524 0.2942353092668111 0.7173365742597753 0.29461289885699254 0.7160550941728161 0.4565883843912488 0.6683269155863627 0.4562107983656229
39 0.6761692762038365 0.22400334859739904 0.7235804755301842 0.21867997360981525 0.7377682852817316 0.3450370997442135 0.6903570913240173 0.35036044545921824
41 0.7395092318528214 0.6238401970117611 0.6804081011368908 0.6294883039960245 0.6638159402593828 0.4558781729510763 0.7229154053326283 0.4502301455487436
55 0.3008301632039547 0.6553972357474973 0.249911353494781 0.6495683338075902 0.2697728932064365 0.4760912954853998 0.32069022725136165 0.48192011368127974
57 0.2665654925377794 0.5900911282631411 0.19956418881770333 0.584006254208595 0.20976694213891278 0.4716807973078656 0.2767670570916607 0.4777656177848325
6 0.359211942826164 0.4272422264799774 0.353492390966494 0.5037705324236444 0.31099862008704804 0.5005946800848982 0.3167183826319615 0.4240666038714417
6 0.35758206097568745 0.4515208139746781 0.3856947688158243 0.4540537088779774 0.3802796217951254 0.5141524820579978 0.3521669154274605 0.511619598424694
6 0.6783717934143851 0.49349060636228637 0.6250826108763476 0.49719445153504027 0.618807397377168 0.40691048567686333 0.6720959276101439 0.40320666309865383
27 0.6662101361097257 0.4157359507125725 0.6253641539817636 0.41652301362622596 0.623055958805935 0.29672964986271244 0.6639014173279065 0.2959425919487289
6 0.32602950485545534 0.503617043100783 0.37510537829336954 0.5155552830057248 0.35824111883789556 0.5848749632324781 0.30916526967621394 0.572936793665421
27 0.971875 0.9640625 0.98125 0.9640625 0.98125 0.971875 0.971875 0.971875