43 0.2881866790218055 0.37198779107900715 0.33343451638438637 0.371200154867043 0.33621303693792015 0.5308105379988532 0.29096519971915313 0.5315981656093821
0 0.2894535509618663 0.508291592216004 0.2584506610065773 0.5077961548375799 0.2606359635572062 0.371077436454027 0.2916382779551441 0.3715728691905534
38 0.6752976482672466 0.3793174202931522 0.721594095673936 0.38034309846820186 0.7180266202229859 0.5413600705443956 0.6717301731857788 0.5403344039529041
39 0.7091926764708205 0.3754656019819025 0.7598333954763348 0.372187476290278 0.7694925741928955 0.5213947753389392 0.7188518587523731 0.5246728676169203
41 0.759772271819088 0.7054460750498915 0.7024910422150015 0.7139273484991584 0.6769473767461704 0.5414242272368058 0.7342267735475616 0.532943090071313
55 0.27919445766451645 0.5287302721952744 0.3296315552092892 0.5319366463743038 0.31829942209560613 0.7101748548472153 0.26786232952781575 0.7069685340376295
57 0.22086994607730048 0.5221630718681177 0.2823979247398256 0.5207999956801518 0.28490025459393564 0.6337419019312801 0.22337227638615786 0.635104964586168
6 0.3231877313304494 0.6059232958784726 0.2711915154613962 0.5968725660142584 0.28269222248979986 0.5308096800454624 0.33468785027594095 0.5398603576763484
6 0.3787363325551496 0.5554005995636927 0.37873649215350724 0.6264808737726105 0.3284645847322736 0.6264807050921979 0.32846474589200625 0.5554007509707032
6 0.6834241666234675 0.6369337984375 0.627717128418567 0.6369337984375 0.6277175749875141 0.560975609375 0.6834238407479916 0.560975609375
6 0.7248796267833768 0.5293377638048782 0.755948387065132 0.580959437043314 0.6955132839383396 0.6173285970804782 0.6644448892313903 0.5657072422141108
27 0.96328125 0.95390625 0.98046875 0.95390625 0.98046875 0.96640625 0.96328125 0.96640625