6 0.32363464583613677 0.47951851580104754 0.36878027089630905 0.4856960134967183 0.3595509898932505 0.5531389524236637 0.31440537145624603 0.5469614878074177
6 0.38660265490977963 0.6398581356096988 0.3316774786225096 0.6214075631259153 0.3528327824766393 0.5584388712368166 0.4077573399707717 0.576889330180325
6 0.5170867173354736 0.5961596798162646 0.5380045984941262 0.5958087607921979 0.5391264658429691 0.6626741335837383 0.5182085847394546 0.6630250503588638
6 0.6724759338553667 0.6271094393384999 0.6225285785881169 0.6368293967847981 0.6113489882960721 0.5793867771109081 0.6612958169141621 0.5696668726617768
6 0.6734610490699424 0.563677447448184 0.6264282851944927 0.5608171414634816 0.6306114241541536 0.4920435064694415 0.6776436732087632 0.4949037968508856
6 0.7191628222133204 0.5416784486610867 0.6779549509482194 0.5480940160736456 0.6681411177287373 0.48506261035966824 0.7093485852467438 0.47864707495075126
27 0.5516029647759524 0.7742785434765012 0.5323837021225017 0.7764529567525564 0.5186171781150506 0.6547906633402134 0.5378359265625932 0.6526162796874959
55 0.2995700180915719 0.5469482460512499 0.3515762798499509 0.5521382453487667 0.33426095261188493 0.7256261327106762 0.282254703059607 0.7204362203218638
43 0.3164977636564572 0.5437655557217155 0.27628985123840266 0.5398918181226124 0.2964207796072742 0.3309618223538019 0.33662751065116936 0.3348355005752333
6 0.5215701096706198 0.57485465 0.49328139823455786 0.57485465 0.49328159598599086 0.49709302343750006 0.521569947288981 0.49709302343750006
6 0.546845086217786 0.5779655032400768 0.5208548218495253 0.5776042258052045 0.5217238732068381 0.5151015592894734 0.5477138665057737 0.5154628348371209
38 0.6618338815330844 0.3574971356807996 0.7026124215733489 0.3546465575391586 0.7161774666744805 0.5486882477631702 0.6753989306993162 0.5515387872731348
39 0.677102528268847 0.34268698559088123 0.7262575104808775 0.3347150567539959 0.7499006559299914 0.4804920169044592 0.7007456929518412 0.4884638714868638
41 0.6583124895170158 0.5567450432215946 0.7072082107832784 0.5491760501093625 0.7337492048070544 0.7206113031257992 0.6848535134739677 0.7281801692595832
40 0.7766739117541874 0.6653430921111724 0.7102412230639175 0.6686865371862539 0.7050115968351065 0.5647761746435521 0.7714429871525681 0.5614327624012145
27 0.96875 0.95703125 0.98125 0.95703125 0.98125 0.97265625 0.96875 0.97265625