6 0.6008614613125474 0.6774167677253901 0.5964841019510914 0.7189982516625018 0.5335604209468556 0.7123748114093987 0.5379380248763255 0.6707936064794453
6 0.5878391117541923 0.7136052395545203 0.5944290397042096 0.6641902817098784 0.6720875301922433 0.6745451486036915 0.665498055701164 0.7239596964246461
6 0.6439991640786502 0.6144017472743023 0.6944829267588375 0.6345926169738028 0.6716698946408997 0.6916252486220208 0.6211862000446899 0.671434502069463
6 0.7087389140067444 0.6073033151214251 0.7029534474983166 0.639698821365895 0.6567692456402483 0.6314516554610711 0.6625548232464098 0.5990562925576812
6 0.6182601696223173 0.36474698330192007 0.5965307788903829 0.30806318649957765 0.6564518860144517 0.2850935322578424 0.6781813501966099 0.3417771482837892
6 0.5240000000000009 0.3068000000000222 0.5608356155479441 0.2719041670856571 0.6097846545803804 0.32357272920380575 0.5729491550411012 0.35846844293581254
43 0.6039501893412762 0.6751942641970067 0.6013047304367092 0.717531104996854 0.4060666122351222 0.7053309770939278 0.40871288022151475 0.6629950132994898
0 0.5770696791896626 0.7181662407278167 0.5696892535610232 0.7597275203114566 0.401985941303451 0.7299496896057005 0.4093669714779935 0.6883891865470272
57 0.5754301489662339 0.7688121534339589 0.5782234365509566 0.7157589061181646 0.7444784220231213 0.7245100578598893 0.7416861886964625 0.7775622902992895
55 0.5845812436919005 0.7111529413048711 0.5956123358671448 0.6596877879625046 0.7756845248356967 0.6982776869381386 0.7646545978350332 0.7497418276056199
39 0.5285717999080362 0.25653001712143136 0.539012983150883 0.31290819579746953 0.34213498369354056 0.34936776823242816 0.3316943956602927 0.292990123206782
38 0.40687636426503104 0.35921991808960174 0.4016666469519805 0.31015840666608446 0.6057507504989417 0.28848692804356546 0.6109609071999103 0.33754796269796455
41 0.7646445258503718 0.2794558090007715 0.7724697346109224 0.33482883659618307 0.605209257786214 0.35846399900583004 0.597384552611743 0.30309141614824026
6 0.7028706384962788 0.3849026733920177 0.6646185277248833 0.41793723133442096 0.6174719640124522 0.3633464209362572 0.6557238850925842 0.3303120003841548
27 0.95 0.03515625 0.9640625 0.03515625 0.9640625 0.04765625 0.95 0.04765625