6 0.343081690240183 0.5475514073868324 0.30134586975736966 0.5439415391499961 0.3081257190482347 0.465564786866739 0.3498610382922607 0.46917463338054927
6 0.34349813898097636 0.501568256973578 0.38510340364086915 0.5026336187528375 0.38296501343813816 0.5861363316491582 0.34135974904802424 0.5850709772171544
6 0.4119518422232886 0.5254359864321975 0.4119519744920126 0.5959302763496404 0.3787128321722548 0.5959301997887151 0.37871290034377125 0.5254361110453415
6 0.426193762123944 0.5466465474518096 0.45731637084122667 0.5500878182722337 0.4493103412501114 0.6224864390594108 0.4181877361372699 0.6190451905511843
6 0.4054394017297227 0.6643071018463773 0.4329021499542023 0.6669791769227329 0.4253897715957464 0.7441776479518638 0.39792702657564405 0.7415055951162746
6 0.3751053508121913 0.6424529202529371 0.4117028768456521 0.6448268575725872 0.4065512489549974 0.724235345019817 0.3699537248693332 0.721861427334776
6 0.3971905086723382 0.6493618312012249 0.3636666935253743 0.6865679185886023 0.31681103039352365 0.6443547490726795 0.3503346670983092 0.6071488952454829
6 0.5621614297649558 0.746672140622236 0.5372797369810769 0.6256227702399993 0.635594447730341 0.6054171248251706 0.6604770552351056 0.7264652345424976
6 0.6729320593040029 0.5656323402270943 0.6982256056124925 0.5933197976335511 0.6473691399226027 0.6397737765533316 0.6220757752017789 0.6120864945267411
6 0.6639618915661458 0.46612548900784206 0.6984986585209754 0.482044137356954 0.6661214216693452 0.5522835728976011 0.6315847134463866 0.5363650202077989
27 0.34684512000706036 0.5081514500268396 0.31288558781056963 0.5042568491155309 0.3319909770347067 0.337677827736108 0.365949787921636 0.3415723870683296
27 0.3394550677318193 0.403245049341475 0.377332260996468 0.4003491573177131 0.38623214246842963 0.5167492642477467 0.3483549516838593 0.5196451325958789
27 0.4018269768010896 0.7193587947791948 0.42022167891252593 0.7197512728975365 0.4178159971727382 0.832481094327726 0.3994212952222824 0.8320886214279553
27 0.5964558230085686 0.6748255138062231 0.6469358486662031 0.6498443077556944 0.6923461258054431 0.7415924087144115 0.6418662811361173 0.7665733386443273
27 0.6337867607198859 0.6199188900496132 0.6817538890625201 0.5930232562500048 0.7240621112806593 0.6684688837601438 0.6760951470018881 0.695364288379463
27 0.45231064558595335 0.5632238306500372 0.4289895580920984 0.5633931773697901 0.4280553413976804 0.43471488757578064 0.4513759762861582 0.43454554249086574
27 0.3843705771854502 0.5363372501520212 0.3906065403747334 0.4347043649230757 0.4142980091806976 0.4361579901364289 0.40806223437505196 0.5377906968750306
57 0.24762056833799306 0.5319832591329415 0.3071393856512259 0.5372480961569801 0.2970449407853266 0.6513537389579339 0.23752613046963234 0.6460889564495578
55 0.3095449565587387 0.5565627835061802 0.3563786187334017 0.5696429946153801 0.3234381776230748 0.6875726847926927 0.27660457612262235 0.6744926251245282
43 0.3423234339981036 0.5474203802494803 0.29775489360736174 0.5418124681730053 0.32316100952607485 0.3399190566268912 0.36772835078852495 0.34552689278376203
38 0.6364784343223846 0.40166266774411946 0.6805164439720102 0.3989844513469952 0.6894237765621938 0.5454386331286134 0.64538576960706 0.5481168208971375
41 0.7109836372566178 0.6840899418936403 0.6567232072949309 0.6990579090521957 0.6238513581449752 0.5799069387295679 0.6781105669681438 0.5649391497990115
27 0.96796875 0.95546875 0.98671875 0.95546875 0.98671875 0.96953125 0.96796875 0.96953125