6 0.5054830461417623 0.6032370220444391 0.5070913626437914 0.5735459507164173 0.5665527615938117 0.5767664992823448 0.5649446122330346 0.6064574102683469
6 0.5710255444409995 0.61283874898454 0.5689660953913744 0.5790392003732583 0.6188651939905867 0.5759990586402068 0.6209247857891569 0.6097984549140328
6 0.5644240419152311 0.4064546948253638 0.5602960462359761 0.3691927126781248 0.6097696468541471 0.36371212217375487 0.6138977373097987 0.40097399402195427
6 0.4885141410234155 0.3973460232403218 0.4858003698942639 0.36208572506542325 0.5447718942861002 0.35754719223769493 0.5474857749795774 0.3928073709475709
38 0.3099636355130997 0.3400134356985464 0.30617088571852946 0.29682501835509617 0.5010910692250263 0.27970695165139275 0.5048841813145373 0.32289499087580753
41 0.670344712065571 0.2489885756264596 0.6812715184930767 0.3019718991611613 0.5034636350277424 0.3386395151302743 0.492537323377519 0.2856566254096356
40 0.5926158114748432 0.17586969649744966 0.6327333719965509 0.23556132992169948 0.5163810924673271 0.31375756552245654 0.47626388214553117 0.2540662421080505
6 0.5004420701482104 0.6319847235417562 0.5012838311978385 0.6009083748770417 0.5613999731872354 0.6025364724902061 0.5605583925206474 0.6336126450982436
6 0.5283928854488522 0.31828136170077337 0.5336522714076182 0.3650352160618164 0.4619347628668038 0.37310225560378923 0.4566755709145127 0.3263485781626253
6 0.5288272883774425 0.37820196976072035 0.5238807166673496 0.3274613260948789 0.5880503951580067 0.32120579528672505 0.592997121781309 0.3719462648281699
6 0.4709315629147568 0.6765902029648273 0.4644560373102422 0.6382151668671571 0.541414728557811 0.6252304075520977 0.5478904885512748 0.6636051478472159
6 0.5356925880147401 0.6475750722193634 0.5570214077821447 0.5961025874849394 0.6061633659412564 0.6164633384951498 0.5848348585708436 0.6679355577423529
6 0.4414780511523304 0.7056014292318974 0.44246063732384755 0.6673148651495254 0.5263336156057221 0.6694668889971536 0.5253513745549299 0.7077531157807891
6 0.577267304648899 0.7098398979000474 0.5258281397132123 0.6997219208558463 0.5358227467656889 0.6489187257683418 0.5872613765443475 0.6590366486540175
55 0.5279471971846306 0.7024642634821513 0.5304153790262944 0.6536604618756225 0.6996048409829427 0.6622149646372053 0.6971375597029237 0.7110178966908881
43 0.5266465261381654 0.6692757121146276 0.5239126183961389 0.71019160983132 0.33923467106626504 0.6978516888709089 0.34196930740540665 0.6569365893462182
27 0.95546875 0.02109375 0.96796875 0.02109375 0.96796875 0.03515625 0.95546875 0.03515625