6 0.3967629616383874 0.5054831598887881 0.4264539586607725 0.507091057443007 0.4232335792106596 0.5665526516036514 0.39354258277103327 0.5649447618430119
6 0.3871612475161328 0.571025501475871 0.4209607211299726 0.5689663551770796 0.42400100924521666 0.61886533247471 0.3902015364546969 0.6209244694378921
6 0.5935452888220425 0.5644237690720092 0.6308072947070968 0.5602963180068872 0.6362879940683115 0.6097701974772591 0.5990259913251066 0.6138976301995962
6 0.6026539802777506 0.4885140104331127 0.6379142504741822 0.4858004909613488 0.6424528709734432 0.5447720101568753 0.6071926022048046 0.5474855169942031
38 0.6599864092098642 0.3099636785965581 0.7031744462885854 0.3061708747973099 0.7202932778424156 0.5010912361410544 0.6771052468096741 0.5048839932495088
41 0.7510126435437314 0.6703455820114108 0.6980280231767892 0.6812710506572689 0.661360378557788 0.5034627009153166 0.7143433431529047 0.49253740789917577
40 0.8241319484125142 0.5926166974245388 0.7644378048512408 0.6327316693222601 0.6862407916870552 0.5163787051623207 0.745933901107378 0.47626421079933307
6 0.36801527107661514 0.5004422832936052 0.39909151815697896 0.5012837450505006 0.39746359691275757 0.5613999122565089 0.36638734998780365 0.5605584545906906
6 0.681718805057244 0.5283933954469019 0.6349646959048414 0.5336521122291947 0.6268978029314667 0.46193430379206596 0.6736514084816463 0.4566756155763766
6 0.6217980173644264 0.5288269330672037 0.672538668744096 0.5238808771680072 0.6787943661943245 0.5880509965282404 0.6280537187927848 0.59299702528379
6 0.3234097793249475 0.47093121973687063 0.36178488460257086 0.4644568192361456 0.37476977305004766 0.5414151731258046 0.33639467733280526 0.5478895346510537
6 0.3524237894930593 0.5356952407960287 0.40389783843272653 0.5570197744968709 0.38353681677313034 0.606163144044726 0.33206282260323405 0.5848387086630049
6 0.29439857305351325 0.4414782015793045 0.3326850183411807 0.4424603467340181 0.3305333076489205 0.52633359874318 0.2922468625529291 0.5253514596650065
6 0.29015799945341314 0.577266716980567 0.3002785015939935 0.5258282275924933 0.35108254485612633 0.535822997293189 0.34096230046714027 0.5872612602531225
55 0.29753551216469987 0.527947355152941 0.34633899082700736 0.5304140240213185 0.3377866993727139 0.6996045546231857 0.28898322361214923 0.6971379245653077
43 0.33072333203836024 0.526646489561353 0.2898078039106622 0.5239124650151145 0.30214954428186047 0.3392350984318956 0.34306404292874504 0.3419690877070751
27 0.96484375 0.95546875 0.97890625 0.95546875 0.97890625 0.96796875 0.96484375 0.96796875