43 0.5421073404284016 0.681365726181832 0.5385154907337437 0.7226709109207103 0.3661490982306077 0.7076824866161293 0.36974162790386345 0.6663780601138097
0 0.48720057554521645 0.746 0.338399630406343 0.746 0.3384002710331515 0.7044 0.4871998543810605 0.7044
38 0.40912994638381406 0.3317046533622129 0.40707544957354 0.2887111017107596 0.5724724096564842 0.2808071608829337 0.5745272222446829 0.3238003795833753
39 0.3294298212781541 0.30661679421271515 0.3281266146361759 0.26230194682081015 0.4902920419191332 0.25753264007669796 0.4915955494560649 0.3018471835134555
41 0.7355156868932227 0.27206771339953734 0.7425852118543617 0.3223363967719511 0.5872504786589161 0.34418040636465325 0.580181360739175 0.2939120824809927
40 0.6875821397860591 0.2139246059513476 0.701814049158088 0.2686176839174925 0.5729816955450815 0.30214051569687583 0.5587501183625818 0.2474477231441375
55 0.5516674082786039 0.709458275586644 0.5573181602562727 0.6642643095934997 0.7077665120623351 0.6830721054228476 0.7021165646833651 0.7282653324067643
57 0.5366867940190332 0.7450356032802714 0.5610048343085055 0.691615155169439 0.6666896779373701 0.7397169753289699 0.6423724631683854 0.7931367221116017
6 0.5537554929119324 0.7107097358852169 0.5564767397280548 0.6671796346546481 0.6222693291030055 0.6712919473498983 0.6195484015599959 0.7148217460951767
6 0.5837018618109369 0.6676317887697726 0.5886013791588312 0.6210947485136605 0.6470686598945576 0.6272494476544208 0.6421694354047531 0.6737862210957264
6 0.5774342661547962 0.31841369067722863 0.5942624471655336 0.27634483365206547 0.6643311957536753 0.30437257415553226 0.6475031917603928 0.3464412814371338
6 0.5018670162411354 0.32734357888247095 0.5001902739464867 0.2837464638744289 0.5724525373688039 0.28096728090858314 0.5741294196359377 0.32456425084260976
27 0.9625 0.01328125 0.971875 0.01328125 0.971875 0.02578125 0.9625 0.02578125