67 0.35423129601656456 0.4662221191217887 0.3770880954658651 0.4677502395283989 0.37165042103811174 0.5490778655167526 0.34879362257652247 0.5475497547582211
67 0.37157784181329134 0.5533074336129276 0.37157788259935387 0.5069991840111444 0.3890562977983336 0.5069992178712558 0.38905632227454134 0.553307402318619
67 0.40389500625030905 0.5604365847852537 0.3851290588512484 0.5592145223325978 0.38895515078513654 0.5004677830624343 0.4077209202081349 0.5016898397010173
25 0.37383314999999584 0.4835592484375043 0.36832930558034604 0.4825502733639599 0.37749129687972527 0.4325760246187267 0.38299510373849444 0.43358499619088303
25 0.40540712590325256 0.5098577372173653 0.3961857181512869 0.5092572164387078 0.40013252558469503 0.448656355336019 0.40935385156251414 0.44925687343750353
28 0.3755245992969094 0.3720765276466914 0.37939433233634645 0.37223553414166455 0.37657524081112115 0.440840285503865 0.37270550781249767 0.44068127968750165
28 0.4055029992600794 0.4617089792080908 0.40081392968716045 0.46184498374464783 0.3983122610169403 0.3755980754713096 0.4030012790434512 0.375462071682583
28 0.4094867152822417 0.4487970095973495 0.40381784242299545 0.4486166744136491 0.40565839320515806 0.39076249987723 0.4113272234375245 0.3909428343750004
28 0.38096770654556167 0.38045311214525507 0.38494024179726694 0.38069296143367903 0.3817524289306675 0.43348894537670546 0.3777798937500165 0.4332490968749988
67 0.6768425471274213 0.5986071024563329 0.7248054581402812 0.5863103659581469 0.7522774589306209 0.6934508786184703 0.7043145982071337 0.7057474815521338
25 0.752129967085466 0.7010765892684715 0.7452853145289282 0.7048730737045965 0.7238870248500007 0.6662997746412659 0.7307316265624877 0.6625033078125224
28 0.7740113995689626 0.7416439864871788 0.7692499265206152 0.7443153232492659 0.7434486364732038 0.6983335932318604 0.7482100656250168 0.6956622718749743
28 0.7437092785696677 0.7661552792411038 0.7328692571882129 0.7699537881307077 0.7063600859420376 0.6943153903613788 0.7171999296874674 0.6905169156250172
75 0.4126085093844267 0.6460466249099194 0.4263683906095821 0.6471178031244536 0.4226638711529631 0.694698007258055 0.4089039905259142 0.6936268342654517
67 0.37673849001544113 0.6144937986593569 0.4193223071049488 0.6216922798260015 0.40694178451281005 0.6949219863771752 0.36435798100342254 0.6877235584377702
28 0.3811553473666436 0.6778194545830449 0.39202846997841334 0.6789681898830056 0.3789584313743717 0.8026602423819602 0.3680853112488194 0.8015115231354925
75 0.36702460149126637 0.6632713707381749 0.3523070731887401 0.6600700313645007 0.3614687645539334 0.6179566124321729 0.3761861742170822 0.6211579384977113
76 0.30035881999356207 0.6227389622006954 0.3272220268994488 0.5896273874662344 0.3733913934680686 0.627079988126421 0.3465283882495669 0.6601913756375005