6 0.5409125496865954 0.6926495829878747 0.5414976953209134 0.6838321347740426 0.5657255533279795 0.685439695475794 0.565140431503778 0.6942571212458573
6 0.5697676246269339 0.6948373406250001 0.5065405888718715 0.6948373406250001 0.506540910425656 0.6485148515624999 0.5697673475668807 0.6485148515624999
6 0.4541933358583492 0.6117995979881224 0.45293489737480286 0.5807625419195435 0.5340676827732977 0.5774730298452887 0.5353263397969386 0.6085098591803532
6 0.5252078646277596 0.323623375965457 0.5266281680358134 0.3703226810703138 0.44979330888713775 0.3726591824010007 0.4483732014977022 0.325960067968466
27 0.36280002115154275 0.6005644387272633 0.3636693470261889 0.5804697938170617 0.46671215116600706 0.5849268347133271 0.46584302028179536 0.6050212901462153
43 0.5028946277800515 0.646163410937702 0.5012105929517929 0.6867156573943128 0.31102849128342314 0.6788169833353419 0.3127132686997811 0.6382655264499958
55 0.5059453790436237 0.6925308179867912 0.5102489129251353 0.6447883117222418 0.6945237479076241 0.6613955472668592 0.6902211964971912 0.7091371371058658
41 0.6938202127895465 0.265997382283779 0.6992596991377695 0.31512891326670645 0.5160168415394537 0.3354145918279849 0.5105778062966237 0.28628346506589636
40 0.6359014292037273 0.290311175 0.5196219466217826 0.290311175 0.5196223332598038 0.21039603906249998 0.6359010867321331 0.2103960390625
38 0.2953449413374756 0.3472909343994838 0.29130666043170095 0.30615053022703936 0.4998510543515522 0.2856795791895684 0.5038897090547607 0.32681959484072753
27 0.9578125 0.01796875 0.9671875 0.01796875 0.9671875 0.03046875 0.9578125 0.03046875