43 0.30154968017347983 0.33202701688534475 0.34378758729906167 0.332494902387101 0.34181869417261623 0.5102261170284756 0.29958078725451287 0.5097582368447676
41 0.7064584963760581 0.6934555072815416 0.6566723962564538 0.7009584442555331 0.6276138723104623 0.5081566243618315 0.6773982062987898 0.5006538237039689
40 0.6750102348312339 0.46692923998397856 0.7468365717501229 0.4607056917721596 0.7570798307729092 0.5789145255918049 0.685253501846546 0.5851380150540555
55 0.31067363416525495 0.5280544819782599 0.3571294835275012 0.5322252946110572 0.342615374113052 0.6938709399736744 0.2961595330058344 0.6897001898676085
57 0.3090081542407006 0.6110115826608777 0.24367763588156777 0.6102534580781321 0.24506452570824422 0.4908101552666349 0.31039374580018375 0.49156827235911066
6 0.28873874333567073 0.5278143901527498 0.30861031756398916 0.5273177171835735 0.30993652466020194 0.5803735900143275 0.2900649505105548 0.5808702607596293
6 0.2938640313443557 0.5750418795716274 0.31611122405115566 0.5280565003023178 0.3682753225491524 0.552753455406128 0.34602840339380236 0.5997386016772921
6 0.3393342390625 0.46062717812500004 0.3783967390625 0.46062717812500004 0.3783967390625 0.529616725 0.3393342390625 0.529616725
6 0.4060047294182141 0.5797961160530621 0.38783338417772484 0.6119007841756934 0.34380111880170716 0.5869808431878148 0.36197246751567036 0.5548763197935488
6 0.348845109375 0.5860627171874999 0.3607336953125 0.5860627171874999 0.3607336953125 0.6104529609375 0.348845109375 0.6104529609375
6 0.3903686223452496 0.6316712369104165 0.38434826739739947 0.6303671558273489 0.39311490356408285 0.58990031539969 0.3991352138197044 0.5912043914774077
6 0.3846044508684372 0.6273946040076984 0.38100484572555615 0.6266928599930685 0.3869756550936927 0.5960691156828168 0.39057523994131316 0.5967708576653176
6 0.6876678273608832 0.5642893605114134 0.6383324345434858 0.573410095479039 0.626947388223698 0.5118307718586385 0.6762822851181909 0.5027100840260078
27 0.635753592794913 0.5601782241440991 0.6827445656249438 0.5491289203125083 0.7162240491363718 0.6914958957765689 0.6692331279764403 0.7025450450558504
27 0.9625 0.9390625 0.9765625 0.9390625 0.9765625 0.959375 0.9625 0.959375