43 0.33337823013414436 0.5270552532614858 0.2913130330130116 0.5240891474484314 0.30284018357860987 0.3606291551670107 0.3449044881900818 0.3635952302317144
38 0.7026164168812556 0.3575580930517458 0.702616776480113 0.5486920529345651 0.6584157832033952 0.5486917897920001 0.6584160103666363 0.35755842142713895
41 0.7301189046377203 0.7233214561598427 0.676948778806377 0.7313436444506692 0.6518741842216969 0.565168320561164 0.7050426233972757 0.5571462598379554
55 0.28727183586136107 0.5417914545705286 0.340995278907144 0.5490967254083939 0.3183723803894054 0.7154479933114204 0.2646489601548865 0.7081428399881378
57 0.23115049562136392 0.5269943401081892 0.30057667394635246 0.5318195964845819 0.2927303091341855 0.6447024618315587 0.22330413526299253 0.6398772539960473
6 0.2942008484375 0.4520348828125 0.333804809375 0.4520348828125 0.333804809375 0.5276162796875 0.2942008484375 0.5276162796875
6 0.34502676835438706 0.5649943111545918 0.32469484094963263 0.6184104252692996 0.27089216662807303 0.5979332516225839 0.29122420782255176 0.5445174103753869
6 0.6576094615427337 0.5026361600363912 0.6611961903672636 0.5645807047457607 0.6160686860336 0.5671932707013921 0.6124821977311967 0.5052489553940133
6 0.7030050504246219 0.5453979881779976 0.6594627063307144 0.5468102780694892 0.6573691552420087 0.4822625852577453 0.7009110617844954 0.48085030244349847
6 0.6669851607929331 0.6386932906783951 0.6417056819990421 0.5815918492048089 0.6963097720137057 0.5574206771278095 0.7215893408651937 0.6145218053003098
6 0.6505756617414136 0.5875431225845085 0.6811411316799649 0.6282745366802757 0.6269668866566462 0.6689225058935733 0.5964017082707187 0.6281913571575661
6 0.31543220902426583 0.6218882789670516 0.3451107806157552 0.5727967822757517 0.3962542866837566 0.6037125039207054 0.36657602960508484 0.6528037261568014
6 0.37114110498919217 0.5541856882941696 0.32681598318163196 0.5478958624690268 0.3364585021510038 0.47995162769684946 0.3807831487471276 0.48624141912999946
27 0.96484375 0.965625 0.98046875 0.965625 0.98046875 0.975 0.96484375 0.975