43 0.5611308076913701 0.6580909021523432 0.558976726456649 0.6955811913481981 0.3627732679069595 0.6843072307138549 0.36492805466855316 0.646817698150278
0 0.5244128262728509 0.6914971916351812 0.5170812038790018 0.7346436533642304 0.3870287207981846 0.7125467270887268 0.39436082158442787 0.6694008713617214
38 0.5426372425559975 0.31533832362086595 0.5492688326278312 0.3562242074006083 0.37971262113171633 0.38372400780030835 0.3730814547747059 0.34283850979685565
39 0.4784897325178008 0.287461839237884 0.4876317696844126 0.3351827559042221 0.3556739025416391 0.3604609934417422 0.346532229469517 0.31274040267201675
41 0.7159467510230115 0.2942860442231371 0.7279436360845466 0.3501010138437074 0.5696888657928412 0.3841142054402367 0.5576925133118493 0.32829969618706356
40 0.5493523778300187 0.3127111078579112 0.5551882008971916 0.24674916932217156 0.6470781158266163 0.25487865293545836 0.6412425760461247 0.3208403302925716
55 0.5619693818722453 0.6994878593890351 0.5704606465532152 0.6553721387445904 0.7230093128505359 0.6847292144819342 0.7145188692454667 0.7288442149577047
57 0.6500057138036937 0.7123297466246453 0.6403930641607758 0.7715913878439906 0.5368040924109891 0.7547903935621868 0.546417296643881 0.6955294464712981
27 0.45957345178157993 0.4915159817949938 0.4589838378543618 0.47151682441788456 0.5886069091304762 0.46769496962911766 0.5891967068226904 0.48769393922078286
6 0.5590174185241494 0.33142314549632207 0.612423501436183 0.3035972444009505 0.6421230795641577 0.3605975540646706 0.5887170617451147 0.38842336035101527
6 0.6673996320996594 0.40715132824822525 0.6164108938169193 0.4345576493189441 0.5887864627202362 0.3831653565801941 0.6397749092536742 0.3557591322020072
6 0.5836388746400871 0.4880738966767613 0.5829083646516438 0.4665532465060779 0.6282982697305215 0.46501256870330043 0.6290288481278594 0.48653314798550096
6 0.5908743683888815 0.6597805811991719 0.5972959144003198 0.6168945549204691 0.6620404893566274 0.6265878268172326 0.6556192503563807 0.6694735783290325
6 0.564607241360477 0.7011038422972575 0.5680930017756509 0.6599190244606519 0.6327162877436194 0.6653877192626151 0.6292308260809705 0.7065722584504506
6 0.5088942388150599 0.6564892078364725 0.5110822968600814 0.6137774740488646 0.581430176880076 0.6173807567118842 0.5792424244102676 0.6600921988805709
27 0.96015625 0.0203125 0.97578125 0.0203125 0.97578125 0.0359375 0.96015625 0.0359375