6 0.49134164605834485 0.6786710112567058 0.4890296778193033 0.7237292035395677 0.41217661933387717 0.7197859326615003 0.41448893661902275 0.6747281106289402
6 0.4328190518772317 0.6287507194010429 0.5010457555096082 0.631442138000876 0.49905424012922595 0.6819200027274321 0.43082753716623756 0.6792285976940451
6 0.525931167749718 0.5676388213143713 0.5249496714288853 0.6099298636933217 0.4435864305440873 0.6080412929274672 0.4445682275171521 0.5657505568410338
6 0.553446836785497 0.7191743583511634 0.48884555691370224 0.7076513155591677 0.4991480262733603 0.6499032458646409 0.5637485340528201 0.6614262181539058
6 0.5258615469339247 0.596993441564143 0.5771827231857287 0.6142775916278334 0.5571604273696948 0.6737217764458443 0.5058393007203676 0.6564377310542614
6 0.47514412486259516 0.5248009344018628 0.4740605476326891 0.4981238490265678 0.5422131171783349 0.4953557324996356 0.5432968295979208 0.522032675956264
6 0.581028467268311 0.34073563211147584 0.596474694982362 0.3970688671886763 0.5363771330239615 0.41354632117777834 0.5209311414429294 0.35721328944527575
6 0.525717098256905 0.371023359811481 0.4991545823904744 0.31217073620678365 0.5580669090691117 0.2855821442793426 0.5846294777213643 0.3444345797318644
6 0.42765321574495374 0.36522459424365933 0.42604863346809907 0.3158427837803768 0.5068340621040761 0.31321780448969805 0.5084388432132982 0.3625994100929518
6 0.4922023352737597 0.2729419667366064 0.49054708051232865 0.3187886205936856 0.4065422303573314 0.3157555363626373 0.40819765179116985 0.2699090559423301
27 0.45718293705101587 0.5751275117853588 0.4567180077908688 0.6020186372367677 0.31552573850024146 0.5995765823588746 0.31599100188566354 0.5726857927011827
27 0.3259997500247209 0.5189360858855578 0.32648051089017827 0.4946257872289012 0.4854978628684421 0.49776955139639273 0.4850174071943911 0.5220795474901602
27 0.5428571414711314 0.6579483746267704 0.5490273621272763 0.6073245206463209 0.6859384834251614 0.6240088184702135 0.6797690114732404 0.6746320023462204
57 0.6174820040589566 0.7897527681604806 0.5111377010133538 0.7952985860264342 0.5067607780846402 0.7113618931525455 0.613103044918148 0.7058161284232681
55 0.4890046166419779 0.7102187245883462 0.4914977530792157 0.6539739557579882 0.6627141383032722 0.6615617354368317 0.6602220545858017 0.7178054727345617
0 0.40695460205938616 0.706920056430589 0.39863465029907275 0.7587122326187875 0.25243430967555014 0.7352285906584689 0.2607549355620904 0.6834372529535875
43 0.4914830165246258 0.6772691332035773 0.4905511447789195 0.7231927308231894 0.29479159126071863 0.7192187798848951 0.2957243979880104 0.6732961504667568
41 0.6811417807457474 0.2866135407773336 0.6865661987246767 0.34463316707211783 0.5054398722463702 0.36156535742346807 0.5000160114253731 0.3035462261547185
38 0.2941080546802368 0.326424847905849 0.2917283189049158 0.27759314999185736 0.48832305148403066 0.268011882171372 0.4907032038615853 0.3168431545475398
39 0.23465680072627038 0.32345649483914446 0.22487771655619326 0.267726510311692 0.3831354558833482 0.23995694950292756 0.3929148399612359 0.2956865447703402
27 0.953125 0.0265625 0.9703125 0.0265625 0.9703125 0.046875 0.953125 0.046875