6 0.32132895850611476 0.49134156762549425 0.2762706603824654 0.48902983577597237 0.28021411847396394 0.41217671878219564 0.32527193946384614 0.41448843835315324
6 0.37124944090942336 0.4328189421719039 0.36855770007764477 0.5010457989955841 0.3180797352578111 0.49905420985323357 0.3207717097194518 0.43082759514516045
6 0.43236116945115555 0.5259311924141534 0.3900700287821337 0.5249496443543301 0.3919588152084543 0.4435865158332117 0.43424945169886087 0.44456805806964317
6 0.28082327458957934 0.5534460605077649 0.2923491585696638 0.4888456466366119 0.3500985250351505 0.4991483499845808 0.33857298369980526 0.5637484621284028
6 0.40300803274703867 0.5258618934214947 0.38572082519522155 0.5771821649946499 0.3262755608606085 0.5571596160085617 0.34356290121593247 0.5058396111533887
6 0.47519904736020635 0.47514409495069626 0.5018760528163284 0.4740605776921573 0.5046443614446616 0.5422132333328605 0.47796735632971377 0.5432967448791005
6 0.6592650356311651 0.5810299582094498 0.6029309997135215 0.5964742344194307 0.5864533673322967 0.5363758467486581 0.6427868353231361 0.5209316531038594
6 0.6289757105137141 0.5257147106378616 0.6878294935414715 0.4991549542686539 0.7144184955800483 0.5580685426533435 0.6555647977937724 0.5846281575055843
6 0.6347754236311403 0.42765321154065017 0.6841571584401436 0.4260486368986731 0.6867823141463987 0.5068342181051316 0.6374005797334803 0.5084387835164705
6 0.7270581183577178 0.4922023289490188 0.6812112519231732 0.4905470828919125 0.6842445712117069 0.4065423578855838 0.7300909128737203 0.4081975944882757
27 0.4248712677892854 0.4571829510642344 0.39798044219571693 0.45671761767144364 0.400424012818803 0.31552572533324286 0.42731440588852365 0.31599105506538416
27 0.4810634723999101 0.3259998515528304 0.5053727968862631 0.32648019577060583 0.5022305196558818 0.4854977614046569 0.47792119531254684 0.48501742187499985
27 0.342051630838796 0.5428571421373938 0.3926756537221081 0.5490254735611596 0.37599153917540207 0.6859380360957288 0.32536752970918315 0.6797697854087767
57 0.21024737593893406 0.617481261023115 0.20470087830426564 0.5111380159625747 0.2886372115078757 0.5067607032006861 0.2941844334180814 0.61310317721412
55 0.28978131971769017 0.4890046997633164 0.3460258822860851 0.49149680710106436 0.33843880935273774 0.6627141339620669 0.2821942488531022 0.6602220636690577
0 0.29307927919398935 0.40695423064426656 0.2412871065885156 0.3986350960198815 0.26477182881183126 0.25243514547117046 0.31656324494815635 0.26075421806584376
43 0.32272909693074325 0.4914831413424435 0.2768066055705276 0.4905505156936779 0.28078303738948307 0.29479175313527906 0.3267044092826836 0.29572436712158084
41 0.7133864949754525 0.6811421965432362 0.6553657509460891 0.6865654204674885 0.6384349419834052 0.5054393652546025 0.6964538578758948 0.5000162252383664
38 0.6735749452828941 0.2941081758028548 0.7224059837456025 0.2917281152224439 0.731988574558045 0.4883230975726273 0.6831575387520843 0.4907031297722723
39 0.6765434422731005 0.23465679327478342 0.7322732035526087 0.2248778838969204 0.760043439697597 0.38313575493367963 0.7043136985789715 0.39291459029694636
27 0.953125 0.953125 0.9734375 0.953125 0.9734375 0.9703125 0.953125 0.9703125