6 0.3393800626314487 0.5372854809637685 0.289759995625559 0.5363913520497678 0.29134400985878983 0.44851570334842567 0.3409634180706007 0.44940982629991594
6 0.619032488866992 0.5743078053571972 0.6799600824680283 0.5594868996735539 0.6958968947379844 0.6249950077636663 0.6349693329278807 0.6398158221935029
6 0.6576502661940822 0.47284435609421593 0.7069697244623967 0.48131320047237613 0.6950169851678538 0.5509161193663692 0.6456975390294701 0.5424473218690233
6 0.7368022194262949 0.5263772041058129 0.6908934544903786 0.5207932362094224 0.7014561016347898 0.4339610348245734 0.7473642791142083 0.4395449663337129
27 0.3094657006148509 0.3213671541491112 0.3468674753700043 0.32445145434618955 0.3352668591597876 0.46512020685547883 0.2978650876033271 0.46203593277620586
27 0.639409875786555 0.351929489359539 0.6775214672092034 0.34822097001874647 0.6919304503506964 0.49629152424323314 0.6538188638844531 0.5000000086836289
55 0.2626194049618107 0.5070532916052753 0.31784327437321735 0.51511337741636 0.2915067592698506 0.6955401630452356 0.23628291914508281 0.6874802107219339
43 0.2914227425002309 0.5075693986074188 0.240986507338107 0.5021345699869755 0.26139624661368543 0.31274564598262317 0.31183128833629326 0.318180409593122
38 0.6736627854826338 0.3203334529142243 0.725321485218501 0.3146462726348822 0.7479196482219095 0.5199034114216666 0.6962609609398669 0.5255905152236504
41 0.7548127744751127 0.7032487491547436 0.6969946336962494 0.7105351916385355 0.6750737707934604 0.5366065028044124 0.7328900598673727 0.529320176745823
40 0.8186038563804914 0.6260527059301076 0.7609670251708849 0.6520169072154665 0.7043543229423221 0.526356716213969 0.7619899625829021 0.5003928248350529
27 0.96875 0.9640625 0.984375 0.9640625 0.984375 0.9734375 0.96875 0.9734375