67 0.3131647875387671 0.49237550179529677 0.3323337123871397 0.493094865729586 0.330674426493033 0.5373064312913395 0.31150550177881087 0.5365870698554561
76 0.35567393729957075 0.5570231255987581 0.330912722276139 0.5593186621220545 0.3240905784983852 0.4857351623873394 0.34885149826618544 0.48343963983708504
25 0.3457468713002072 0.5385124547109283 0.335091723116534 0.536881770621239 0.34602215117945434 0.46546665469872955 0.3566771830905964 0.4670973297054251
28 0.347305215625056 0.3828596796874998 0.35260692948236283 0.3828418709926302 0.35286454387789945 0.4595306226473475 0.3475628300209337 0.4595484312541285
28 0.3753851910071262 0.3951677510412948 0.38325555662925126 0.395411844807834 0.38042181242371953 0.48677560162614336 0.3725514468749225 0.4865315093749991
75 0.3603959296067387 0.5091978484933585 0.36697307048950734 0.48354888591002076 0.3930397106436203 0.49023263516311766 0.3864626307480421 0.5158815452373281
67 0.5954204205584119 0.5594052458265666 0.5707780926037458 0.5605712488132221 0.5674994205750181 0.491282717222384 0.592141471284549 0.4901167208711405
25 0.5858563581795124 0.5012065160160584 0.5784007502649047 0.5017526519983075 0.576059430062287 0.46979205120049755 0.5835150030105751 0.4692459164985402
28 0.5820473553274041 0.47199168080025955 0.575809823687905 0.4718373965880415 0.5783308207900291 0.36992393871608353 0.5845682687499902 0.3700782218750006
67 0.6231836080975199 0.5039988105009141 0.6548221130633465 0.5043651074064467 0.6541484721924462 0.5625451775990199 0.6225099672559509 0.5621788824324464
67 0.6503253687124015 0.51200300306421 0.666711779089951 0.5098043887625845 0.6723139101799234 0.5515539089680851 0.6559275012913304 0.553752515776037
67 0.6852810666396181 0.47712331986493756 0.7185860468217697 0.47174306706342256 0.7267266116227802 0.5221312863223204 0.6934216365099246 0.5275115182055188
67 0.7284866656136728 0.6317642352245016 0.6748952207337879 0.637207637995848 0.6653401328185282 0.543140829220558 0.7189306809059417 0.5376974722295053
28 0.7639575224434338 0.636114696886938 0.7582189795245995 0.642940702878991 0.7259877063759177 0.615847411813446 0.7317262328124343 0.6090214328125141
28 0.7519565533286823 0.6562772002096384 0.7447183406259228 0.6650188005922747 0.7126309822532448 0.6384531807534886 0.7198691743202517 0.6297116158965658
67 0.629017706468403 0.6152607982784445 0.6056261267924583 0.6176852171157325 0.6016361931128813 0.5791923574110414 0.6250276099499388 0.57676794706111
78 0.3677840477120071 0.5645542100881251 0.3544771795379802 0.6409141147869991 0.2957729805669942 0.6306847969241723 0.309080171615733 0.5543253057066607
78 0.24043711000649637 0.5678626698868593 0.2690474389097517 0.5174961223635406 0.330980408136611 0.5526734580685426 0.30237043344516223 0.6030396996080326
67 0.27632962440100073 0.5520478139936393 0.31199430804088024 0.5667497047557026 0.28803854210627833 0.6248568463069829 0.2523739048272091 0.6101550383576845
28 0.276819650067182 0.6176410676567041 0.28709895846611744 0.6219136335362709 0.25542021942226256 0.6981192962712263 0.24514093124992087 0.6938467656249896
28 0.2340892640625043 0.6896809578125094 0.22757747634057068 0.6870620420440506 0.260082384422617 0.6062511129034087 0.26659407348631703 0.6088700064420527
67 0.25732942964077665 0.4931634635749404 0.2320966232440469 0.4940398846823201 0.2302858837659869 0.441908155694981 0.2555185031479823 0.4410317378351513
75 0.3293267337373891 0.49251328711176084 0.3225439999999935 0.4922672296874988 0.3233768791184275 0.46931036732015513 0.3301595899805534 0.46955642432821276