6 0.3373793350353935 0.6226816921349682 0.28120104468405316 0.6201970223180242 0.2846142910268554 0.5430398941769752 0.3407918117393365 0.5455245469445015
6 0.39086032648197033 0.5693664219241503 0.3868668797676946 0.6315420649288448 0.3289542220519479 0.627822535165814 0.33294797420842315 0.5656472219314461
6 0.27899575625 0.4665697671875 0.3224893921875 0.4665697671875 0.3224893921875 0.536337209375 0.27899575625 0.536337209375
6 0.6756374000880214 0.46958218889049613 0.7142328506956801 0.4718355117777835 0.7098941809219923 0.5461436447309633 0.6712987314379006 0.5438903347960032
43 0.32293772643959073 0.5370059635087971 0.2791232469703573 0.5371383684943807 0.2784563051891382 0.31624114154916994 0.3222694619860249 0.31610873862749805
55 0.2881974849326525 0.5408832183042046 0.34505199236650697 0.5490451882371263 0.3183993660308033 0.7346800242917508 0.26154488879069504 0.7265182023149467
38 0.7114569987480763 0.5450581390625 0.672206176248892 0.5450581390625 0.6722066953493595 0.3415697671875 0.7114563983782318 0.3415697671875
39 0.6937278491196821 0.36430414381838305 0.7356036570124616 0.360386082986753 0.7511235439910706 0.5262517215643918 0.7092477426930373 0.5301697378419367
41 0.7264462347025074 0.7387823808366657 0.6779103022234949 0.7451320725243655 0.6538073376644888 0.5609107781082192 0.7023415636317623 0.55456119706218
40 0.7538152211453735 0.7061602542357144 0.7080568386980985 0.7079722553490995 0.7018739850265092 0.5518396923056189 0.7476310068626617 0.5500277180612158
27 0.97265625 0.96796875 0.98828125 0.96796875 0.98828125 0.98359375 0.97265625 0.98359375