6 0.4406154896907992 0.31198704802287247 0.43997481327176047 0.3659865181376244 0.3565367311390446 0.36499633367800427 0.3571776373322564 0.31099709917752194
6 0.5032386629630992 0.31665121928169027 0.5070941682005241 0.36102234477976736 0.4292230795705336 0.367788239790633 0.4253677689613369 0.3234172953418313
6 0.4077034569705802 0.4671145656376904 0.40770351468370336 0.44695893087958777 0.4702034786874947 0.4469590260368823 0.4702035087061631 0.46711457282420604
6 0.49514713131407007 0.5907952276055317 0.49477242291084167 0.6231545075441693 0.4242179777841102 0.6223372525472205 0.42459289488851937 0.589978183105891
6 0.4413747597895963 0.6660635323821597 0.43997929380429923 0.61730556968405 0.5075110821708222 0.6153729656785749 0.5089068603372198 0.6641306067469798
6 0.5169007650681579 0.650287091304642 0.5349078169776931 0.7007457859606367 0.4819567281416539 0.7196392678382093 0.46395002585052225 0.6691808701788009
6 0.41216691081979207 0.72572413758762 0.3968723315318812 0.6707219800218396 0.4612518305816593 0.6528223772616687 0.47654664616641185 0.7078241488779748
43 0.44756209605577624 0.31800447560104894 0.44999484312415916 0.27564527698765046 0.6579090762417081 0.28758529350945444 0.6554767611323769 0.3299440575853303
0 0.4735040158221864 0.2850066554790582 0.484952734348326 0.23929436679253602 0.6444804776609772 0.2792470533138451 0.6330321323674752 0.3249590221567738
57 0.3671134163970464 0.2670364715877439 0.3701244111621236 0.19278303147776032 0.4830095870186142 0.19736042752575084 0.4799989052929732 0.27161356168473066
55 0.46748750545066287 0.2643326295144595 0.4640994479686924 0.3200407303418131 0.2883136923803704 0.30934920786608283 0.29170214571615816 0.2536415376232787
27 0.39825587778875615 0.31329483942039277 0.3945959173643132 0.35787431247230295 0.2480237495495885 0.34584033771219863 0.2516840110419025 0.30126117805528835
38 0.6682138091101706 0.6514558385464606 0.6705316882539591 0.6966927400688625 0.4655090683504568 0.7071934606927148 0.4631921953669007 0.6619575112456917
41 0.2995939570881774 0.7255346539911247 0.29580334206912084 0.6693512882461404 0.4752549430138515 0.6572444834999037 0.47904654607259545 0.7134267840282683
40 0.49059947755017674 0.7058137381149051 0.493668987408455 0.7840065004335481 0.38762974383837445 0.7881672800577033 0.38456120987689246 0.7099754562383019
27 0.01796875 0.9703125 0.03203125 0.9703125 0.03203125 0.9859375 0.01796875 0.9859375