6 0.5586555423794834 0.7130776752481118 0.5643346993601881 0.6628992357634576 0.6469844194368761 0.6722519840836836 0.6413057443052139 0.7224299834167782
6 0.5501452276537293 0.6831681218333128 0.550145501303632 0.7263083870211086 0.46947671451607675 0.7263083112668001 0.4694768139227108 0.6831684169257888
6 0.5808698177469296 0.6409868577577782 0.5730751677904209 0.6922461959708336 0.49241377155374266 0.6799816011674898 0.5002087646847713 0.6287226767509054
6 0.6587548888746824 0.6219650433437375 0.6482794147677851 0.6793713802953861 0.5832250810869937 0.6675014517266027 0.5937008412784053 0.6100954880051277
6 0.5854762463915222 0.3443852909524914 0.6547874799460942 0.3376021861729087 0.6596629035709611 0.38741837661136735 0.5903516727944407 0.39420146242177406
6 0.5632624613293729 0.3491010729573761 0.5563380801955873 0.30213860648175284 0.6258779632013329 0.29188555547858636 0.6328024769782132 0.338847862827301
6 0.5705209819296897 0.3236286903279156 0.5734952299197857 0.3684520491073157 0.4988062635750339 0.3734075793797906 0.49583220386705307 0.32858439663812344
6 0.5508279395186264 0.29185216901343236 0.5491165023746589 0.330544712049475 0.46823066756189746 0.3269668536473299 0.4699422452304134 0.2882744561987061
43 0.5503848062960515 0.6844830127887667 0.5480281285717865 0.7295756304413404 0.35299242744918047 0.7193813907380368 0.3553499928002566 0.6742897075710438
0 0.47010058703256163 0.7104219366807835 0.46285398150337187 0.7569602505686521 0.2998198876865672 0.7315760495591902 0.30706717081739043 0.6850385817283613
55 0.5567337353106723 0.715350401539234 0.560822903228086 0.664939202027096 0.7500510431460725 0.6802855110405587 0.7459629695641752 0.730695672393183
38 0.5497424187276465 0.28495839388380156 0.5532513550747353 0.325821193310022 0.3396149453789121 0.3441647271969338 0.33610646264980915 0.303302362080236
39 0.2987481820848643 0.32767104727930035 0.2947409966456007 0.2782551084128849 0.46122720132655104 0.26475445359660954 0.4652347287046723 0.3141700217759524
41 0.7474125281688657 0.2874666164104263 0.7504075653653217 0.3343926349315035 0.5580438791226925 0.34666854138577896 0.5550493021379452 0.29974294473865126
40 0.6580512001086163 0.23079236698857947 0.6758329501919889 0.28560918104219085 0.5567153304502881 0.3242477551787361 0.5389339156650976 0.2694312227028229
27 0.9703125 0.01484375 0.9796875 0.01484375 0.9796875 0.03203125 0.9703125 0.03203125