6 0.32895116195129503 0.5004734467718129 0.28320904806309954 0.4887393998305941 0.3036938905657962 0.4088908164172101 0.3494355065936361 0.4206247962903644
6 0.3752142287668221 0.5311600964318443 0.3267182283731245 0.5239663087771047 0.3379891840977507 0.4479925075034474 0.3864846326720226 0.45518625327712475
6 0.3047451404710273 0.4977640971521857 0.35986800186731216 0.515035353684228 0.3402543698515501 0.5776286568225104 0.28513154952929654 0.5603574929228675
6 0.41711054111351586 0.5623002700883766 0.3847779166338796 0.6066213394123428 0.32919234550183774 0.5660749061974232 0.36152487628828567 0.5217541012930349
6 0.3931349756758209 0.569136476508454 0.4264025790178039 0.5730278277239051 0.41951844260995586 0.6318747599199361 0.3862508429983791 0.6279834297833876
6 0.3698803436379876 0.4586790893245911 0.4068322475596915 0.4570418071940723 0.4106178279408823 0.5424725077055145 0.3736659246906129 0.5441097791481753
6 0.39813810659791216 0.4785085657089834 0.43376069096962055 0.4772684121392525 0.43707978620977883 0.5725996013545385 0.40145720241503113 0.57383974549742
6 0.578874406908426 0.5633253857615699 0.6134710014246139 0.5575569152544345 0.6230259916044361 0.6148574217581111 0.5884294044393528 0.6206258622520552
6 0.6305107243424573 0.6021886716145161 0.5932075565797277 0.571420925251268 0.6422487919946889 0.5119686893944787 0.6795516563937554 0.5427362352524783
6 0.7090391462897969 0.5621312767530183 0.6565180835723368 0.566648632968408 0.6497711537958821 0.48820839287126716 0.7022915607035429 0.48369106495727127
6 0.7051221949670889 0.4857605093835118 0.66147184165834 0.48709021645567285 0.6586530738479723 0.3945552465681771 0.7023028823401773 0.3932255478342128
6 0.62296195625 0.4327526125 0.667119565625 0.4327526125 0.667119565625 0.5198606265625 0.62296195625 0.5198606265625
6 0.5935052932983353 0.47153986493374866 0.6247823066279352 0.46596986318898925 0.6383339576971139 0.5420602030191899 0.607056952921198 0.5476301715148564
6 0.6092203949572195 0.57024769559794 0.573310062401788 0.5716478825795193 0.5696350607778413 0.47739666465980835 0.6055448530852345 0.4759964882272387
43 0.3362770625184339 0.5018536953717785 0.2907541578828159 0.4983144702455278 0.307798307017606 0.2791076842553715 0.353319971548558 0.2826468595240061
57 0.22532470573025876 0.5289668576368723 0.2962558403323783 0.5174432830900967 0.31301785239998026 0.6206088207688076 0.24208674199917368 0.6321322902381393
55 0.29452489273137417 0.5015267789069242 0.35101245879320686 0.5021560559445911 0.34902312520296164 0.6807127315466001 0.29253555917637186 0.6800834645370679
38 0.6518446797811066 0.29318203430229683 0.6973641492113529 0.29095025147185816 0.7069604105013241 0.48666757135759725 0.6614409433133233 0.4888993280622532
39 0.6618085922735872 0.25956291283797334 0.7061129027712241 0.25107932854148174 0.7380035978476371 0.4176186974016454 0.6936993083944571 0.42610220655912995
41 0.7303414252593257 0.6546525302631651 0.6771390644141775 0.6639937839668661 0.6469345657390022 0.4919798909048013 0.7001353669534183 0.48263877576945474
40 0.8001948849238261 0.5959058726723955 0.7433256952521106 0.624732122761502 0.6773591982388325 0.49460265966558925 0.7342272360419884 0.46577676120801714
27 0.96015625 0.95078125 0.97109375 0.95078125 0.97109375 0.96328125 0.96015625 0.96328125