6 0.49952649340912103 0.3289510286344946 0.5112617346749175 0.2832093462529874 0.5911093641825573 0.30369397851021845 0.5793743337308115 0.34943547950064124
6 0.4688397080691402 0.37521404917836865 0.4760344619191983 0.32671837222093403 0.5520078655830503 0.3379892451589015 0.5448133386014433 0.38648471677598456
6 0.5022362268266534 0.3047451848838325 0.4849633004903353 0.3598675291180244 0.4223707163042718 0.3402542182525466 0.43964373940104906 0.285132051950822
6 0.4377010432079942 0.4171081281248266 0.3933781904090665 0.3847783293354724 0.43392417984034637 0.32919401481107785 0.4782467922673277 0.36152368654839834
6 0.43086364553607837 0.3931349307097262 0.4269717831007256 0.4264025288955872 0.36812491877708453 0.41951843004541967 0.37201688647337505 0.38625095448840113
6 0.541320523460854 0.3698800256929004 0.5429582148341296 0.40683218169904156 0.4575276420183627 0.41061790562168465 0.4558901464316705 0.3736659374547022
6 0.5214913211293606 0.39813798453732724 0.5227317758491381 0.43376068591354877 0.4274004654167811 0.4370797650135934 0.42616023345658505 0.4014572804741878
6 0.43667386789354623 0.5788743276801819 0.44244372412663324 0.613470860235057 0.38514356228870383 0.6230258397970159 0.37937391340278737 0.588429491907654
6 0.3978103929483723 0.6305098735424913 0.4285823344276878 0.5932100809091967 0.48803186214786365 0.6422494715355852 0.4572602183939125 0.679548986134179
6 0.4378692519122751 0.7090388049969579 0.43335124867871855 0.6565180583584058 0.5117906996055126 0.649771263012632 0.5163090893312301 0.7022915824031939
6 0.5142394444059164 0.7051219519098109 0.5129098216107195 0.6614717331940614 0.6054445550737455 0.6586532312625616 0.6067745841512533 0.7023030291436971
6 0.5672472232138261 0.6229617268698783 0.5672474919233537 0.6671196003693314 0.4801393054426626 0.6671195379781272 0.4801394143617017 0.6229620406232419
6 0.528459045301588 0.5935051855638082 0.5340303345484472 0.6247821984997151 0.4579405004549244 0.6383339067641891 0.45236946800957867 0.6070571208945305
6 0.42975232204287295 0.609220254125577 0.42835207418067967 0.5733100544113308 0.5226031472963086 0.5696350688838452 0.5240036868718789 0.6055449637680645
43 0.49814600761453676 0.3362766295056839 0.501685973634153 0.29075406041729474 0.7208924204702498 0.30779900777159813 0.7173529839994899 0.3533210627535866
57 0.47103186238211947 0.22532476376887595 0.4825569421881255 0.29625580176864214 0.37939158810115714 0.31301767559455534 0.3678668530350251 0.24208694908529307
55 0.49847308898608844 0.29452389999142164 0.4978442276122905 0.3510123029222521 0.3192871919989102 0.34902362125766817 0.31991653893089733 0.2925357196085372
38 0.7068175358979261 0.6518424005302819 0.7090508054836846 0.6973628584802546 0.5133327334684736 0.7069609447630917 0.5111004264581425 0.6614413991878911
39 0.7404358596497786 0.6618075862053656 0.7489218015218739 0.7061120555926091 0.5823823527139211 0.7380036105049043 0.5738973187503689 0.693699933161932
41 0.34534772879089815 0.7303402336961425 0.3360053675611425 0.6771378764345273 0.5080187012948727 0.6469353984228047 0.5173618250601066 0.7001367877768232
40 0.4040968976904651 0.8001918728368556 0.3752656773538092 0.7433258539867322 0.5053922869950611 0.6773620853641339 0.5342236498812554 0.7342271650760636
27 0.03671875 0.96015625 0.04921875 0.96015625 0.04921875 0.97109375 0.03671875 0.97109375