6 0.3006693872375763 0.5518299726512065 0.35020015407746996 0.5554189397025112 0.3445074687039096 0.6339746634818549 0.2949767045312228 0.6303857218547637
6 0.3465383863091347 0.5682914744511731 0.3934744377604602 0.5761958133736927 0.37755418101107807 0.670719784083035 0.3306181469612284 0.6628155163569353
6 0.642444095519977 0.666900844658953 0.599536687926161 0.6707461705836815 0.5916672374091831 0.5829428536292192 0.6345739375354924 0.5790975593498922
6 0.6239287452893905 0.564247299465992 0.6724395008924375 0.5569524691306302 0.6842092315177979 0.635213142480155 0.6356984875624221 0.6425079200611774
6 0.38339461933117036 0.5411969653305185 0.33630087676317544 0.5399240658323343 0.33821613467364386 0.46907986200274043 0.3853093638250584 0.47035275455745346
6 0.3991527918843758 0.4959006591128197 0.4319333866864099 0.4954917257014901 0.43282970344910154 0.5673355856223988 0.40004910869106425 0.567744516657157
6 0.4474999487254081 0.5276449786027253 0.4742279778356533 0.5327676349313133 0.4632658734190045 0.589958302143504 0.4365378515072962 0.5848356711832322
6 0.48938017522334576 0.5932694268836783 0.4636420246437183 0.5920477692439459 0.46710411341211966 0.5191180774329424 0.4928419461713247 0.5203397275179116
27 0.338401691408194 0.6344476729815705 0.3788357129275255 0.6378198529580379 0.3696577510144152 0.747852358684136 0.32922373399310345 0.7444802180635038
27 0.34463991960444673 0.3653626936135209 0.3747749664789808 0.36460432668533216 0.3774866473838756 0.47235228807479396 0.3473516006504269 0.47311064975957245
27 0.45439597329868775 0.3835421235337921 0.4774260309802685 0.38500361865480803 0.46786630071596846 0.5356357289862429 0.4448362444198892 0.5341742492138224
27 0.4673860891634831 0.3823702137173618 0.4874907889636688 0.38221737695273617 0.48863369539765245 0.5325506523321198 0.46852899561565664 0.5327034875095737
27 0.6016092421265284 0.6438181006451912 0.6452309866784844 0.6389548502519159 0.6579454992375986 0.7529834536689038 0.6143237648878994 0.7578466443308697
43 0.3388925979099895 0.5344929630353659 0.2938419485334407 0.531694861427343 0.3053979257542778 0.3456632683937535 0.35044738683620835 0.34846133162236487
55 0.2998722245264389 0.5487522652390815 0.3485646060073577 0.552444059095293 0.3359507298968083 0.7187939186538009 0.28725835481145623 0.7151021838838514
38 0.6352852254584604 0.3543090029508994 0.6772352244188369 0.35129769358899005 0.6913892459921271 0.548463775354085 0.64943925208172 0.5514750438408174
41 0.6868993683210647 0.7248156191362508 0.640754131034555 0.728501422483165 0.6271014246365212 0.5575849729791997 0.6732451803010235 0.5538992275834513
40 0.667050211720607 0.5492123038242626 0.7326980779437235 0.544298725038967 0.7405966473126 0.6498165408039889 0.674948786296568 0.6547300720984416
27 0.97578125 0.96875 0.98515625 0.96875 0.98515625 0.9765625 0.97578125 0.9765625