27 0.5516266790381223 0.455668608451461 0.5320413133006241 0.4548348115926294 0.5382808443807789 0.3082830598173409 0.5578658894045248 0.30911685002565664
27 0.7331321358780087 0.6875056945555138 0.6865678619392384 0.7040874315904472 0.637481531780395 0.5662600815092375 0.684044632412224 0.5496785723039954
6 0.6840790182444607 0.5172420575112014 0.6936168929352107 0.5875051046789993 0.5888169975106621 0.601729013434274 0.579279823099796 0.5314665970114454
6 0.5526874722092998 0.49345930312499997 0.5279348922557574 0.49345930312499997 0.5279349808669167 0.44186046562500003 0.5526873780014512 0.44186046562500003
6 0.39011841216756693 0.5953677619871987 0.29832032120782515 0.5889875736390695 0.3026551293647799 0.526630810081268 0.3944522357463711 0.5330109639270113
0 0.2835928109038832 0.49927325625 0.24504936285961776 0.49927325625 0.2450499065286067 0.31540697656249994 0.2835924466050983 0.31540697656249994
43 0.28580399858844885 0.31171927469043587 0.3286154339228915 0.31246651557393035 0.325312352028277 0.5017002591468166 0.28250091691757007 0.5009530270773906
57 0.3089973162602746 0.6383399747443926 0.23368440752722108 0.6523496538673557 0.21173795245238125 0.534379502882939 0.28704927189914997 0.5203699764694192
38 0.6776525549089456 0.2999287815326342 0.7182166465579485 0.3011348702002546 0.7126200960701681 0.4893542099563875 0.6720560049137703 0.48814813500494003
39 0.7190049718490172 0.31298676046213686 0.7585346274687481 0.31470055899123817 0.7500679006196833 0.5099809619963762 0.7105382461231784 0.5082671844189324
27 0.965625 0.9640625 0.978125 0.9640625 0.978125 0.9859375 0.965625 0.9859375