6 0.2847918825366378 0.43015522662970584 0.3262694304157776 0.42813361312178094 0.3303212824387174 0.5112602946936997 0.2888437354447433 0.513281896117533
6 0.3247562486442348 0.4638164169286037 0.37058413490706243 0.4606255170489954 0.37537965194042044 0.5294940270288732 0.32955176738926184 0.5326849102481994
6 0.39179397629038704 0.5586189527168198 0.36065363511909254 0.5578201368139591 0.36246049929206947 0.4873960789823362 0.3936004922475149 0.4881948904262542
6 0.3907721627962246 0.5092689426659762 0.4224511048187196 0.5105556087135634 0.419691465452388 0.5784946104391121 0.38801252385883345 0.577207951636994
6 0.6232364646070891 0.5784515962452258 0.5914164619396161 0.5800024641876187 0.5880666874862754 0.5112755196494536 0.6198863273323241 0.5097246605648039
6 0.616424452594174 0.4998372156154771 0.6458086347042808 0.4967238264663976 0.6525002835564919 0.5598743927571558 0.6231161039517019 0.5629877659085712
6 0.6421320805527557 0.4750300854712081 0.6860078977733792 0.47429268003668745 0.6871527464622886 0.5424062783329392 0.6432769293114688 0.5431436798711292
6 0.722486038889997 0.5264919277051708 0.6817479902848618 0.5246009192281539 0.6853826319786549 0.44631089916975447 0.7261202056572529 0.44820189656556086
6 0.5947691050381536 0.6487804890625 0.5658966637236063 0.6487804890625 0.5658968463627616 0.5930313593750001 0.5947689862337029 0.5930313593750001
6 0.5875778725043119 0.5780996376070312 0.6185998167693469 0.5720518737269026 0.6280922834524745 0.6207381848977983 0.5970703469980663 0.6267859213643413
6 0.6371738349397447 0.6175535199971518 0.6058096078537574 0.5815214296543538 0.6509228704733232 0.5422566485824316 0.6822869650362691 0.578288547029927
6 0.6654211953125 0.5372822312500001 0.711277175 0.5372822312500001 0.711277175 0.5965156796875 0.6654211953125 0.5965156796875
6 0.2992916618794652 0.5245585815217026 0.3512672358828013 0.5324203121003651 0.34141496105803526 0.5975496980056121 0.28943939692817366 0.5896880115529202
6 0.38887934662409407 0.6143565633353328 0.3404207097408971 0.6167183495677768 0.3369927905176837 0.5463862685129064 0.38545082744758474 0.5440244968904918
43 0.3275922813257921 0.5147568493796368 0.28360052992627516 0.5136944122384056 0.2881374673975188 0.3258717270881401 0.33212814163880466 0.32693415105978846
0 0.28289338761805993 0.4709543267516929 0.2413646028317089 0.45949686810393753 0.28455536940134607 0.30295704696947834 0.3260833775896117 0.3144143900786359
57 0.30110563736934637 0.6176098483564874 0.22351355822286223 0.6251732457521996 0.2133783454364675 0.5211996524096278 0.2909690386279635 0.5136363226911501
55 0.3321426301166639 0.6957712223777092 0.2838539621537848 0.6920551850226995 0.29683423624953775 0.5234113179205379 0.3451214391858457 0.52712729979329
38 0.677517082972031 0.34422678239543303 0.7196209065909898 0.342571824001262 0.726795135727798 0.5250818618516451 0.6846913134659189 0.5267368000632119
39 0.703454960657723 0.28873949176109104 0.7463527565867025 0.28783041102257934 0.7499575184273226 0.4579256370551516 0.7070597229500208 0.45883470886823036
41 0.7148942369284441 0.7009976986102866 0.6689171500688644 0.702347591115279 0.6639800568320879 0.5341892777683056 0.7099557123467548 0.5328394060662676
40 0.7174818380190118 0.5109405958505494 0.7917223761998002 0.5230018353512734 0.7743453922197432 0.6299520983493105 0.700104879632363 0.6178909721925685
27 0.96875 0.95625 0.9859375 0.95625 0.9859375 0.978125 0.96875 0.978125