43 0.31312239227236205 0.5117501234527984 0.27654232091856557 0.5084842632402853 0.2914892816017982 0.3410830894446446 0.32806853834256344 0.3443489124502603
0 0.27786907833933583 0.31483676931541366 0.3307560263600635 0.31615889486264004 0.3287980012154321 0.39447991424842804 0.2759110533972944 0.3931577942835241
57 0.24556060052930206 0.5292330580702841 0.30290491575055967 0.5344456562367335 0.2944459086987763 0.6274948770871845 0.23710159921893137 0.6222823218017363
55 0.2951517354091493 0.5303720650224348 0.3382334656508874 0.5330644075188574 0.3281477873753147 0.694434051038274 0.28506606089001707 0.6917417487652198
6 0.3339481822338257 0.5610652842966969 0.3785137993116905 0.5623030860514233 0.3764780246913233 0.6355910118826531 0.3319124079990843 0.6343532184089288
6 0.43089819863348566 0.5126196753690193 0.4534895496921081 0.5106027726650241 0.45950029534867554 0.5779233102485933 0.43690894578139705 0.5799402016424646
6 0.504060153278715 0.5123932825692816 0.5289487412396738 0.5096882440745304 0.5362350507431302 0.5767224367537909 0.5113464652717994 0.579427460094659
6 0.5589014586646499 0.5755683635742479 0.5945009553749969 0.5715638717757404 0.6012943352873208 0.6319497713818412 0.5656948422953292 0.6359542408210148
6 0.5860740043576698 0.551703200778954 0.6414744989218661 0.5388437028703869 0.6564782212732325 0.6034755360797528 0.6010777518224586 0.6163349591850941
6 0.6463999999999714 0.5847999999999913 0.6199615209370677 0.5440738413554435 0.679865654448804 0.505188965893865 0.706304095762448 0.5459148863126487
6 0.6250432851941241 0.5577613111916756 0.5878312883181707 0.562584682176378 0.5775569815909876 0.48332383515016925 0.6147685094189228 0.4785004950813405
6 0.6291144790327508 0.4459058387422499 0.6757448836575577 0.45893397948005926 0.6529219453975657 0.5406160626650194 0.606291573678277 0.5275880047676041
6 0.6947200396976996 0.5008536477576186 0.6482381601628049 0.4917599761528551 0.663950951790298 0.411451552074419 0.7104323151390872 0.4205451715539253
38 0.6427712157815222 0.3125812207163676 0.6935504129568244 0.3090793962319018 0.7064260434860898 0.49577763355115606 0.6556468510597142 0.49927941714067015
41 0.7079264396435292 0.6873836904992597 0.6546223206372588 0.6926533250456597 0.6365381784871715 0.509738518518894 0.6898405818577658 0.5044689675138558
40 0.6886406668162408 0.6070207038167629 0.6945719045505712 0.5091738911529784 0.770039895967102 0.5137483304383806 0.7641093286154046 0.6115944981719014
27 0.9734375 0.9640625 0.9875 0.9640625 0.9875 0.9796875 0.9734375 0.9796875