43 0.3234404112035918 0.5170543549783526 0.28361320205181073 0.5126020893151664 0.304155155143917 0.3288624571553566 0.3439813860866252 0.33331466621961964
6 0.35345864875228017 0.5307607366793524 0.3312776733995406 0.5340871586278219 0.3250326962705685 0.4924477627167319 0.3472135289925973 0.4891213516186207
6 0.37225499051271527 0.5684751351865598 0.35901545831154635 0.5919816788347307 0.3298186323752361 0.5755387990785812 0.3430581666763146 0.5520323240533971
6 0.61922554375 0.563763065625 0.65421195625 0.563763065625 0.65421195625 0.6020905921875 0.61922554375 0.6020905921875
6 0.6865954693532785 0.5669295097662188 0.6692410588847224 0.5558001384019294 0.6889562754656708 0.5250604355203814 0.7063106076195709 0.5361897733061375
38 0.713035502507978 0.5068236813340644 0.6693150950270592 0.511559091540251 0.6490572938472496 0.3245330335723473 0.6927766602833572 0.31979768057880176
41 0.7353583607472274 0.6908808012735076 0.6805004909912213 0.7000714898727212 0.6521120409183823 0.5306396131224792 0.7069682204197534 0.5214490675903488
40 0.7127837628929683 0.4867454569132643 0.781145169774959 0.48926005088738944 0.7755196202429033 0.6421814419783144 0.7071582152642577 0.6396668812023202
55 0.2811041209210998 0.5228489425027016 0.3263908831177105 0.5269873922974023 0.31089677595321064 0.6965204552275691 0.2656100229485219 0.6923820703542566
57 0.29068870253763635 0.626242228554068 0.22776313187443975 0.6307031483190362 0.2183418667150363 0.4978081011111394 0.2812659774505164 0.4933472339741234
27 0.97109375 0.94921875 0.98671875 0.94921875 0.98671875 0.95546875 0.97109375 0.95546875