43 0.3034357839272843 0.5345906705476696 0.25899562774520746 0.5316626183297934 0.2714082649414422 0.34329445146649373 0.3158472475331564 0.34622246367409315
6 0.3516233657265957 0.5579927235599518 0.3030102997445283 0.5570579365396122 0.3042850941701545 0.49078243900548435 0.35289764772858234 0.4917172211116964
6 0.3844831530735746 0.5906221047969491 0.4163725543739929 0.5916506747988289 0.4140482313530356 0.6637047190981958 0.3821588304233501 0.6626761561793422
6 0.5542888239536978 0.510651214951548 0.5898815837527991 0.5057980908545473 0.5987124071051539 0.5705576865811622 0.5631196525671385 0.5754107845658825
6 0.6077926645311891 0.4891576999384986 0.6610407421449054 0.48754425849959687 0.663013578355617 0.5526481588742088 0.6097655011246843 0.554261591970913
6 0.6678165213323837 0.6148972861299845 0.6555561162360846 0.5413404800946983 0.7132859082885261 0.5317190795758594 0.7255466118245977 0.6052755115429397
6 0.6538163827491417 0.4727303540097446 0.7011850503417918 0.46785455493894873 0.7082572401355947 0.5365561634875915 0.6608885764724164 0.5414319366844675
27 0.573063381162001 0.403609312378625 0.6023726080002234 0.4062260273626392 0.5921999376106442 0.5201606963275291 0.5628907136715497 0.5175440025550295
27 0.6566821739947954 0.37077155370192283 0.6942170262805121 0.369207695616764 0.6991348387600738 0.487236154463226 0.661599987257091 0.488800000530918
6 0.3785144146155517 0.5804556001878322 0.3454634075026206 0.5795859175607221 0.34723221254819236 0.5123798316969232 0.3802828482961331 0.5132495094203229
55 0.2641986472657436 0.525314053663104 0.31912272882652815 0.5312666848578109 0.29956531665936836 0.7117007561535262 0.24464125131851233 0.7057482254144096
57 0.23296025762522277 0.5280270971986737 0.28873751139258275 0.5506012463187845 0.24740731951817452 0.6527110488226527 0.19163018801191356 0.6301371229087679
38 0.6564704742837648 0.36901907040103704 0.7036773940280909 0.36808986285481826 0.707013564433737 0.53756908989615 0.6598066451707609 0.5384982866227334
41 0.7341218686940465 0.6989724732608957 0.678499801115322 0.7052390558168562 0.6598056341074425 0.5393229157018378 0.7154259954562576 0.5330564291126011
40 0.715771030754695 0.6281896489388499 0.713562314873343 0.5276753668103074 0.7780670939807806 0.5262582445450612 0.7802763706635005 0.6267719448279683
27 0.97890625 0.965625 0.99296875 0.965625 0.99296875 0.9796875 0.97890625 0.9796875