43 0.5170545269500053 0.6765587816728343 0.5126019540731477 0.7163863022344682 0.32886185376059984 0.6958459802642388 0.3333150934075775 0.6560192437637884
6 0.5307605155098827 0.6465413581238479 0.5340877060973526 0.668722209965817 0.4924482836967172 0.6749672595193832 0.4891211979607988 0.6527865013790204
6 0.5684745470302914 0.6277461654719477 0.5919823073563748 0.6409834511001739 0.5755400193067999 0.670179129255856 0.5520322904168324 0.656941887410335
6 0.5637630276658001 0.3807744683939993 0.5637630675148557 0.34578804222712406 0.6020905779292889 0.3457880851929251 0.60209061211674 0.3807744371464069
6 0.5669297259943278 0.3134046503648481 0.5557994333352099 0.33075844015236083 0.5250598093948611 0.3110433454933746 0.5361900980286691 0.29368958523605926
38 0.5068232399875114 0.2869646351712555 0.5115592912225111 0.33068482334669463 0.32453319099147393 0.35094307364636096 0.319797578300836 0.3072232925247968
41 0.6908799558065084 0.2646421575174577 0.7000720911782992 0.3194988722510269 0.5306404980362913 0.34788809843596746 0.5214488529122718 0.29303181084624813
40 0.48674501607149523 0.287216151635751 0.4892602433559432 0.21885459987824504 0.6421816133798757 0.22448064077078114 0.6396668069390898 0.2928417924461108
55 0.5228483960142967 0.7188954716464016 0.5269888606767381 0.6736086204646667 0.6965207885115205 0.6891053492624776 0.6923812165509844 0.7343913655212508
57 0.6262415642943324 0.7093112022789179 0.6307042848479796 0.7722364309166735 0.4978083079838598 0.7816585247645206 0.4933465968986184 0.7187342476520646
27 0.94921875 0.01328125 0.95546875 0.01328125 0.95546875 0.02890625 0.94921875 0.02890625