43 0.33214760847340585 0.5673352706633211 0.2898514165699453 0.5669066220344126 0.2918063108731985 0.37409399935130444 0.3341013388128431 0.3745226420995844
38 0.6843396262062242 0.3896361347168041 0.7265611193477071 0.39169557024205703 0.7182706267223011 0.5616520852755618 0.6760491350646589 0.5595926752868632
41 0.7242143341593419 0.7490495790880601 0.6762240852240211 0.7519798930962159 0.6660827269023457 0.5859000715730215 0.7140713536878138 0.5829698072770049
55 0.29461289134508206 0.5862626460585484 0.34831475405997026 0.5942840560571983 0.3233408492869785 0.7614579888686474 0.2696390163102933 0.7534367169186497
57 0.290633199855165 0.6547806127767779 0.21125858386835716 0.6456230902825228 0.22307188824220248 0.5432473626540829 0.3024450336769178 0.5524047997303073
6 0.2871726441434248 0.6513179689042665 0.2946481877845599 0.5896542285970559 0.3469824758493587 0.5959980415503853 0.33950727075864506 0.6576614747226793
6 0.2915323019145717 0.6277415697252103 0.2992123176665018 0.6287014528246926 0.29570462462402247 0.6567629815159314 0.2880246093642427 0.6558031010710804
6 0.39653787541453767 0.6252850309662823 0.3906948002482977 0.6895541012145919 0.33472070866002923 0.6844654812630541 0.3405641063494613 0.6201967681624043
6 0.3319058175329701 0.5638626831351534 0.28831456498551233 0.5620465431814907 0.2912451724511129 0.4917185723608175 0.33483592345464785 0.4935347017292758
6 0.37534880480268384 0.5990298791085107 0.3291379976368489 0.5929501259867388 0.33740647639217514 0.530111406051597 0.3836167847159686 0.5361911258662648
6 0.39986626488405363 0.6080110085928104 0.37071675434287954 0.606796574055221 0.3731439345991703 0.5485476893056129 0.40229314639441327 0.5497621176150996
6 0.4004424659556207 0.5522738387026209 0.4335189790773484 0.5540456141065022 0.4306630249893715 0.6073568456410979 0.3975865125760265 0.6055850785920406
6 0.6133354802143458 0.6092542764710414 0.5793670105216506 0.6105122404934249 0.5767672283664069 0.5403122951243617 0.6107352830676973 0.5390543387644323
6 0.6688 0.5816 0.7156 0.5816 0.7156 0.6472 0.6688 0.6472
27 0.7247459544214507 0.7473337338303925 0.6832865405367556 0.7504921080722544 0.6733417573879024 0.6199583282923617 0.7147999999999683 0.6168000000000042
27 0.3383997852002949 0.6527999396610352 0.38904309223698874 0.6670260310389604 0.3526232576514303 0.7966560628070388 0.3019800341644441 0.7824301847833459
27 0.97421875 0.95 0.98046875 0.95 0.98046875 0.9640625 0.97421875 0.9640625