43 0.49489930948323035 0.7042173171775804 0.48728372368930195 0.7550860596627792 0.2833550758907677 0.7245578199777033 0.29097159185380406 0.6736902194149459
0 0.4625095552835319 0.7534172540769416 0.4526725902801445 0.8001646318626191 0.24397354388315762 0.756253390630422 0.25381133445353043 0.7095071712085782
38 0.2947859083365074 0.33211116192457785 0.2875157689716161 0.2852721772612947 0.5012393579722811 0.252098870711538 0.5085098668145065 0.29893741728121054
39 0.28751005896663173 0.28917788824394686 0.2806367957425664 0.2467987902756706 0.44670637940407687 0.21986483652042488 0.45357986537499073 0.2622436623739724
41 0.6730744023515172 0.21137288347348632 0.689393808328532 0.2722820466487282 0.5045488922243067 0.3218056603818674 0.4882300403330646 0.2608969766617621
55 0.49307845192390687 0.7465015777911086 0.5057983192573374 0.6847944267305649 0.6952193208518338 0.7238330268469357 0.6825009848283798 0.7855388338244099
57 0.4888131876687112 0.8369835256258926 0.47398381315508686 0.7583936480185672 0.5830212348083705 0.7378225657828855 0.5978514039227321 0.8164114062290829
6 0.5431848506768802 0.7729661285933259 0.4925467048168457 0.735365706003758 0.5411217085460294 0.6699586423011594 0.5917592353160899 0.7075587270517693
6 0.5675578165416937 0.6273418050569286 0.6267607357840461 0.6560478578743075 0.5958388102393428 0.7198118965670263 0.5366360242925339 0.6911060516172194
6 0.6194057014139389 0.3069403455647694 0.6170826015373905 0.3594608108626676 0.5424749363897945 0.35616060267581995 0.544798224000715 0.30364033246432376
6 0.5857922443641428 0.29025184594367653 0.5565925205002031 0.3266221532567753 0.48728100506298233 0.2709769305654437 0.5164806590684066 0.23460675887755475
27 0.965625 0.0109375 0.98125 0.0109375 0.98125 0.03125 0.965625 0.03125