43 0.28730174173585965 0.39483202791832406 0.32666949002157253 0.39752935265037537 0.31521850363083104 0.5646468581282197 0.27585075881404464 0.5619495664833337
38 0.719793611820478 0.571189887529008 0.6763344254499088 0.5798839932647893 0.646343231914102 0.4299774802336167 0.6898014385221813 0.4212834753104059
41 0.6383948918950182 0.61894639518122 0.6921323590416932 0.6172251197871763 0.697384209212828 0.7811624949810982 0.6436467437830515 0.7828837402678289
40 0.6804562516609849 0.6275718495813377 0.7616651336160203 0.6320380957877123 0.7554663460545044 0.7447338955335725 0.674257468206747 0.7402677019096363
55 0.28902028110962874 0.6036202185806723 0.3376745122923239 0.6020444206803739 0.3432922650980572 0.7754742937571932 0.2946380352318556 0.7770500630546471
57 0.23241331093731787 0.6086889754084641 0.30258676030280185 0.6064461406973582 0.30615385900205183 0.7180386914093294 0.23598041065179132 0.7202815009036262
6 0.3127488569086836 0.5643610665792707 0.2776642748769973 0.5635295900234188 0.2794160454457142 0.48962730211145666 0.31450021142836704 0.4904587737363884
6 0.3545513605067754 0.5717022927368629 0.31368062588603607 0.5703785451077148 0.31573137012753705 0.5070747459489998 0.3566016775934031 0.5083984866317048
6 0.33616304420070264 0.6058148786056283 0.3799969333761055 0.6065491971304653 0.37901094582650785 0.6653989568186022 0.335177056756379 0.6646646424776222
6 0.33700303237833396 0.6705745013004863 0.29044510216317576 0.6699945377375639 0.2912728241867626 0.603580817280344 0.33783015402377714 0.6041607771020769
6 0.3834655418817192 0.530873362320335 0.4120267833326352 0.5352095828302995 0.402854284719524 0.595620065066056 0.3742930483994087 0.5912838672782872
6 0.6352091702118514 0.6282953858800953 0.6430248555338949 0.6928417964625885 0.5915242038445285 0.6990766518976397 0.5837088903249423 0.6345305790989687
6 0.6251250341280183 0.5212337802134756 0.669991306197403 0.5191578403816874 0.6732346567694094 0.5892484253475678 0.6283683855237996 0.5913243528635244
6 0.7115699746283326 0.5752083164463635 0.6726981139250938 0.5764673256351334 0.6704148967187393 0.5059722427970181 0.7092863085237013 0.5047132408592059
6 0.64163339912227 0.6171571099161882 0.6969463515963525 0.6233583108558857 0.689191313122592 0.6925221756463708 0.6338783676715138 0.6863210178081611
6 0.5651629551514361 0.5380952022455586 0.6020686678101583 0.5393759040941107 0.5996164575005878 0.6100338508237315 0.562710745280242 0.6087531568807086
6 0.539158753796869 0.5993554262822164 0.5099897961204078 0.5997982730129272 0.509182399783981 0.5466134600888806 0.5383510851420397 0.5461706154335499
6 0.46405329963840813 0.5994100982650573 0.4407375437524479 0.6006687009741651 0.4373166462152085 0.5373001627018931 0.4606321470930652 0.5360415668795722
6 0.37319008021313493 0.6255439698387444 0.40353232052973453 0.6181736316915685 0.41430870203305403 0.6625324112941596 0.3839664731957555 0.669902716470867
27 0.975 0.971875 0.9859375 0.971875 0.9859375 0.98125 0.975 0.98125