27 0.40257759810583593 0.6343585659205027 0.3564255088954269 0.7171553612313452 0.2979072975838335 0.6845404195809093 0.3440594062499258 0.6017441859375471
6 0.3682782491858916 0.616321451351549 0.3271445085202913 0.6470066569859907 0.27653297472897975 0.5791685244374774 0.3176662870830569 0.548483554064197
6 0.2984441296875 0.44767441874999997 0.3412305515625 0.44767441874999997 0.3412305515625 0.525436046875 0.2984441296875 0.525436046875
6 0.38580340261341917 0.5486842636267604 0.33313344343503104 0.5418092255361895 0.342199696929697 0.47235999107716387 0.3948690912515076 0.4792349919047008
6 0.382815409520731 0.5177000604671486 0.3723712234055938 0.5155828294802836 0.37620624204748765 0.49666648086311155 0.3866503979496656 0.49878370869145605
6 0.6127700052562659 0.4749922210619694 0.6613005050274978 0.470021421160425 0.6694857531738307 0.5499288457413803 0.6209552580357922 0.5548996145128968
6 0.7084582655196527 0.5222633870104343 0.661654322172808 0.5255164548588035 0.6558356083878607 0.44180117626339055 0.7026389765635486 0.4385481284894161
6 0.6330911958659726 0.6370358600715572 0.6752731888552717 0.542636413094963 0.7192341177009212 0.5622782689627269 0.6770526116710016 0.6566773034464618
6 0.5546058072883397 0.606409349337198 0.5869295164339974 0.6006909361126566 0.5961196329882341 0.6526325835907882 0.5637959312801968 0.6583509679626748
27 0.5964223734644065 0.7884452016119082 0.5736098090191035 0.7897107707331557 0.5655898735135452 0.6451608981237488 0.5884016968749393 0.6438953500000021
0 0.297542571320605 0.48842751388563865 0.2522049882674082 0.4827458214673512 0.27240256200639124 0.32159109586470885 0.3177392234998706 0.32727272884262965
43 0.3414366424369746 0.5271961355437154 0.29707271829636284 0.5262710817496042 0.30098236225171604 0.3388157287818876 0.34534516055919084 0.3397407706318374
55 0.3043731728773764 0.5514832578538601 0.363140053261759 0.5645353342080283 0.32468054555283743 0.7376783172310745 0.2659137355535677 0.7246264659668266
57 0.25534331862036197 0.5079532214242717 0.31067081043306644 0.5177414118176734 0.28555056904428966 0.6597188253379529 0.23022310829753678 0.6499307602710078
38 0.6635251267664444 0.3151373723852272 0.7111258500088979 0.31661563433808493 0.7045870592394294 0.5271573883281246 0.656986336570526 0.5256791465354811
39 0.6808646134325045 0.33436806975275674 0.7306545434867076 0.3265623732840259 0.7552687620354845 0.48356084526407556 0.7054788513129324 0.49136646314158866
40 0.7672231734201205 0.6472928336184132 0.7108857880130017 0.6577898600345758 0.6842603487028782 0.5149024475143098 0.74059632121498 0.5044055560820018
41 0.7368057320734351 0.7085285202140784 0.6750711398022986 0.7268201218558228 0.6272029961298813 0.5652809630416622 0.6889357371005644 0.5469896500636258
27 0.97109375 0.96875 0.98671875 0.96875 0.98671875 0.978125 0.97109375 0.978125