27 0.35360000106504685 0.3927999840242983 0.3519204048824349 0.41799469275504797 0.22746006590273282 0.40969733189762736 0.22913984019987765 0.3845028102677894
6 0.39088475919868415 0.3896957325443244 0.39251882267569727 0.4223740834556355 0.3404089872711893 0.42497953473287453 0.33877503433143374 0.3923012893356637
6 0.35340524386003835 0.3967675524524277 0.3622490341216462 0.3437080350339413 0.42082173745575346 0.3534703411812182 0.4119781498327484 0.4065296784853574
6 0.37624169636580973 0.35045089097045184 0.3876459429594661 0.2962832491440493 0.4519130462067551 0.3098133626787034 0.44050900431147966 0.36398082591585745
43 0.4681079678639435 0.32808581392872366 0.47740308915967944 0.28393711316189285 0.6325071245038316 0.3165916445528993 0.6232123999498071 0.360739994088897
0 0.5688966541920308 0.31483429018891973 0.5756861011325327 0.27313007625798524 0.6932040596404931 0.29226130862412375 0.6864148722968366 0.3339652900593378
55 0.27126371350345835 0.3375520091269672 0.2790883089861609 0.2827836883582093 0.4531360054116931 0.3076481086701014 0.4453119350727093 0.36241596139202154
57 0.42621625902370397 0.23012653678942913 0.44093485244275143 0.29305878072586145 0.342780899270565 0.31601413090258446 0.32806261183441165 0.25308215217224694
38 0.6488778079624353 0.6587996915563301 0.6542746941870519 0.7015627485328523 0.4702265311567544 0.7247847716252407 0.4648305638590955 0.6820225449261654
39 0.6856227022921075 0.6835445631181163 0.6884095381974475 0.725332458363921 0.5640551281928765 0.7336231656422338 0.5612688870781994 0.6918358280912918
41 0.28889015971083154 0.7307894153298499 0.28303429029494964 0.6795486357516809 0.44843923963776433 0.6606476287168 0.45429589363061496 0.7118875064413486
40 0.44484359430225595 0.7191820262547522 0.4398715531015114 0.7821583427039567 0.3313792017912647 0.7735930474057412 0.33635195461238254 0.7106175007900016
27 0.0296875 0.96328125 0.0453125 0.96328125 0.0453125 0.98046875 0.0296875 0.98046875