43 0.31975688672378055 0.5294086329153578 0.2796961576581225 0.5282884719449016 0.2847174971880122 0.3487450792645776 0.3247772273434748 0.34986522591311736
0 0.2946746990404563 0.45189731533004435 0.24749560882082733 0.4453388993119269 0.26540962614251384 0.3164812663367217 0.31258799071804333 0.3230396303247247
38 0.6642388810370221 0.3507436319434273 0.7030824365723447 0.35228351935600954 0.6960970632621866 0.5284792613134487 0.6572535086480684 0.5269393924895368
39 0.6778696338096779 0.3444522056343388 0.7161093520830946 0.3399812404645515 0.7333097866697926 0.4870877699849819 0.6950700765600004 0.4915586932091352
41 0.6966437508930312 0.7021264083106432 0.6512700734202781 0.7053726813839857 0.6387357391337218 0.5301880894525649 0.6841079566966073 0.5269418680814443
40 0.7431560236428822 0.655951785614036 0.6967464419429916 0.6611013679535143 0.6804843246089831 0.51455283363686 0.726892713739403 0.5094033174765537
55 0.29553885636426 0.5246095958445453 0.34092473220266584 0.5301297539433137 0.32104709855821056 0.693543139290276 0.2756612372027121 0.6880230652786244
57 0.2582693825684146 0.5208839033909239 0.30584673363193815 0.5401730720556108 0.2574553828488888 0.6595195410107998 0.20987815753528594 0.6402305952718035
6 0.2825317447867519 0.5297965772383033 0.2825318789487028 0.4556685785463255 0.3210749446099044 0.4556687047281158 0.32107502508995367 0.5297964883185635
6 0.3228545014391102 0.48248404658564165 0.3665090820155683 0.48363210195837003 0.36490507912253634 0.5446192240359331 0.3212504987985767 0.5434711741493475
6 0.3005826002917047 0.5238391913356459 0.350275164994855 0.5449935325803248 0.3276981204890035 0.5980229783354173 0.27800561663764256 0.5768687415444753
6 0.33951711301051546 0.5429607021523277 0.38844201813515156 0.5524817956492163 0.3784991503505353 0.6035689648700695 0.3295742577195142 0.5940479146530276
6 0.3903346858913892 0.5533710880119725 0.3606040910168531 0.5523735306350955 0.3624172592752757 0.49834381604504896 0.39214759790138487 0.4993413691302645
6 0.3903818953125 0.5145348828125 0.42326732656250005 0.5145348828125 0.42326732656250005 0.57485465 0.3903818953125 0.57485465
6 0.4139496226046049 0.5154415323082854 0.4428135152957111 0.5126329608145619 0.4488248251392406 0.5744062272546365 0.41996093458521955 0.5772147843075447
6 0.4719912240988151 0.5913849787368984 0.44336039354800505 0.5937065360187703 0.4371220232308133 0.5167760883989345 0.46575248242209 0.5144545462511378
6 0.5202019637572448 0.4986774454963562 0.5510328112956131 0.4970107954191025 0.5557028933732227 0.5833938283891281 0.5248720468196097 0.5850604666003235
6 0.588048177642122 0.5734011625 0.55480895820358 0.5734011625 0.5548091428910311 0.507267440625 0.5880480016745651 0.507267440625
6 0.6149221462611649 0.4956394938279096 0.6149222421414606 0.550872121043035 0.5838047941771265 0.550872071462039 0.5838048354202101 0.49563958162541805
6 0.6633699805061042 0.5382240537423323 0.6161448052163223 0.5471592545665466 0.6048320775392995 0.4873717268112845 0.6520568143293985 0.478436568652731
6 0.6588498544128925 0.46257155279621837 0.6992748184417223 0.46435953611110176 0.6963421261839358 0.5306606999813931 0.6559171627631031 0.5288727256192257
6 0.6282088816287796 0.546015842980798 0.6762801655070234 0.5253799264119643 0.7010995850132531 0.5831913080215759 0.6530283669887922 0.6038271128010978
6 0.5865428211697008 0.5598404797492694 0.6373219626497075 0.5451512251686357 0.6546137111949974 0.604920991228443 0.6038346035660425 0.6196101648447091
27 0.96953125 0.965625 0.98828125 0.965625 0.98828125 0.9796875 0.96953125 0.9796875