43 0.268 0.3024 0.316 0.3024 0.316 0.4984 0.268 0.4984
38 0.692192181483847 0.28065467620831797 0.7316532560702171 0.2811244270392368 0.7291767038407215 0.48915684297182616 0.6897156292909585 0.48868709795582954
41 0.753802031917985 0.666975970559764 0.7028467893007928 0.6786058691557909 0.6672483596358916 0.5226489546302595 0.7182021712482083 0.5110192263354939
40 0.769567110876892 0.659474468567804 0.7195439116670741 0.6450463076859919 0.7559359020839338 0.5188898765685424 0.8059579939841797 0.5333178675365748
55 0.28021639808855525 0.5230510411982765 0.3354575226188672 0.5407035301624685 0.2933346150367697 0.6725077078921187 0.23809358992332363 0.6548554402742851
57 0.1821935451735044 0.5153385712072895 0.23430515262657536 0.49905540734333786 0.27786361651806146 0.6384440050983319 0.22575210454806438 0.6547269593111786
27 0.2711999665801841 0.5567999876887443 0.31874695674230225 0.5743154112545381 0.2834801445449102 0.6700389773122613 0.2359332382094408 0.6525237214840826
27 0.47480000803864186 0.6255998030634689 0.47018265324311415 0.738717671222676 0.4505824230811868 0.7379176314333686 0.4551999999999907 0.6248000000000169
27 0.7548996872760654 0.6654825202878366 0.7092726225143906 0.6766453817884294 0.6783740240737188 0.5503627195607025 0.7240000000000464 0.5391999999999928
6 0.3368635251571277 0.5712671957918077 0.30405028425366254 0.602026878452911 0.2553634504239426 0.5500944532208503 0.2881764700325675 0.5193349606392891
6 0.4548 0.5952 0.4756 0.5952 0.4756 0.6384000000000001 0.4548 0.6384000000000001
6 0.7120726321887787 0.5107236793748614 0.7412518721654351 0.5366979010329617 0.6938597489408949 0.5899328068846138 0.6646806563446717 0.5639587403434189
27 0.97734375 0.95546875 0.99140625 0.95546875 0.99140625 0.96796875 0.97734375 0.96796875