43 0.3270138744048836 0.5822538728084452 0.28482536049921237 0.5818177717840693 0.28677895038663337 0.39291002364308686 0.3289662316714157 0.3933461181274003
38 0.7161018779024744 0.5690406968749999 0.6730220936232172 0.5690406968749999 0.6730226391844099 0.39389535000000003 0.7161012492769032 0.39389535000000003
41 0.7308341029191752 0.7627261084956798 0.6803883130450004 0.7692424348403111 0.6570751604967882 0.5887829527043111 0.7075191107102228 0.582266745502101
40 0.7744701700502219 0.7277383531706253 0.7235628146393083 0.7349386746138217 0.7008147810663559 0.5741220883131805 0.7517205038633392 0.5669218848217887
55 0.2791326355519459 0.5924840470209478 0.3302840103536937 0.596265500272658 0.31723040191832297 0.7728170820043039 0.2660790346470776 0.769035697822118
57 0.2485758854404594 0.5816502813864353 0.30768818988451585 0.605322912456119 0.25793394345919296 0.729546962222848 0.19882181009313626 0.7058746457886207
6 0.3269775156571768 0.58139535 0.2853105994473708 0.58139535 0.28531090662136194 0.5036337203125 0.32697728088646727 0.5036337203125
6 0.3292803422840507 0.5237999934960116 0.3767643438025061 0.5278120287917308 0.37086051526262054 0.5976796195056056 0.32337651688931146 0.5936676082457698
6 0.3720618337462156 0.5522711822758709 0.4050377046120275 0.5549412725362831 0.39990863817115496 0.6182793068060847 0.36693276917731055 0.6156092316317293
6 0.40104556106166456 0.5558113323897039 0.4345153078440944 0.5606894674837194 0.42461969421469803 0.6285779464054996 0.3911499538382941 0.6236998414344755
6 0.2771078195601149 0.5947586526831714 0.3266177186302457 0.5940297840041965 0.32778692066824533 0.6734408220887765 0.2782770216990684 0.674169685183948
6 0.326271185180417 0.6155523265059152 0.37842980596985853 0.6194507140736198 0.3732757842682304 0.688400396208146 0.3211171666014252 0.6845020354369429
6 0.3764186296778007 0.6357395983622414 0.4106449432841828 0.6409904075447195 0.3994772143418004 0.7137750616824385 0.36525090979500874 0.7085242922184096
6 0.409746057685652 0.6450852853155695 0.4437611709194016 0.6507834992608192 0.43266528421008843 0.7170104545105718 0.39865018059026625 0.7113122802836721
6 0.5829244223592696 0.6307366914780292 0.6146521324430978 0.6285347270300653 0.6183163009394548 0.6813243180971832 0.5865885920740084 0.6835262709197408
6 0.6082932254696516 0.6192738292866246 0.6606086835195129 0.6124311737259417 0.6692224083025167 0.6782791504051727 0.6169069587401736 0.6851217611112673
6 0.6706873933751467 0.6630378316735546 0.6547254897022867 0.595830997776159 0.7041865435667205 0.5840851962381417 0.7201486683218263 0.6512917068091996
6 0.5743908871032772 0.5347384386162277 0.6083929615309671 0.5354267402646886 0.6070909988056883 0.5997375160638306 0.5730889244998707 0.5990492182393752
6 0.601694915625 0.5341569765624999 0.6327683625 0.5341569765624999 0.6327683625 0.59447674375 0.601694915625 0.59447674375
6 0.6733758640747283 0.5901162796875 0.6288840895850853 0.5901162796875 0.6288843473917041 0.5247093031250002 0.6733756273381459 0.5247093031250002
6 0.6751236293167722 0.49411173821884125 0.7172892364612835 0.495249825122245 0.7152418023148357 0.5710999977259469 0.6730761954737545 0.5699619178299362
27 0.975 0.971875 0.9890625 0.971875 0.9890625 0.98125 0.975 0.98125