43 0.6691714415063643 0.294708123388535 0.6661064084898953 0.33471877348796875 0.45390489863780203 0.31846215184976207 0.45697029510142784 0.27845189340064763
0 0.5788234002687886 0.2859058080534399 0.5879533090501354 0.24938806241346173 0.7427764449666938 0.2880945872485158 0.7336468323394456 0.32461207671709363
38 0.6362550443566306 0.6906932289886906 0.6351522217421461 0.7274769288903978 0.4384565948088266 0.7215781161887052 0.4395601705257377 0.6847951915006145
55 0.4313820175876799 0.29746497383988824 0.42666629084669694 0.3461341659383063 0.2461792076153415 0.32864575693670395 0.2508953060695376 0.27997699262304326
57 0.41867377532537375 0.223966268402356 0.4206986319346697 0.28875315594808665 0.3124917036844863 0.29213463543801516 0.31046713300838746 0.2273480276582206
6 0.4309647408207411 0.3005411459958886 0.4184468270721027 0.3506117035861178 0.34917642960351714 0.3332941004070135 0.3616944560694719 0.28322371947268804
6 0.40524101799042 0.3948231773849259 0.33629491996998695 0.3911945850515005 0.3390796630051227 0.33828851474493693 0.40802535768079906 0.3419170965056149
6 0.3489016972414447 0.6709567286236388 0.34568833832474866 0.6238302148064115 0.4152736831806578 0.6190860291993046 0.41848734092309314 0.6662122182838996
6 0.4991998655630141 0.6855998516489179 0.4992000492813986 0.7232000122891458 0.4383999615617995 0.7231999851430981 0.43840002301078584 0.6856000695274594
6 0.507999925137824 0.6443998842225924 0.5080000744457038 0.6848000283873871 0.44799993179663034 0.6847999761393195 0.44800002797228444 0.6444000787236654
6 0.4328 0.6168 0.4936 0.6168 0.4936 0.6464000000000001 0.4328 0.6464000000000001
27 0.0328125 0.98203125 0.0390625 0.98203125 0.0390625 0.98828125 0.0328125 0.98828125