43 0.4936230158989474 0.31610880597253 0.4975284417886314 0.2745202534800235 0.6681990147669694 0.2905464889265501 0.6642939475386811 0.332134700953216
38 0.685333119218285 0.6656260681709603 0.6878052359126059 0.7104853608821455 0.5072240058512989 0.7204331030961142 0.504752786663289 0.6755746582271962
41 0.34130158522941656 0.7196751293530196 0.3341932749493708 0.6680082500392135 0.49905353978670064 0.6453291318623635 0.5061625982516489 0.6969951116761396
40 0.5203811622261583 0.7224797671921582 0.4955502984780651 0.7939169940235167 0.39704855550132834 0.7596835055440472 0.4218798307308589 0.6882471045722447
55 0.4898350012224455 0.2972063597048598 0.48723552268086223 0.346527650991071 0.3228513106103037 0.33786323640860605 0.32545115736115804 0.2885423398823034
57 0.39341076605603575 0.23349997243548604 0.5020430779394474 0.23894532971461502 0.4987258003310444 0.30512208273668423 0.3900934886394225 0.2996767402445121
6 0.4927059286966369 0.3162602373533593 0.4961685574484136 0.27458068113857625 0.579914574976101 0.2815378268606219 0.5764521171010983 0.3232172235210109
6 0.40440118235517275 0.33813972292535044 0.4096948264233333 0.29099708661076795 0.488037612464268 0.29979386003101754 0.48274416511617346 0.34693631776009326
6 0.4618136338583554 0.34271138319391614 0.4609570163860326 0.39377502523666735 0.38915402661677945 0.3925702960472145 0.3900108459193916 0.3415068590263876
6 0.47149295992846874 0.6092690292282962 0.4728722430927519 0.6574450880920328 0.39412634576706296 0.6596987894235443 0.3927474393093462 0.6115230955900626
6 0.5029196415766819 0.6918977008855208 0.46336022206628513 0.7194121536703381 0.4255966825497808 0.6651241789004185 0.4651557186998616 0.6376099130736513
6 0.5813954529312468 0.7178217828125001 0.5050869999927272 0.7178217828125001 0.5050873793076107 0.6736209343749999 0.581395114342854 0.6736209343749999
27 0.02421875 0.9734375 0.04140625 0.9734375 0.04140625 0.9875 0.02421875 0.9875