43 0.324839428614041 0.49782691061547385 0.28160242270405433 0.4869748038576796 0.3182320635285123 0.3410452926482511 0.36146827226741607 0.3518972941919571
0 0.329739868980937 0.3955416602905384 0.28923356687596424 0.39769949960920864 0.2817676203198971 0.257550026721868 0.32227333634557453 0.2553922034299149
38 0.6149525838343379 0.32907432123308494 0.6634605443482542 0.3178448803086314 0.7004222608890132 0.477501815345254 0.6519143402432519 0.4887311433409033
39 0.7041837517600698 0.39030484617629396 0.6544695955017232 0.3914566657734487 0.6503894262933727 0.21533742400040592 0.7001027386609167 0.21418561446322099
41 0.682546669311364 0.6775175355697057 0.626225242004125 0.6765389273463502 0.628976799091788 0.5182547998292771 0.6852966307617407 0.519233394347266
40 0.6824985039582998 0.5316340272175154 0.7508751208158628 0.5249808263595981 0.7621323749521025 0.6406630994302984 0.6937557682340412 0.6473162316283629
55 0.3080815375473094 0.5072092813065802 0.36109605903811826 0.5197568840845787 0.32814312048969896 0.6589716368397551 0.2751286533631401 0.6464241927925746
57 0.23059382906967585 0.48117838775040334 0.2842503907872924 0.47033479230209124 0.3118954086544363 0.6071171063545662 0.2582388846177537 0.6179605763414596
6 0.2938626275450815 0.5173009764298768 0.3344663998497026 0.5064360218504363 0.35855497532406844 0.5964501195405179 0.3179512359979526 0.6073149882704456
6 0.34794908125 0.53197674375 0.3861386140625 0.53197674375 0.3861386140625 0.5973837203125 0.34794908125 0.5973837203125
6 0.6295478579299925 0.5241045201837438 0.6808371880498498 0.5199456641277825 0.6862160820186318 0.5862751588182666 0.6349267546661395 0.5904339914626311
6 0.6318429251505222 0.5472069578581634 0.6350173682664035 0.6136116902386304 0.5802761375975933 0.6162279799079283 0.5771020306509627 0.5498235682475633
6 0.6589939487355423 0.48908476475911533 0.6254948104864297 0.47068327264302245 0.6666050267474475 0.39584871826384893 0.7001038647254063 0.41425010919968347
27 0.971875 0.95625 0.98125 0.95625 0.98125 0.965625 0.971875 0.965625