43 0.3583029778895934 0.5746972794117406 0.31911072061939194 0.5736086990115844 0.32434858649617127 0.3850652769547534 0.3635397365959534 0.38615384171804046
38 0.6248194441345731 0.3938315725365152 0.661895333577263 0.39074215173715277 0.6771834655456814 0.5742015399760249 0.6401075816169168 0.5772909181721502
39 0.6489059008456479 0.3705764107043329 0.6863459499594455 0.3676965790236729 0.6975364823570089 0.513174201784916 0.6600964366658673 0.5160540051493425
41 0.6919945922888928 0.7495510042852214 0.6482764519012107 0.7550150374892424 0.6284862706677359 0.5966886604415094 0.672203008589463 0.5912247154181464
40 0.6759999999999999 0.5912 0.7384000000000001 0.5912 0.7384000000000001 0.6839999999999999 0.6759999999999999 0.6839999999999999
55 0.3252301185083297 0.60081674293427 0.3735893604617786 0.6026764789041115 0.3675036428102203 0.7609038571612305 0.3191444025198962 0.7590441518091318
57 0.3344290548830031 0.6840898859653507 0.26884356809955534 0.68997503640555 0.2611978897704148 0.6047739980215897 0.3267822866341703 0.5988888966206918
27 0.6076095047885701 0.42392391588053785 0.6425891669415478 0.4267639266339829 0.6323896427263662 0.552380184975228 0.5974099835995048 0.5495402007649616
6 0.6352497879835255 0.541313310020352 0.6460287533733435 0.5814849783668212 0.6018519308943269 0.5933372799704806 0.5910731505294962 0.5531657706202753
6 0.6351187647475172 0.5089376960562787 0.6717169291102891 0.5069046405565685 0.6756307810146609 0.5773539419749729 0.6390326176555163 0.5793869855959152
6 0.6380543262192759 0.6707249531206187 0.5977079647677783 0.6774484864318647 0.5890270736110779 0.6253619862462998 0.6293730220739917 0.6186384881193868
6 0.6450499189008951 0.6648150749199344 0.6194451381747967 0.6243912589569953 0.6671994104993928 0.5941470406384889 0.6928041629741983 0.6345706365299375
6 0.3728360364390255 0.6180035251212435 0.42156067951486875 0.6224324845334257 0.41619344831474336 0.6814719386966048 0.36746880877581134 0.6770430052986948
6 0.36909847622109737 0.6603179041632785 0.32336699459506235 0.6561610128425824 0.3284853089705848 0.5998625068336811 0.3742162975586325 0.6040193756076442
27 0.98046875 0.9578125 0.99140625 0.9578125 0.99140625 0.9671875 0.98046875 0.9671875