6 0.5225667152210463 0.2923982104882271 0.5237678637555518 0.34423278042213107 0.4503486808260959 0.3459338196755577 0.4491477210240191 0.2940994336501596
6 0.5052827937691973 0.3392927684603422 0.4965520995187944 0.3879957815139043 0.4276756844378724 0.37564900261784206 0.43640652234262234 0.3269461755995863
6 0.35933379344419336 0.40333048996490184 0.37053971838770394 0.3495951510537626 0.4330190492763677 0.3626239711454 0.4218133533230457 0.4163591101780696
6 0.48609598241216645 0.3711021325423961 0.4891883217803752 0.4039359953096154 0.4151838579705327 0.41090525730464783 0.4120916756621682 0.37807153914679453
6 0.39931409918222016 0.4420504937928365 0.3960831248058412 0.4046982658234087 0.4839889556202479 0.39709465992599824 0.4872201193981027 0.4344466772634333
6 0.4660628004960472 0.5579256320084173 0.46826111401162507 0.5895470284910507 0.39848659497113204 0.5943969479591987 0.3962884880351112 0.5627757465127413
6 0.47311042209253173 0.5869872233500755 0.4731105239810631 0.6184583122561547 0.40843018952466537 0.6184582293739452 0.40843027432015333 0.5869873268889882
6 0.42617322669411806 0.6182159543019233 0.48224755389298934 0.603812016587877 0.4947492576307013 0.6524751909121543 0.43867495635231535 0.6668790586716439
6 0.46107251109015124 0.7059220342848034 0.4472208208983375 0.6596668452804855 0.5033849104894443 0.6428501066529028 0.5172367600855523 0.6891050171956652
6 0.4542152289919841 0.6948373406250002 0.37717997501363243 0.6948373406250002 0.37718034489830643 0.6481612437499997 0.4542148600380642 0.6481612437499997
6 0.4265987144568726 0.6064355251250287 0.42659887167189936 0.650990130243108 0.3582847904224309 0.650990031710983 0.3582849245088937 0.6064357193011628
6 0.34661826549222496 0.6065267164157812 0.34810353505019975 0.5775324985343246 0.40246665769529955 0.5803169685411756 0.40098153749306675 0.6093110438513035
27 0.6463888215311044 0.31655138759457063 0.6392644818598683 0.35760743504893905 0.5124975504259055 0.3356102305635815 0.5196220937500584 0.294554456249952
43 0.44834658693685014 0.3422191445199216 0.4509534518847431 0.28936859868104037 0.646715319820828 0.29902381683419504 0.6441089871864278 0.35187383668534833
0 0.6836129626502725 0.26443625262093773 0.688810840353085 0.30769858921786897 0.5542284032413818 0.3238673463339304 0.549030812824185 0.2806052662936601
41 0.45136467060831365 0.3115174737009508 0.4463168154603636 0.3662746624873239 0.2742594609101161 0.35041286759440415 0.27930774056778773 0.29565614688281877
40 0.2569366806475273 0.31198127742651577 0.2557301956505853 0.2685816414290493 0.3923309916751805 0.26478393778551346 0.3935377306576129 0.3081833216678567
38 0.6268025823850394 0.6397183382647361 0.6302341358164085 0.6857287181259469 0.45298543170065386 0.6989443733300621 0.4495547662318131 0.652934822275731
41 0.2737450730795672 0.7089379619022406 0.2694281391442246 0.6601345714939733 0.45185895673353116 0.6439985777514581 0.45617672041259993 0.6928010423349417
27 0.01875 0.97578125 0.0265625 0.97578125 0.0265625 0.98828125 0.01875 0.98828125