6 0.2923982646176455 0.47743314030861306 0.3442327688654814 0.47623224628890753 0.34593386322819697 0.5496513486691046 0.2940993592601444 0.5508522357917092
6 0.33929279166693505 0.4947174568206525 0.38799589751738495 0.5034472439893124 0.3756490394599723 0.5723239789930701 0.3269459468669993 0.5635942414965912
6 0.4033307894534346 0.6406654285201224 0.3495948551250194 0.6294613263838633 0.3626238668576889 0.566981561616701 0.4163591913520577 0.5781855981490988
6 0.3711022346866457 0.5139037368660647 0.4039360468029827 0.5108119471025444 0.4109052795313346 0.5848163673643122 0.37807147008481934 0.5879081378489568
6 0.4420508879119325 0.6006861055185926 0.40469830640051896 0.6039168041955203 0.39709461049119454 0.5160107169171336 0.4344466298575753 0.5127800428276045
6 0.5579257054869231 0.5339368869648625 0.5895470382052963 0.5317391289630614 0.5943969889293612 0.6015135648722246 0.5627756574998557 0.6037113095848241
6 0.5869872703125 0.5268895359375 0.618458275 0.5268895359375 0.618458275 0.5915697671875 0.5869872703125 0.5915697671875
6 0.6524746209737486 0.5052508601320952 0.6668815363556178 0.5613245410943732 0.6182172725601731 0.5738264081486816 0.6038106257783511 0.5177529580834919
6 0.643033530755929 0.4962436311089219 0.6892374548572207 0.4827560740972363 0.7057197071485461 0.5392144143581724 0.6595158092744668 0.5527019087667909
6 0.6948374957004262 0.6228197671875001 0.6481611039815789 0.6228197671875001 0.6481614653326915 0.5457848828125 0.6948372170910488 0.5457848828125
6 0.60643564375 0.5734011625 0.6509901 0.5734011625 0.6509901 0.6417151171875 0.60643564375 0.6417151171875
6 0.606526817331769 0.6533815065213567 0.5775324850375227 0.651896680969518 0.5803169579590985 0.5975334577044881 0.6093109899558158 0.5990182755491235
27 0.316552000557067 0.3536113604511851 0.35760769408534543 0.3607353238298626 0.33561013399207695 0.4875018113715845 0.29455445625001175 0.48037790625000004
43 0.3422198271476873 0.5516532134670492 0.28936869834058143 0.5490470846696116 0.2990234124085873 0.35328477937183317 0.3518730698751824 0.3558908710633068
0 0.2644366741617432 0.3163867833026196 0.3076988431081418 0.31118955585104374 0.32386731799601876 0.4457718104357747 0.280605156392312 0.450968996593926
41 0.31151781096900777 0.5486354122639401 0.3662747261392951 0.5536829058201249 0.3504126572235009 0.7257399229331658 0.2956557525290009 0.7206925139111957
40 0.3119818148485365 0.7430632966813343 0.2685814204713779 0.7442698223245671 0.26478403613100454 0.6076688511863968 0.308183240912399 0.6064623418108965
38 0.6397199685688975 0.3731968101845208 0.6857297552796808 0.3697668278262675 0.6989442007084108 0.5470149460780641 0.6529344188926416 0.5504448855642784
41 0.7089392051506138 0.7262548210119808 0.6601362215404833 0.7305717110325228 0.6439980052577994 0.5481403527305678 0.6927992630305653 0.5438235395045514
27 0.97578125 0.9734375 0.98828125 0.9734375 0.98828125 0.98125 0.97578125 0.98125