6 0.38965541927598224 0.618189042430281 0.34604494459722446 0.613646774540006 0.35243937821189775 0.5522624901009703 0.39604937422484454 0.5568047327670049
6 0.513057340350656 0.5782960323250051 0.4814484000040693 0.5196711130316394 0.5583470639973029 0.47821309540031065 0.5899560361941667 0.5368375964160906
6 0.690610190833354 0.6060993318519401 0.6411047848542921 0.6110493755615755 0.6352634225437441 0.5526333682687774 0.6847683166657816 0.5476833504303302
6 0.7264320315438226 0.5257946271576547 0.7361087253343612 0.5838486605893152 0.6852543085618663 0.5923242242322095 0.6755779017880741 0.5342704457870195
6 0.7326105553156594 0.5952414826442025 0.7251581551340678 0.5950223169959682 0.7260273221273792 0.5654714047465049 0.7334796833232531 0.5656905698205155
38 0.6786556612551067 0.29728592970496376 0.7221224397519563 0.2952038028041729 0.7324434377071611 0.5106566933095802 0.6889766611385539 0.5127387921312717
39 0.6966392513504616 0.27646047900113657 0.7410693036837301 0.2686070681520466 0.7793453597763573 0.48514230432878314 0.7349153334655512 0.4929956137706358
41 0.752595008498929 0.7118553267320217 0.7019115152298809 0.7185306411655623 0.6773376652539582 0.5319662935121146 0.7280194243198821 0.5252910926564789
40 0.7311998882684065 0.6112000381662211 0.7312001729554822 0.51279992324259 0.8007998093360129 0.512800327546981 0.8008001139663747 0.6111998404972849
43 0.37048461199196936 0.5340496011091019 0.3334768124589118 0.5331685267046316 0.33816794612982903 0.33616594099871117 0.37517477057770066 0.33704700371874424
0 0.3344589019890236 0.49046938848345883 0.2981851284791901 0.48587156666102477 0.320663449179051 0.3085461935369177 0.3569364138254514 0.3131439622418594
55 0.3862626467358723 0.7353108305578007 0.3433359310598689 0.7335224392198919 0.35083961816940246 0.5534516665304254 0.39376484242757215 0.5552400271125361
57 0.28390944327293255 0.5462007602312122 0.3502421429788001 0.5410190724592946 0.35971262629652756 0.66224140818348 0.2933799329626936 0.6674230378546201
27 0.96953125 0.95546875 0.98046875 0.95546875 0.98046875 0.96328125 0.96953125 0.96328125