43 0.3348106864464171 0.552472210832311 0.29244057981327387 0.5478912659582313 0.3085395193718341 0.39900496201919355 0.3509086915523767 0.4035858551075424
38 0.7068037094238662 0.5453904318925238 0.6623763709028481 0.5500894519872549 0.6419310862532939 0.3567951924679012 0.6863572568340714 0.35209623434894555
41 0.7087910554350856 0.7309856539132252 0.6586128348884586 0.7370885890228801 0.6402831959193236 0.5863962967109588 0.6904599286357325 0.5802934521060452
40 0.7348858517511871 0.7108560734664621 0.689015123506465 0.7030938780383753 0.7125526808745235 0.5640202483115576 0.7584222025360532 0.5717823407083298
55 0.34535066643741175 0.7432955784311271 0.2924415218899412 0.7393355389545777 0.30394468054635126 0.5856768021507399 0.3568522073155691 0.5896367814666502
57 0.30847786596871174 0.5991730220254987 0.299328770160173 0.7037822346390687 0.21369952838108475 0.6962932821129894 0.22284942247358686 0.5916849516366431
27 0.30374818156155925 0.6315406943681746 0.3466219512118869 0.6337037154357599 0.34101939923812097 0.7447377791540777 0.29814563154559437 0.7425747833523831
27 0.37522465958943485 0.7855497017796489 0.32665183834524214 0.777915344534477 0.3480776261765186 0.6416241646309321 0.39664900981165374 0.6492584063373715
27 0.3366125057470981 0.5305584882362081 0.29841411627899106 0.5265103379030405 0.3114918821578385 0.40312110454014133 0.3496896368075113 0.40716922209451023
27 0.34974309967583395 0.4042462329062627 0.39317483204354176 0.408612097010777 0.38048090468748796 0.5348837203124964 0.33704917833915715 0.5305178954913463
27 0.6791113646573876 0.7660240162575078 0.6395491666809221 0.7756473403897202 0.61107529347521 0.6586057558358358 0.6506364921875729 0.6489825593749875
27 0.7102113943608401 0.7323992539718801 0.6653754851541862 0.739046883255385 0.6476162632735623 0.6192797044483028 0.6924510445599026 0.612632161473195
27 0.6977718221271516 0.5167743382063691 0.6571511142110467 0.5195976941239262 0.6460274073774599 0.3595603804791268 0.6866472980899516 0.35673705192315636
6 0.34226297300403985 0.5484366413134324 0.30653961278767383 0.5596613926787048 0.28562876672299353 0.4931165330683952 0.3213517600834166 0.4818918435990137
6 0.3762136550816422 0.5750029427684001 0.33038906023341497 0.5675714551734451 0.33984605377702337 0.5092639447608249 0.38567021003939317 0.5166953960605571
6 0.36518780007668283 0.6173569211084452 0.33716186546382687 0.6586514109235485 0.28331711137013826 0.6221118616739161 0.311342987316948 0.5808176253386526
6 0.35057819099108656 0.6066094155421154 0.404097474387072 0.6152885419668654 0.39472520536730826 0.6730749400421934 0.3412059337839537 0.6643958631027871
6 0.42721663177042046 0.6847324690111597 0.39397998861102224 0.6813638072168579 0.3991276491673261 0.6305833636561486 0.43236395529504534 0.6339520082457222
6 0.582036775 0.6388081390625 0.6120933515625 0.6388081390625 0.6120933515625 0.6896802328125 0.582036775 0.6896802328125
6 0.6031277817979799 0.6192398727928237 0.6472778450968235 0.611027305727931 0.6577114394584669 0.6671105499506463 0.6135613886434612 0.6753230710925738
6 0.6813254849735131 0.5747329473201596 0.7066786942970111 0.6041987515968501 0.656176250243675 0.6476473316466738 0.6308232341584699 0.6181817101075433
6 0.6914316314157531 0.47387996933603926 0.7202595051883236 0.48886169618415065 0.6857829832144944 0.555196166759934 0.6569551682320025 0.5402145274152068
6 0.3757813130014256 0.5207494401605252 0.40943017690278793 0.5213790835299176 0.40808026661250096 0.5935132302636867 0.37443140281266096 0.5928835907472513
6 0.431751117205863 0.5993668906888152 0.4006511741679333 0.5973933370321397 0.40518871579809 0.5258993647866385 0.4362882773235697 0.5278729062843573
27 0.9734375 0.9671875 0.9859375 0.9671875 0.9859375 0.9765625 0.9734375 0.9765625