43 0.5524723623055934 0.6651884961498491 0.5478910456182575 0.707558885985409 0.39900426799601973 0.6914613978175276 0.4035861560586227 0.6490916700195939
38 0.5453898618347921 0.293195665287869 0.5500898017101008 0.3376229111596803 0.3567956751859356 0.3580695840834449 0.3520962009665709 0.3136427631681935
41 0.7309851505912093 0.291209056106291 0.7370893542886279 0.34138627421203044 0.5863970839642434 0.35971697811975645 0.5802932918090846 0.309540125921474
40 0.7108564096162127 0.26511396793953623 0.7030935644978626 0.31098387230566 0.564019602009239 0.28744748952131904 0.5717826640830026 0.2415778474402471
55 0.7432959323217574 0.6546494307293594 0.739335425338254 0.7075578242397775 0.5856765282147762 0.6960553945406243 0.5896378053439548 0.6431478312766845
57 0.5991733976702562 0.691523234177711 0.7037822652730483 0.7006704711586087 0.6962935134710051 0.7862987723113926 0.5916846568806022 0.7771516237965228
27 0.6315406968750494 0.6962517687499488 0.6337050633916306 0.6533779967615038 0.7447385250550269 0.6589819939153599 0.742574672951946 0.7018552769908252
27 0.7855502099841942 0.6247748045912215 0.777914486640384 0.6733465014204294 0.6416241392018946 0.6519223767461607 0.6492603859699102 0.6033513271636841
27 0.5305585583317907 0.6633868484529609 0.5265101861950825 0.7015854615089198 0.40312064663112324 0.6885088021630577 0.40716944768144003 0.6503106587830216
27 0.40424584233801397 0.6502564966813701 0.4086132710382344 0.6068237094128591 0.5348837203124504 0.6195190953125104 0.5305168710467569 0.6629513438646973
27 0.7660226559083867 0.32088957111265176 0.7756476480058154 0.36045070744811764 0.6586072530930096 0.3889243856019261 0.6489825593748719 0.3493635078125539
27 0.7323986655080716 0.28978877696037597 0.7390475178106044 0.3346238726560299 0.6192807177491204 0.35238379094563044 0.6126321604889426 0.3075489621303619
27 0.516773815743818 0.3022277517837943 0.519597824511834 0.3428483597913029 0.35956070827262465 0.35397302354843607 0.356737043286671 0.31335272505483286
6 0.5484360941846944 0.6577371413981865 0.5596633358690042 0.6934597404113468 0.49311765539539465 0.7143709612243417 0.48189071909951053 0.6786486220905882
6 0.5750032378645074 0.6237863835351074 0.5675703823732192 0.6696106688330146 0.5092627893902772 0.6601538696799101 0.5166958561172805 0.6143298478770475
6 0.6173552582087041 0.6348150626573719 0.6586528083737448 0.662836230442141 0.6221146148158141 0.716678538096303 0.5808172178869881 0.6886575580998668
6 0.6066085936191712 0.6494216930853841 0.6152899901087494 0.5959026288159383 0.6730757825414457 0.6052750432852483 0.6643947225514921 0.6587938076849189
6 0.6847326373764417 0.5727833772514109 0.6813633294965484 0.6060198454762031 0.6305827889256079 0.6008723794326393 0.6339522307150673 0.5676360625712934
6 0.6896802690936283 0.417963225 0.6388081142363262 0.417963225 0.6388082021620676 0.3879066484375001 0.6896801696135526 0.3879066484375001
6 0.6192410482466357 0.3968717898834672 0.611027280620192 0.35272215533879925 0.6671095597637304 0.34228879384713934 0.6753234356652911 0.3864382873924443
6 0.5747326287478245 0.3186739365163528 0.6042002489451761 0.2933229643541844 0.6476477031258128 0.34382410339698166 0.6181801624811669 0.36917499035861734
6 0.4738798309668937 0.3085681516571988 0.488862967196269 0.2797409452977351 0.5551967401246429 0.31421737188721927 0.540213724116029 0.3430444750284987
6 0.5207492827896658 0.6242186680317408 0.5213792307187077 0.5905696991597301 0.593513291358363 0.5919198647183341 0.5928835724635064 0.6255686083045365
6 0.5993670520171008 0.5682488753543858 0.5973932501625541 0.5993487283882215 0.5258991362907182 0.59481139490959 0.5278731217221093 0.5637117394249569
27 0.9671875 0.0140625 0.9765625 0.0140625 0.9765625 0.0265625 0.9671875 0.0265625