43 0.43305471426515396 0.30405187572119713 0.4368031894376827 0.26181811981559494 0.6239847494510968 0.2784306933458056 0.620236657309988 0.3206640796638999
0 0.4897706577237386 0.2723389512372942 0.5051361554170626 0.22218465654287237 0.6288643855906457 0.26008975248555244 0.6134992024983603 0.31024377465852776
38 0.6327805445139347 0.6613205038595847 0.6364707737725439 0.7068139864990755 0.4625838635577111 0.7209147887062253 0.4588945276796039 0.6754221374008453
39 0.6444336419649517 0.6476779327366216 0.6745355865422198 0.6994121567629925 0.5704762818344307 0.759949764056698 0.5403751053970609 0.708216205388206
41 0.2827128235268219 0.7292674584665666 0.27912737242343155 0.6786826290727298 0.4395330943755198 0.6673138653103139 0.44311934468532854 0.7178978248258202
40 0.3447142198356232 0.770845068118858 0.36689695447216764 0.6982004189001777 0.4625324944450995 0.7273987103424332 0.440350731397416 0.800042531403965
55 0.4095557195529409 0.2772357737112511 0.40575928327677957 0.3308832276280353 0.23846970013960345 0.31904430793585586 0.24226650979028364 0.26539727054801376
57 0.41782064557435206 0.20261554343110508 0.42549521769149123 0.2728740888747403 0.32894722671903764 0.2834198249228816 0.32127293041003213 0.21316152991760562
6 0.5154305609686389 0.2709421063807465 0.5108822914118036 0.3118386507548089 0.4339945342564988 0.3032876747156339 0.43854292480205004 0.26239126868697465
6 0.4073322039521372 0.34701767529444555 0.40870808885199494 0.3046058151069134 0.48417967556019903 0.3070540596008104 0.48280395532344755 0.3494657595352756
6 0.3918065940248425 0.338560049389861 0.33515309718200115 0.31782543119099427 0.35533734246359927 0.2626777148845657 0.41199056147934243 0.283412276848705
6 0.38193620180413745 0.32737550098263474 0.3788185478734931 0.3786357261106972 0.3087554887075612 0.37437440997360033 0.31187332214221897 0.32311437597592146
6 0.3652047196278545 0.37850338023042773 0.3559377574657674 0.41532401474625175 0.2875641522476826 0.39811645050803124 0.29683121513892274 0.36129597010466935
6 0.43703152550256164 0.4325946002254648 0.4388278454977126 0.45843467377819297 0.3659018974274204 0.4635036903863047 0.36410571443661865 0.43766374568110306
6 0.4125520384070569 0.6640257176068245 0.37212018461138996 0.6922438108463121 0.33339874586192764 0.6367692388155302 0.3738302137470555 0.6085513351265349
6 0.5091274131314094 0.6290533816397622 0.5072307483551413 0.6758295198327897 0.4313294660144038 0.6727518653748198 0.4332264677520925 0.6259760806880934
6 0.457756157558606 0.6997222408570171 0.47657295645637987 0.6570899637222367 0.550756309344365 0.6898278687909456 0.5319399426227847 0.7324597786849365
6 0.4241100723324962 0.6578283339895672 0.4440746022676194 0.7091098799371564 0.38156692450866103 0.7334408774626652 0.361602825907994 0.682159697646067
27 0.02109375 0.97578125 0.02890625 0.97578125 0.02890625 0.98671875 0.02109375 0.98671875