43 0.334393223279676 0.538917209542245 0.2896301790464122 0.5362842868117098 0.29965971864317 0.3657918370586218 0.3444216838588545 0.36842472741446064
0 0.2776771431625775 0.3420935514514825 0.32554910483008825 0.3514592745473107 0.2933278012800429 0.5161466257496155 0.2454558703375369 0.5067810057407485
38 0.7140001686290134 0.5519999999999999 0.6743998282042867 0.5519999999999999 0.6744002130238869 0.37279999999999996 0.7139995284164797 0.37279999999999996
39 0.7552581501411169 0.5290392422937679 0.7124996969297399 0.5320726061275346 0.7000460202400518 0.35653045771091013 0.7428034370167325 0.35349713138207994
41 0.6580517058943087 0.5623762109007722 0.7061423585034845 0.5539892604791079 0.7360819090988571 0.7256421441864097 0.6879912928062595 0.7340289520635714
40 0.788023819527325 0.6567523864949846 0.7314345535510256 0.6765563820346457 0.6863670079287658 0.5477899952878756 0.7429549828331119 0.5279862462534082
55 0.30604410713260677 0.5418739897015983 0.3599403618549104 0.5460703226776517 0.34671542471426164 0.715907742854585 0.2928191769431123 0.7117114779013454
57 0.23624868622835038 0.5226122545033934 0.304360408972002 0.5234041697801678 0.3031979999190071 0.6233720505491835 0.23508627732235254 0.6225801421822648
27 0.6854760649034688 0.7374893107563201 0.6419938892922801 0.7440452497113847 0.6245188826306958 0.6281558570469604 0.6680000000000064 0.6216000000000044
6 0.6714223117189704 0.6310207435960714 0.6194883135262899 0.632875317221742 0.6177754224104319 0.5849079207925818 0.6697089552742455 0.5830533555322461
27 0.9640625 0.91484375 0.975 0.91484375 0.975 0.93046875 0.9640625 0.93046875