43 0.3390613263954947 0.5028758526066043 0.297054922441248 0.505949493767776 0.2839677859751646 0.32709513004477087 0.32597324831749575 0.3240215232966961
38 0.6723201299324728 0.49965162854201656 0.6723204373367935 0.3254353404709277 0.7164177803456369 0.32543566975511273 0.716417963132244 0.4996514514213102
41 0.7546870669903001 0.6768190439414097 0.6987842273459819 0.6864318624895437 0.6676167388924341 0.5051944551711348 0.7235178050760851 0.4955817904660954
40 0.8021503545938913 0.4929689424304554 0.7914395353694772 0.610272349631313 0.7212142084631523 0.6038602044821829 0.7319256428108929 0.4865574799279564
55 0.3039693478613117 0.5202098149070076 0.3610582108398148 0.5301843392938701 0.3315837565193078 0.6988624358409146 0.27449493241613254 0.6888880689846415
57 0.2663346035636778 0.4808025725571681 0.31752489193922884 0.49637482955269235 0.2776169260603183 0.6275514262727416 0.2264267159097244 0.6119793493279839
27 0.3985750020576688 0.6153309309479039 0.42575036523930976 0.6223734738358043 0.392607611311405 0.7502451485152509 0.36543228463722244 0.7432027030040194
6 0.33948518837121355 0.6100613153028828 0.27993197322916785 0.5820105294564173 0.31063142556411094 0.5168413024786466 0.3701840134589247 0.5448919148476719
6 0.373904879354086 0.5392781043814364 0.42232206216851864 0.586409496365562 0.3799507552492969 0.6299319551392408 0.3315338246833335 0.5828008181123702
6 0.3982360921875 0.5763066203125 0.43181818125 0.5763066203125 0.43181818125 0.6362369343750001 0.3982360921875 0.6362369343750001
6 0.660464864890514 0.5269683359405944 0.6938548036474685 0.5711523968844833 0.6406733664249487 0.6113374107905146 0.6072837094882289 0.5671536065855307
27 0.96171875 0.93359375 0.97890625 0.93359375 0.97890625 0.96328125 0.96171875 0.96328125