43 0.4971240676364914 0.3390609007417678 0.49405060296544434 0.2970548001193408 0.6729048240113116 0.28396834578269015 0.6759786182979042 0.3259740878323206
38 0.5003484312500001 0.6723202171875 0.674564459375 0.6723202171875 0.674564459375 0.7164179093749999 0.5003484312500001 0.7164179093749999
41 0.3231811966073792 0.7546852226182881 0.31356729908043235 0.69878262243671 0.4948040788809749 0.6676175509939947 0.504418853563493 0.7235190538525054
40 0.5070312629001137 0.8021497093510797 0.3897269258442293 0.7914412545773326 0.3961399405402517 0.7212160662322085 0.5134423543382809 0.731924432142797
55 0.4797905285149682 0.30396904950966336 0.4698150337928837 0.3610580676537255 0.3011366692252295 0.3315839539149411 0.31111252882283225 0.274495411035823
57 0.5191978442861682 0.2663345180127262 0.5036241836468207 0.3175245671771859 0.3724474451976221 0.2776168336402488 0.3880212689974769 0.22642707726411426
27 0.38466920158668927 0.39857449076108314 0.37762555884864923 0.4257500530725376 0.2497540239776299 0.39260793640588787 0.2567978082861373 0.3654325856350461
6 0.3899380328390407 0.33948474487862723 0.4179920310155012 0.27993316289673625 0.48315907505320865 0.310631632716214 0.4551053271436558 0.3701830014440294
6 0.46072213008972085 0.3739050356006571 0.41358742267823345 0.4223188182329543 0.37006602730139093 0.3799489165414876 0.4172005760324282 0.33153530329174236
6 0.4236934818577538 0.43181818124999993 0.3637630121854727 0.43181818124999993 0.363763147839677 0.3982360921875 0.423693362859467 0.3982360921875
6 0.4730331350713186 0.6604665049568941 0.42884541523642383 0.6938517286186322 0.38866164871876663 0.6406722714360533 0.4328489775576827 0.6072872682473769
27 0.03671875 0.96171875 0.06640625 0.96171875 0.06640625 0.97890625 0.03671875 0.97890625