43 0.4610827028351423 0.3343931034308368 0.4637160837103238 0.28963027672733715 0.6342082091367729 0.2996595944819161 0.6315752195754385 0.34442203944227257
0 0.657906652429574 0.27767709109916877 0.64854038881424 0.32554912236410377 0.4838531900622911 0.29332780482849113 0.4932197164096124 0.24545612533331157
38 0.44799972606483607 0.7140000504317694 0.44800010627977827 0.6743997683648913 0.6271999158639119 0.6744003006440754 0.6272002842204074 0.7139998292620086
39 0.47096049902654613 0.7552571542687734 0.4679274312669577 0.7124991269674948 0.6434694433811501 0.7000477881258554 0.6465032778014574 0.7428049757528697
41 0.43762149798305927 0.6580516946620485 0.44601111210602085 0.7061422429512293 0.2743589066774348 0.7360815032291095 0.2659703009636587 0.6879918539888293
40 0.34324904269260514 0.788022993163006 0.3234404946030054 0.7314356462310095 0.45220602747610883 0.6863680018109093 0.4720149907209361 0.7429544786277029
55 0.45812608117694253 0.30604350242432554 0.4539295161807786 0.3599402792482932 0.2840917050017424 0.3467157219556047 0.2882886828381288 0.2928194025745033
57 0.4773876555332208 0.2362484494459954 0.47659586477152516 0.30436041705964123 0.3766279124125731 0.3031979932578126 0.3774199801565601 0.23508630709036366
27 0.2625117030841011 0.6854750047322361 0.2559545292625671 0.6419935592332379 0.3718424341012678 0.6245192138536274 0.37840002147913765 0.6680001424197467
6 0.36897941398660805 0.6714222067088201 0.36712454275948403 0.61948834377158 0.4150918177984977 0.6177753912380078 0.4169469244689026 0.669709008046306
27 0.06953125 0.9640625 0.08515625 0.9640625 0.08515625 0.975 0.06953125 0.975