43 0.5149528990953058 0.35338487487425385 0.5160706100099333 0.31658521342758306 0.7003754977828294 0.3221823787405521 0.6992581472503616 0.3589816781716499
6 0.6092264753715426 0.3280496796072012 0.6076316710875744 0.33819490296277815 0.5527609877780151 0.32956956140370636 0.5543558148066268 0.31942436621423026
38 0.5156676805856932 0.6671488564846392 0.5184701173141093 0.6267863731071701 0.7318971190258026 0.6416013283618643 0.7290955989262784 0.6819629459097374
39 0.706860585756317 0.6746473378082389 0.7058149933474169 0.7090881833166379 0.5365642996835049 0.7039484411422624 0.5376104853226025 0.6695081939157316
55 0.5185102257393055 0.31805539233226304 0.5048805605997586 0.37052885501761634 0.33332946367897875 0.325970208166088 0.3469594110725893 0.2734972329216197
6 0.4810773884967148 0.3634080338939066 0.4787930981462978 0.38166041165485987 0.4109234208946191 0.37316669403026864 0.4132077708778752 0.3549143863188504
6 0.5440777759882849 0.3587262528059533 0.544754095419421 0.3531586798594476 0.5687683491437383 0.3560756815156878 0.5680920377744769 0.3616432471218852
6 0.5566860388896657 0.39653953357123334 0.5566860513285974 0.4064265510988825 0.5334302312521686 0.40642655867542354 0.5334302328678859 0.3965395552331698
6 0.546046298356373 0.4193744702749145 0.5456616069144502 0.4304587937460509 0.5243420833908203 0.4297188989644689 0.5247267895532559 0.41863459077254944
6 0.5285521133417888 0.45020057383266854 0.5279586351608714 0.43920780816710764 0.5476187378936856 0.4381464533285422 0.5482122298710692 0.4491392043752931
6 0.43769862348676725 0.40749231341460057 0.43535165921821317 0.4209095163207293 0.4009960363513301 0.41490022508067254 0.4033430234375146 0.40148305156244907
6 0.46184636420480274 0.6235344974427114 0.46377917874735886 0.6633065634963327 0.3987889097294328 0.6664641649304154 0.3968563606867974 0.6266923525441767
6 0.4747331287022689 0.7037645090605432 0.47148192218310214 0.6964049932222359 0.48581802975320443 0.6900726793629568 0.48906923987613027 0.6974321829476703
6 0.539445958972351 0.6145227505762042 0.5389535242163674 0.6030366794461105 0.5803170292534787 0.6012634858601797 0.5808095060301639 0.612749512752333
6 0.4175417556489265 0.6181678856593024 0.41824719988767356 0.6058286591921044 0.4447070501274766 0.6073412029301924 0.4440016380220868 0.6196803988505599
6 0.39504809967604615 0.5945807368876745 0.3959376084341102 0.5811573581982746 0.42588339689928034 0.5831415076857408 0.4249939264589102 0.5965648501733183
27 0.02578125 0.96796875 0.03046875 0.96796875 0.03046875 0.97734375 0.02578125 0.97734375