6 0.29138775729745703 0.6108454504879072 0.3089533752737452 0.5579230940913078 0.36349576965483266 0.576024570083703 0.34593047574844604 0.6289466506030112
6 0.4493885875 0.5407665515625 0.47044836874999996 0.5407665515625 0.47044836874999996 0.60836236875 0.4493885875 0.60836236875
6 0.6860327760459768 0.4952749956237803 0.7169459235365139 0.5277264624522077 0.66915009464185 0.5732524293852138 0.6382371248876098 0.5408011372534508
6 0.6555372296022597 0.6407271204906392 0.6426651462675181 0.5685799518144795 0.7015140241034032 0.5580816824465646 0.7143864121255774 0.6302284532670895
6 0.6097133082813571 0.6556743258706555 0.5855424007460215 0.6112301803754788 0.6420133200766713 0.5805221075227721 0.6661842489141918 0.6249659854251984
43 0.33804833484634855 0.5747734261183925 0.29578157869741517 0.5737259349435939 0.3004151438262852 0.3868033791895259 0.34268074423789585 0.3878508560444406
0 0.3046281313243071 0.5294025378266837 0.2640943304508028 0.5229818169502117 0.2855685763151996 0.387427964341768 0.3261015965675824 0.393848621262137
57 0.2965258558140249 0.6955807957119154 0.24774793147378205 0.6912584245851683 0.2595245949753462 0.55838366178462 0.3083012975538395 0.5627059788464799
55 0.30417523404548774 0.5567087484948706 0.3565120947023388 0.5624783462573091 0.339016439975353 0.721165346634943 0.28667959383642483 0.715395838193062
38 0.6963316637583148 0.5714285718750001 0.6521737687086215 0.5714285718750001 0.6521744132837739 0.3902439031250001 0.6963311367682081 0.3902439031250001
39 0.6666544441288806 0.3767613608041773 0.7122775139101805 0.36878971590396825 0.7395555870344879 0.5248977966132645 0.6939325403487828 0.5328693539895555
41 0.7263848450660362 0.7162798133958364 0.6668113322709814 0.725527842412342 0.6422823603488723 0.5675319631498974 0.7018540532677662 0.558284077368279
40 0.7736255312257754 0.6823667398309196 0.7167329133709472 0.6937841897661671 0.6897237181628952 0.5592108914605236 0.7466148839554307 0.5477935927299337
27 0.9671875 0.94921875 0.978125 0.94921875 0.978125 0.96484375 0.9671875 0.96484375