40 0.7701559211211588 0.6780523265625 0.693068953689135 0.6780523265625 0.6930699931275512 0.5537790703125001 0.7701551501911581 0.5537790703125001
6 0.7099383445086005 0.5502026948341169 0.7446179476642101 0.5587725761564363 0.7190559278245701 0.6622027516643041 0.6843763554629732 0.6536329547886678
6 0.622473716195941 0.635028299971735 0.6263520572238122 0.635237946351657 0.6257634008060222 0.6461264061251643 0.6218850597962273 0.645916759968269
6 0.27239396971413044 0.43014980639499145 0.2887051485997745 0.43498037298475145 0.27889142055585125 0.4681159785184181 0.2625802465020115 0.4632854233371027
6 0.37590259346643506 0.48929033731708294 0.41104909884836616 0.4919621438791585 0.4057775175908773 0.5613019571456193 0.3706310138832123 0.5586301654239042
43 0.2952615826386591 0.5305234257215784 0.2952619212301215 0.3495637886916757 0.3348655158783913 0.3495640586345496 0.3348656601535822 0.5305232110878176
0 0.29835985391127906 0.5174515791146042 0.2573305640534045 0.5145623317538077 0.2679442895570219 0.36385736563295396 0.30897273820346527 0.36674658296922613
55 0.3019184296623507 0.559510325591948 0.34913912010608783 0.5677149158309309 0.31988942004898036 0.7360384423608066 0.2726687656189597 0.7278339892982537
57 0.29406655691991546 0.6664891544879541 0.22064416819955568 0.6661008855479925 0.2212742843403248 0.5471201248046117 0.29469507262672323 0.5475083895380645
38 0.6836080589779385 0.5643663857260489 0.6412046455233167 0.5623033590349187 0.6496756342573917 0.388215036120048 0.6920779679170437 0.3902780363455317
39 0.6790092682898603 0.39434518432205723 0.7144613224220393 0.39277714299472993 0.7209955918045807 0.54050204973291 0.6855435389699096 0.5420700743758029
41 0.7184359553108379 0.7672015484472153 0.6656660592559547 0.7751978866840449 0.638248624792368 0.5942841246521775 0.6910165988098242 0.5862879323110102
27 0.97578125 0.9703125 0.99453125 0.9703125 0.99453125 0.9859375 0.97578125 0.9859375