6 0.32421915655754674 0.4480405724670713 0.3147868385581205 0.5138191504161587 0.2668630147223894 0.5069474293880115 0.2762955240716565 0.4411690856094351
6 0.3143564359375 0.4578488375 0.3592644984375 0.4578488375 0.3592644984375 0.5145348828125 0.3143564359375 0.5145348828125
6 0.2870736806543164 0.5072857250419188 0.3385729662753647 0.5147095711576019 0.32980335889863 0.5755390565265974 0.27830408141596763 0.5681152481718545
6 0.33325476992888525 0.5294326181100196 0.38404269908369315 0.531262930816713 0.38190543542725663 0.5905626605221171 0.3311175068041621 0.5887323570964682
6 0.6889376938926262 0.5422550740608068 0.6394102259223473 0.5489023274016729 0.6308492008621442 0.4851189542003446 0.6803761777831596 0.47847173420405437
6 0.6938617176222124 0.5379270489288119 0.6612123116345856 0.5075190088757563 0.7119819161198393 0.4530115119062668 0.7446311199284992 0.4834193801484771
6 0.6777707324796438 0.5977623435408789 0.622068937438712 0.6076168025211607 0.6129368022760673 0.5560017417008734 0.6686380966366414 0.5461473280141668
6 0.6496395606458236 0.549650699785823 0.7056340908258107 0.5192035990524416 0.7308858972813823 0.5656394061483612 0.6748914622965003 0.5960863704072835
43 0.31870482078102214 0.5127207805379846 0.273566887647803 0.5143475295673593 0.26591130203757984 0.30191713676126253 0.3110479879447894 0.3002904109187706
55 0.28359565823916455 0.5092084901708301 0.33360911092540846 0.5103364642947613 0.3299526337984844 0.6724455384043825 0.2799391815196941 0.6713175807153124
57 0.2623683905665075 0.49843629307680665 0.3180268264794677 0.5330559440754459 0.26579590881715376 0.6170200623235161 0.21013769453747955 0.5824007020958293
38 0.6735313485813776 0.33744947596055574 0.7215208801113704 0.33558160047470337 0.7292292182834217 0.5336139336781139 0.6812396883681231 0.5354817841431208
41 0.7247166359893527 0.6767711072716067 0.6730538864501341 0.6796137020099297 0.6646035625633431 0.5260352388677261 0.716264886116619 0.5231926829555746
27 0.3567893392219048 0.4694767410124399 0.31984175511661306 0.470610388253395 0.3156846099120685 0.3351186973725801 0.3526316012355437 0.333985059021821
27 0.6514533868089529 0.3484906089851196 0.6896082023193912 0.3519283171246977 0.6764150658674453 0.49835046655712456 0.638260254687566 0.4949127906250033
27 0.6967675246810359 0.7137377227573558 0.6501693487158491 0.7232557135308277 0.62313434144437 0.5909132050112251 0.6697312578124865 0.5813953499999995
27 0.97265625 0.96484375 0.98828125 0.96484375 0.98828125 0.97890625 0.97265625 0.97890625