6 0.371697397658977 0.6572190265021898 0.32040946622737465 0.6392537574852125 0.33759012168843583 0.5902124126958346 0.38887759349336193 0.6081775939117969
6 0.37387107775953154 0.5837143873831907 0.3326057090757786 0.5832682447742065 0.33330310050610024 0.5187905262008548 0.37456802133647216 0.5192366663847829
6 0.6216630219128092 0.6582447516549517 0.6122100409044151 0.6030564310203763 0.6639460502884731 0.5941958213914528 0.6733992486358602 0.6493838668072541
6 0.6707920898500106 0.6300872287395533 0.6509344120744345 0.5922483740243227 0.7047360209052158 0.5640165678487394 0.7245937236608597 0.6018552141744211
0 0.289196056431706 0.3167747564028398 0.325129656000513 0.31981530275414277 0.31416661857667805 0.44937247590591534 0.2782330220665017 0.4463319530212241
43 0.3069011878413903 0.38120652641477104 0.3464197343507749 0.38416450862179014 0.3329435423861469 0.5641945026725348 0.2934250004210526 0.5612365593906598
57 0.24785596249955688 0.546967455722832 0.2940052287077606 0.5517785726749607 0.2780788989409757 0.7045302632838769 0.23192964284260142 0.6997192161332983
55 0.28807791285919393 0.5654811200610959 0.3346887393988709 0.5672254496171216 0.3283573962311266 0.7363871231374727 0.2817465711253817 0.7346428226119033
38 0.7095742101820406 0.5654020865181887 0.6680968118492956 0.5664928814552067 0.663625714544537 0.3964779360107902 0.7051020628042579 0.395387155040488
39 0.6566386232462946 0.3561713819990086 0.7057587561776018 0.3353234578626225 0.747783368024443 0.4343339873100379 0.6986633160109932 0.4551817750467828
41 0.662106041162474 0.5677824886510959 0.7124129607537952 0.5645192028716441 0.7230755642890472 0.7288745605237658 0.6727686494707541 0.7321377933745985
40 0.7683332431764711 0.6905129517455643 0.7197220163900511 0.6948129030984027 0.7068185189781389 0.5489477326691763 0.7554284315857558 0.5446478391346005
27 0.97265625 0.9640625 0.98203125 0.9640625 0.98203125 0.9734375 0.97265625 0.9734375