6 0.5509975820169757 0.6776579709306711 0.5492991372831284 0.7184207413306251 0.48143359211212555 0.7155930871539977 0.48313231762290343 0.6748306121718254
6 0.501617839526034 0.6755181640395055 0.5038618343284043 0.6321444514278695 0.5615486166705068 0.6351285103518005 0.559304883308414 0.6785019742139785
6 0.5522363983504874 0.6954994941149729 0.5516080918121133 0.6489888516226594 0.613472325220414 0.6481531735784036 0.6141009219750231 0.6946635230304059
6 0.582565703938144 0.5984016442052605 0.6270501872625118 0.6067939467258254 0.6180450934257351 0.6545209609010736 0.5735606208409081 0.6461286972623471
6 0.5824659597892605 0.5731044601096814 0.5848083624993023 0.6074539789271083 0.5260361703831222 0.6114611631018794 0.5236939615831488 0.577111827154464
6 0.5143999092497324 0.3644000021062115 0.5144000448168526 0.3227999125482992 0.5927999776262141 0.32280007697874386 0.5928000124511072 0.36439999737131934
6 0.5697814151297962 0.30652207092308975 0.5526564949966541 0.3399557029130671 0.4859281922148284 0.3057778815540858 0.5030531284410245 0.27234436707421317
43 0.5505802408446243 0.6787224161293286 0.5481006799053603 0.7193913064545454 0.35490146484789875 0.7076117196253345 0.357381798491474 0.6669436724026219
0 0.5373940174050631 0.7097752941422787 0.5337016720333168 0.755928168667172 0.3335738385799232 0.7399177074622989 0.3372671080918508 0.693765871678411
55 0.5508623737993048 0.693225652685456 0.5542150700953243 0.6448174021277423 0.7215231328465279 0.6564026333818735 0.718171323960064 0.7048100385290916
57 0.6319447430184937 0.6928115965644098 0.6409024951734636 0.73460661672713 0.5647972410981765 0.7509148461900961 0.5558398989269335 0.7091201834200271
41 0.6026585308929953 0.3067267697331918 0.6915610056303194 0.2968490217489589 0.6966927110338474 0.34303441273945623 0.6077902402552127 0.35291213814119143
40 0.6852316306246848 0.25435365469906546 0.6937539436539737 0.3025202003069067 0.5488943858509856 0.3281495895704659 0.5403724295443908 0.279983362970328
38 0.34905742971307063 0.33730034324392166 0.34617139501165184 0.2988164082720814 0.5638070272125333 0.28249474496120036 0.5666934243828337 0.320978283798782
39 0.3959248016872152 0.31170377685904976 0.39010455294487656 0.26268966416158596 0.5533449432970201 0.24330554189078912 0.559165487840346 0.29231930663758743
27 0.96328125 0.00703125 0.97265625 0.00703125 0.97265625 0.01640625 0.96328125 0.01640625