6 0.5741280703247185 0.6659604515625 0.5072674073103371 0.6659604515625 0.5072676928635929 0.6235875703125 0.5741278006134962 0.6235875703125
6 0.6697036034015582 0.6229995613854066 0.6514077475101203 0.6739395617074332 0.599314758428136 0.6552316840009138 0.6176107408500684 0.6042919576706561
6 0.661484246180521 0.39133150847948517 0.6210605963093485 0.41159672824627747 0.592579625626172 0.35478707700914847 0.6330030316829607 0.33452193050328255
6 0.6519777308308221 0.33681224792956427 0.6247743973671049 0.3733252702973907 0.5579632820658844 0.3235504091265648 0.5851665558220702 0.28703753959667316
6 0.5014519373667099 0.40152049528538686 0.4940160955807187 0.3530590450288364 0.561101683523475 0.34276591446332233 0.568537676925871 0.3912271807344056
6 0.5351392781955155 0.2972388810558217 0.5463308424614297 0.345863818361669 0.47695314834572855 0.3618311157650191 0.46576178527368484 0.3132063537552035
43 0.5594638620419801 0.6626538039635748 0.5612642162474231 0.7015470138018194 0.3499232577521525 0.7113262930564156 0.34812380110736285 0.6724339615629185
57 0.7008406639851046 0.6955672936562128 0.7060664517983923 0.7735221560530393 0.5984565331316389 0.7807334935770307 0.5932317447461628 0.7027795692059353
6 0.5876318325947523 0.7020015827309374 0.5901590468575932 0.6577996828534155 0.6538637873150037 0.6614414227498272 0.6513368814657952 0.7056430283189337
55 0.586093963233111 0.7025779935303333 0.5881477808131876 0.6583458948155851 0.7641480753316046 0.6665159535970523 0.7620951070605315 0.7107472295830817
38 0.5443312675675998 0.3064970820979679 0.5443314686879148 0.35310735889980316 0.34374986239822647 0.3531072620230067 0.34375013038527413 0.3064974822582231
41 0.740963830776991 0.27812617147923474 0.7496798047474158 0.3290548715524277 0.573814995619955 0.3591505004751141 0.565099515721954 0.3082222315423286
40 0.6504033152637021 0.31706592800407785 0.554135446236387 0.28589966179514 0.5799665583523392 0.20611416766114074 0.6762338326335566 0.23728032955068443
27 0.96875 0.009375 0.978125 0.009375 0.978125 0.021875 0.96875 0.021875