6 0.2778134557498788 0.42773069052907337 0.32294064649261145 0.42998690112891014 0.3189655855115916 0.5094882298558082 0.2738383956899497 0.5072320321081369
6 0.3199038661243776 0.44765115730153193 0.36285742262168696 0.44933548819821506 0.35994119069698627 0.523699615459793 0.31698763479789704 0.5220152938705129
6 0.3438587247665055 0.5424339346390147 0.39453972511194024 0.5542583314922666 0.3804982790173881 0.6144358426915822 0.3298173008364529 0.6026115103100989
6 0.5887936942085616 0.6602193024558288 0.5613045471799296 0.6639673737481999 0.5526637118620101 0.6006001522874745 0.5801525290811469 0.5968521036514712
6 0.5752323578392406 0.5833940386743516 0.6059784040547811 0.578270280693851 0.6149730366232689 0.6322382731423417 0.5842269967758966 0.637362005085091
6 0.6430138349819572 0.5562276938862798 0.6659125188372172 0.6093793293489168 0.6149139400959029 0.6313477991873419 0.5920155733464298 0.578196433762489
6 0.6429107972387555 0.561729533682433 0.6969067264178648 0.5453396430297371 0.7131851773658582 0.598963159950573 0.6591892831918358 0.6153529695401279
6 0.7022955961422213 0.5836336634476417 0.6902690144340795 0.5844353556019272 0.6883539993061731 0.5557096837971934 0.7003805210514429 0.5549079936498396
6 0.6303513413458859 0.49492937240942975 0.6761476377613462 0.4928478979338391 0.6788552608272767 0.5524157752771341 0.633058965099508 0.5544972398203123
43 0.3185339700756913 0.5091950472777483 0.27198886858354854 0.5057474391731994 0.28739816937218166 0.297733284760489 0.33394201831674764 0.3011808446959347
0 0.2941361084323262 0.40017335132583054 0.25051567390426044 0.38967252501418087 0.28523214240112793 0.24546712160994644 0.3288519535283285 0.25596786843423586
6 0.3116717155993456 0.538534103044673 0.3089801636848506 0.5560277181334136 0.2985501262622847 0.5544230956108396 0.30124169063140016 0.536929495854481
27 0.3504386081709754 0.7238769661758513 0.3072597489884856 0.7134394586009166 0.33720000000005257 0.5896000000000055 0.38037777363354053 0.600037368086219
55 0.3009619182834058 0.5248575246263346 0.345971121431603 0.5310455989352941 0.32520739309347846 0.6820554573942875 0.28019820696147235 0.6758674698207908
57 0.2272955464553661 0.47173590049371156 0.2726641040433151 0.4684956087016608 0.28548631683872827 0.6480083923216483 0.24011776493694015 0.6512486342657745
39 0.6799726441672647 0.24965909209380216 0.724171562954325 0.2444314434478094 0.7434732688927852 0.40761944297396285 0.699274358427374 0.41284704838099495
38 0.6713580324520763 0.3241997044766856 0.7139356652287461 0.32371220534648654 0.7164174915238846 0.5404608948930134 0.6738398588939845 0.5409483869714693
41 0.7161241436446062 0.7250940577804459 0.663144246019101 0.7297768115284219 0.6474565306319846 0.5522997026957972 0.700434600658923 0.5476170302135848
40 0.7526863889579545 0.6959712777940796 0.7068165098536383 0.6922725761815106 0.7153965172032031 0.5858870692300632 0.7612654427830421 0.5895857321445915
27 0.97421875 0.971875 0.98359375 0.971875 0.98359375 0.9875 0.97421875 0.9875