6 0.5160306129138235 0.7510518752539631 0.512793964567436 0.7325500798580212 0.5721301821276938 0.722171560161867 0.5753669280235272 0.74067323047923
6 0.5545621906067026 0.675555849093559 0.5543479586750664 0.6605621821545142 0.5942854550672791 0.6599915940286023 0.5944997470496673 0.674985199742644
6 0.5723893127332076 0.6761642805122001 0.5664976521539984 0.7226419258016149 0.5068257561985092 0.7150785022486714 0.5127176682888148 0.6686011523815631
6 0.546208759728529 0.6160074522607443 0.5942748731127949 0.6336706700929092 0.575272310294622 0.6853748326428754 0.5272062459650897 0.6677117109622248
6 0.5260959080115981 0.3363679896790868 0.5715910294346713 0.32322670750632726 0.5868697829813527 0.3761198270605099 0.5413746776359858 0.38926107002174054
6 0.5711585467018949 0.3240918309207408 0.5450388952360754 0.3509699997323527 0.49675087144248664 0.3040459966611677 0.5228704414149661 0.27716791468411617
43 0.3220089993263855 0.7422714528811414 0.32073525822727333 0.6976909716158336 0.5099376540597405 0.6922842410085139 0.5112122879603476 0.7368638120893021
0 0.24323202464654514 0.7779053646396434 0.24105299343955267 0.7285658606915225 0.4118691862063315 0.721021982101708 0.4140491372578481 0.7703605228578305
55 0.5057768853475864 0.7143868900717336 0.512922958773288 0.6684356889666832 0.6784171992896972 0.694167684388698 0.6712720517621165 0.7401180561732426
57 0.6056115594759603 0.7839992188858891 0.5146655329145915 0.8116645227664802 0.49042048257535953 0.7319730941047422 0.5813648821316519 0.7043080541784562
38 0.32683265843741083 0.3165386708295386 0.32897890294623267 0.2736752709084896 0.5137291967585043 0.28292518463146826 0.5115833327027985 0.32578822185502754
41 0.6550698629667977 0.27949923058415793 0.6578561910124563 0.3282352939231983 0.5059581235165069 0.3369185806257747 0.5031721606586643 0.28818286139253996
27 0.96796875 0.01953125 0.98203125 0.01953125 0.98203125 0.03046875 0.96796875 0.03046875