6 0.30970722673146156 0.5553705800770219 0.2712409255316288 0.5544361678891246 0.27284780451418555 0.4883009421919336 0.3113136976704709 0.4892353493916344
6 0.5916399841337352 0.614397393644524 0.5552624023843009 0.6190657956088659 0.5447042317490514 0.5367998766700763 0.5810812883553353 0.5321315089256456
6 0.7073335414499979 0.48736653344776887 0.7379164321405369 0.5154320288659199 0.6895504682723868 0.5681316396544533 0.6589677330640598 0.540066306010093
6 0.6331837606063573 0.6530295637649315 0.6115145821341912 0.6093006498276876 0.6702031101074226 0.58022191091284 0.6918723350667051 0.6239505515781327
6 0.38229680380993614 0.6022984207613338 0.3595366930591126 0.651267216179972 0.3037436650542986 0.6253379862783844 0.3265038449529811 0.5763694711751989
6 0.4586460401384329 0.5367711010543649 0.49066078528312573 0.5360304523970579 0.49262628496830985 0.6209813785062638 0.46061154000824445 0.6217220216206679
6 0.3196308584641656 0.6246665470314842 0.30715958448695346 0.6238587058518708 0.3097105692495461 0.5844824127650823 0.32218175239768243 0.585290250983179
27 0.30861588587958977 0.5029069853433196 0.27420619947372415 0.4984060571786996 0.2924311425082351 0.35908708869812617 0.32684020481008247 0.3635879756250293
27 0.3213274468405416 0.6126453060753572 0.3671409845261451 0.6211170925525313 0.3401056336469992 0.7672974747803972 0.2942921311403097 0.7588258223430916
27 0.5526129937500001 0.36264535000000003 0.5819209046875 0.36264535000000003 0.5819209046875 0.5399709296874999 0.5526129937500001 0.5399709296874999
27 0.6296781443949158 0.5428619168861618 0.6032933469846284 0.5433932716614532 0.600068631479985 0.3832616068818719 0.6264528304031955 0.38273025815177736
43 0.3107716142891377 0.5553712465541224 0.2708597694271475 0.5538199811838227 0.278413834196499 0.3594970994548697 0.31832457405960213 0.36104834300262145
55 0.2939396864896935 0.7480630135739418 0.24585092999927838 0.7382037300967584 0.2837916683641879 0.5531780362833567 0.3318786749324545 0.5630371342531006
57 0.28341036391248053 0.6513835415773166 0.21192544019322668 0.6533680405394642 0.20917922230637487 0.5544306341275868 0.28066284584076584 0.5524461532357775
6 0.6264489625899614 0.5188199364530411 0.6727320696987817 0.5141354133254369 0.6796390109959702 0.5823699465170777 0.6333559079910174 0.5870544427114671
38 0.66189572288215 0.34888129845965654 0.706611421613843 0.34630148305032865 0.7189876885433932 0.5608056158134748 0.6742719931678494 0.5633853919752865
6 0.7162840594245381 0.5506756389969313 0.7385761177271206 0.5960780943436049 0.67860129250721 0.6255215798016236 0.6563095539501091 0.5801193976210604
41 0.7379297938322225 0.7544477564331429 0.68114181247131 0.7584311147588387 0.666910358207133 0.555553227308641 0.7236960637720813 0.5515699486121409
40 0.7293722646547849 0.5692478335502171 0.8019342196984098 0.5765643002177494 0.7925413667650218 0.6697085427819854 0.7199794210614527 0.66239214053671
27 0.97734375 0.9703125 0.98984375 0.9703125 0.98984375 0.984375 0.97734375 0.984375