43 0.3242016831144383 0.5392400374102604 0.28120911475423327 0.5368951397950775 0.2908026416287157 0.36102567083390513 0.33379416762500114 0.36337053983851775
0 0.3096001011924727 0.42719999999999997 0.26919990250712544 0.42719999999999997 0.2692002152953137 0.304 0.30959984984440325 0.304
38 0.6407324229767255 0.3698582143181707 0.6828740603610868 0.36459086367020266 0.7036430994087368 0.5307448990185359 0.6615014733952194 0.5360121888235453
39 0.6744566753943673 0.3132675324380642 0.7187805388934976 0.31150873191001177 0.7243376418537082 0.45154857549132543 0.6800137792114356 0.453307361593327
41 0.7162864609766757 0.7102434896526769 0.665829635042428 0.7189345887763837 0.6402410873511144 0.5703929986891003 0.6906964805947382 0.561702024640077
40 0.7593582211139847 0.6822158595270232 0.7121424978366804 0.6903028509541883 0.6874683090488816 0.5462571374237246 0.7346827880618321 0.5381702538920886
55 0.3006086156623269 0.5705829474673502 0.35068914686166863 0.5766014701377621 0.33193856086654705 0.7326073385464167 0.2818580450908712 0.7265889090540971
27 0.3644002021612778 0.5256150374097243 0.32686037487394515 0.525473919099556 0.32730237378484617 0.407988355423294 0.3648415912761038 0.40812947260902027
27 0.6539963746160993 0.5212225721877007 0.6132908495357015 0.5198988955370569 0.6175881621160215 0.3877654807648 0.6582929604037417 0.3890891457823502
6 0.6144000000000001 0.5096 0.6628000000000001 0.5096 0.6628000000000001 0.5664 0.6144000000000001 0.5664
6 0.3724357077320519 0.5212173307302349 0.3608810225356365 0.5738519054803216 0.3133186132603214 0.5634114708859179 0.32487344863045564 0.5107771094013215
27 0.984375 0.94453125 0.990625 0.94453125 0.990625 0.96796875 0.984375 0.96796875