43 0.3107146206790503 0.462626165780662 0.2662894931296478 0.45892426095284833 0.2816389040925742 0.2747366918491416 0.3260630900771275 0.27843855657178446
0 0.2896284225777208 0.3564247348012679 0.2417718294700535 0.34394071433901596 0.27658706809893374 0.21048375026504884 0.32444312309803536 0.22296769720920914
38 0.670956434988284 0.2885887977526135 0.7153584822438006 0.2854173750753782 0.7288426562492987 0.4741971070241464 0.6844406132252061 0.4773684938890674
39 0.662825612575034 0.22108475025673438 0.7218623527772934 0.202701014750528 0.7659973211700617 0.34443117664193207 0.7069606335983281 0.3628147941769563
41 0.7439296113259388 0.6496443965048253 0.687267741175333 0.6575641115299845 0.6640093639780389 0.4911723612252752 0.7206696198610416 0.48325275990474015
40 0.7322529391587977 0.498005275643962 0.8073318839064996 0.49953735326219917 0.8048649538383188 0.6204175237554896 0.7297860093285635 0.6188854618796796
55 0.29193341650773164 0.47651746288290797 0.34686513828796706 0.4870115435932618 0.3153196305833035 0.652122779327132 0.26038795026227035 0.6416288495734769
57 0.28537045005236905 0.6130483719945028 0.21224948157453127 0.6193153018976565 0.20262971120178008 0.5070770626641585 0.27574932166965027 0.5008101901501587
6 0.30964208001466886 0.46216988121233843 0.2660856550307926 0.457920714428781 0.27376623735119665 0.37919674736832576 0.31732222283324063 0.3834458925297262
6 0.3086459179249914 0.41513458544065973 0.3504825054720868 0.4125199574604112 0.35576966246787833 0.4971144815596652 0.3139330762521695 0.4997290941164921
6 0.2718363209199879 0.49243136632733553 0.3100968963850619 0.47148091484375815 0.3524377958990499 0.5487995479733074 0.314177323880358 0.5697498528877398
6 0.3367642970806628 0.512642546491885 0.388028312852839 0.5154902925050941 0.3836504556239788 0.5942916253570073 0.3323864413926003 0.5914438983352999
6 0.6630689423424201 0.5237158389872194 0.698434048741774 0.5738113911514576 0.6429336119576874 0.6129879067359729 0.6075688347389132 0.5628926496376845
6 0.702465584889751 0.4821694235090911 0.7447639960810193 0.5069946150819076 0.6981053399808843 0.5864870296914861 0.6558070663684248 0.5616620240450032
6 0.6804255668633914 0.402962397894771 0.7232824792956762 0.4010144654964587 0.7265641303297343 0.47321079358876433 0.6837072185312536 0.4751587166006859
6 0.6335453100211907 0.4294039008485832 0.6801829902652798 0.425906308632235 0.6863358714733749 0.5079449878283426 0.6396981935067743 0.511442559541154
27 0.97421875 0.953125 0.98359375 0.953125 0.98359375 0.9609375 0.97421875 0.9609375