43 0.4950951653502216 0.6712712362986402 0.4945102353403854 0.7116971673822208 0.30186040345847687 0.7089079510834644 0.30244613916124763 0.668482846881446
38 0.31315799752940165 0.3563749331175999 0.3068760784354936 0.31333835203355737 0.4911555070149234 0.28643963106935616 0.49743775312128946 0.3294758396868511
41 0.703016063869768 0.2789492167161494 0.7112774439917757 0.3275518591655154 0.5440769823876508 0.3559703777296893 0.5358160465159472 0.3073681198095321
40 0.5616737666681502 0.27730444309811275 0.5775271605211856 0.20545926079247676 0.6779803674761524 0.22762484037880376 0.6621272983669542 0.29946974356882294
55 0.5283862993060211 0.7053556402359743 0.5446454994279293 0.6536664329068226 0.7068634049560387 0.7046848523911826 0.6906053129713428 0.7563731161095173
57 0.6757291399395626 0.7332459826236912 0.6824480075927113 0.7990850020873035 0.5731662839357341 0.8102340670290948 0.5664483403928671 0.7443959005040711
6 0.5377642141994556 0.7231141186987879 0.5187140785801603 0.6859572534211986 0.5947964554770806 0.6469556670049672 0.6138466394152147 0.6841122026139884
6 0.6548142260771783 0.6407870262028311 0.6526161653954432 0.6724085479535893 0.5654836593420214 0.6663520685529859 0.5676819740406245 0.6347308200222329
6 0.6355100557125297 0.6095799313327381 0.6323055598493283 0.642507262833784 0.569778246779606 0.6364225413688216 0.572982917203376 0.603495406487072
6 0.525635207098162 0.6319052534420563 0.5165260557536158 0.6805761119711562 0.43738195523815193 0.6657650633223696 0.4464914011332439 0.6170945912412891
6 0.6388080829553928 0.38154158136627064 0.6388082466420428 0.41725596726207526 0.5712209374851227 0.4172560293903183 0.5712209205609042 0.3815417880753034
6 0.6586268771388859 0.3481953334945004 0.6564285390802524 0.38885927672161186 0.5639815262888987 0.38386131474330654 0.5661800616893515 0.3431975776336105
6 0.6186339290236447 0.33047247638072375 0.6011254545472866 0.3677407206581164 0.5265869774686962 0.3327238292447573 0.5440954872651673 0.29545574099524996
6 0.44821721636924394 0.3832963552482307 0.4445017304809653 0.3336614307655967 0.5147082717360263 0.3284061916888291 0.518423932095402 0.3780409258600351
6 0.49087532750502305 0.28682410521432994 0.49637517905648565 0.33203569943133987 0.41626465546312374 0.34178036927547556 0.4107649967809266 0.29656895168820735
27 0.3152508722489529 0.3776914956866418 0.31563931199934814 0.33887776298451905 0.45500802327990186 0.3402721932544704 0.45461988345334703 0.379085622593122
27 0.95390625 0.00859375 0.96953125 0.00859375 0.96953125 0.02109375 0.95390625 0.02109375