43 0.2996372495774722 0.5114420646484638 0.249586940503832 0.5097911333280524 0.25600013537234645 0.31539851830435406 0.30604918227106737 0.31704942838064465
0 0.259098155233346 0.44882511768898375 0.20995139883234515 0.44073723594294784 0.23934901871473357 0.26211089478994337 0.2884948437492767 0.27019869896615756
38 0.6978815953658568 0.3177929812306471 0.7409379353814529 0.3173977275431538 0.7427323710169276 0.5128624590915999 0.6996760311351409 0.5132577078689686
39 0.7159986694252893 0.2830520406665763 0.7604892430955488 0.27655807206144045 0.7850520460440293 0.4448333026019888 0.7405614865592725 0.45132721004273096
41 0.7467350778749733 0.7059235960053551 0.6936962819115706 0.7096098555637943 0.6811265816436389 0.5287623466042737 0.734163604632613 0.5250761482126483
40 0.744719522553055 0.5137573070770697 0.8090904376398385 0.5283361184491968 0.7846297739096144 0.6363284390557208 0.7202589047407173 0.62174976969676
55 0.25930441131947646 0.5226040470310659 0.31466071539193763 0.5266236845774338 0.3007528928234251 0.7181339951827305 0.24539659638639932 0.7141144301417616
57 0.2810627678692299 0.6109651171947096 0.19612646403550116 0.6397659011323309 0.15919847079715055 0.5308703461393948 0.24413321364522744 0.5020698499562425
27 0.3831270137101228 0.4927224962142136 0.34942583921838377 0.49470739103683276 0.34029870094730086 0.3397403602944456 0.37399925065801654 0.3377554831892137
6 0.34637481133313486 0.48115407942832017 0.3865685212806511 0.48332687673787017 0.3828458806456183 0.5521850829657169 0.3426521717334481 0.5500122974542272
27 0.97265625 0.9640625 0.98359375 0.9640625 0.98359375 0.9796875 0.97265625 0.9796875