43 0.5074728046391783 0.6996524710077466 0.509046247512174 0.751424290820447 0.3175629454846103 0.7572404391036222 0.3159906360237983 0.7054697273258368
0 0.5000004136911684 0.8047316375 0.2943302243594417 0.8047316375 0.2943318519814966 0.7556497171874998 0.49999965707354477 0.7556497171875
38 0.5370638576114288 0.27189258244568 0.5370640543593481 0.3160310756850715 0.3350289244318674 0.3160310321819391 0.3350291281867612 0.2718929574712528
39 0.3605894033420327 0.27528778084361827 0.35835133135446995 0.2301431901105479 0.5045925119462709 0.2228930366675023 0.5068308233073822 0.2680373750680449
41 0.5606347431282757 0.34221767713781487 0.5589389319517295 0.2863678100004393 0.7300566370305432 0.2811717749650904 0.731752887806806 0.33702118037620493
40 0.66332389966351 0.2327429783446445 0.6515023137949356 0.30189285021347245 0.532745135518212 0.281590632928007 0.5445669757735914 0.2124410975481892
55 0.5282789738682823 0.7403010534241633 0.5325357145325142 0.6793540846201241 0.7181203946238384 0.6923131021977756 0.7138649694219339 0.7532588163602325
57 0.656017201831105 0.7389872939986576 0.658960633029551 0.8063468605339962 0.5373149913256157 0.8116599658093838 0.534372567092305 0.7443013596157169
6 0.6159525417659779 0.687602656682685 0.6045828542592062 0.7519461530175627 0.5277906244299402 0.7383782164007047 0.53916073556843 0.6740352588986543
6 0.5667060551636496 0.5323504421666184 0.5670711511933177 0.5593878052709464 0.4856142848250329 0.5604872664479784 0.48524937444574334 0.5334500861079471
6 0.4847383734375 0.505296609375 0.5661337203125 0.505296609375 0.5661337203125 0.5338983046875 0.4847383734375 0.5338983046875
6 0.5459312014371562 0.31658715330608783 0.5444294556923523 0.3660429056048004 0.4598618698400969 0.36347476498603576 0.46136382534166387 0.31401922837290186
27 0.95 0.01484375 0.9703125 0.01484375 0.9703125 0.03203125 0.95 0.03203125