43 0.3622174548969497 0.6824670889723264 0.3668323509152742 0.6382162631240524 0.5484499634119402 0.6571531551014225 0.5438359645833089 0.701403160163881
0 0.48706161936911485 0.6899410415454208 0.4788786408307715 0.7343848623297979 0.34528991476133797 0.7097910517910712 0.35347338406552353 0.6653478760471836
38 0.373070447541636 0.37414105280422894 0.3674799866577132 0.33277790160770765 0.5339887725052677 0.31027346535580785 0.5395795393794742 0.3516362614405534
39 0.4562751507824032 0.2969963172271439 0.45534648093052965 0.34090087859204904 0.3134403911984691 0.337898853635557 0.3143693563507668 0.2939946062380804
41 0.7181681032444658 0.3087976764713583 0.7240392859315534 0.357748283145965 0.5722184755870785 0.3759562502997851 0.566347718590805 0.3270060226359471
40 0.571983607726338 0.3146734450057354 0.5785131984279133 0.2562051908882824 0.6754772501528805 0.26703359848862296 0.6689479386442372 0.32550159248499755
55 0.5718174224036829 0.6799633442898684 0.5803214409911561 0.6307172716180109 0.7327820163670822 0.6570408081270355 0.7242788782792786 0.706286092527133
57 0.5655204613826754 0.7314288532586434 0.5722459309555461 0.6813960123321705 0.7035665451235218 0.6990450794988954 0.6968418763369755 0.7490771955780409
6 0.5485312045392448 0.6593865472930195 0.5410983612983955 0.7026646898427673 0.4607998706927674 0.6888751890489977 0.46823299813354424 0.6455974088377826
6 0.616749660530445 0.6219034458742825 0.6562145407782509 0.6559648212948309 0.613580091797985 0.7053560076065358 0.5741154223246667 0.6712948569216199
6 0.6024708240069003 0.6442715839285806 0.6024710937563214 0.594059270919292 0.6729650881484304 0.5940595731311251 0.6729651527496117 0.6442715522786675
6 0.5687803806292777 0.6121094607605538 0.5671663013915804 0.6585527892443634 0.48854987897686897 0.6558204392114836 0.49016429789276117 0.6093774632375584
6 0.6640969139785966 0.35846316478748386 0.6721442333497407 0.40807753493681276 0.6028788423698188 0.41931144499392603 0.5948317551558375 0.36969728279917097
6 0.5766001283222977 0.37865608784046606 0.5669320148452925 0.328981801810104 0.6347735417760987 0.3157782212270281 0.6444417914738096 0.36545232787001886
6 0.46031119226540795 0.35880537199864804 0.4578658009331775 0.3185986427180826 0.537615609921545 0.3137483181100701 0.5400611551139036 0.3539548815591741
27 0.95390625 0.009375 0.96640625 0.009375 0.96640625 0.0234375 0.95390625 0.0234375