6 0.3284838530111074 0.421078427037938 0.29042112216473015 0.41799627571641795 0.29750378675896627 0.3305360489232757 0.3355661337144511 0.33361818453297204
6 0.3713854646156278 0.4470380646646141 0.3247875491741752 0.4465563701910981 0.32577041050274147 0.35150904783840053 0.3723677830151928 0.3519907394907903
6 0.4188168980139153 0.43339435810723037 0.3925007851320288 0.4350620638296914 0.38822480169994833 0.3675891976720323 0.4145407000113437 0.3659214987292514
6 0.5353106581411566 0.40624987537029733 0.5353109046334339 0.5029071286202438 0.45939252750577 0.5029068970402963 0.4593927895462002 0.40625015668586356
6 0.6567892275182885 0.44722150630877866 0.6080313422069139 0.4522086691520622 0.5998755809207523 0.3724738471023217 0.6486329835724973 0.3674867090754217
6 0.5864599039998666 0.49748102257159565 0.6440064028904544 0.4801736420520512 0.6643219581987978 0.5477168848300188 0.6067755016679257 0.5650241679375935
6 0.6749896172817671 0.5364600667878741 0.6261978542771658 0.5112735639126401 0.6685740300081306 0.42918849576413237 0.7173652388545406 0.45437482420922765
6 0.5775134843984233 0.6021904399687066 0.5457599507303712 0.6029429662857047 0.5438083696491276 0.5205909729333045 0.5755614566644454 0.5198384519070369
6 0.5675162280226687 0.5122509801943089 0.6010273100916947 0.508899060986789 0.6098961195607444 0.5975577491193267 0.5763850411351541 0.6009096431434353
6 0.40270893321667245 0.5132045580395092 0.4276162424721406 0.5152213474139353 0.42140352349417753 0.5919413614026795 0.3964962158540857 0.5899245851290807
6 0.377689673996656 0.5034058520146593 0.406217128284311 0.5078766779780649 0.3949580116116067 0.5797126362637487 0.3664305636161771 0.5752418370746606
27 0.29569440714021766 0.22233734827956667 0.33211417154950595 0.22088011400005658 0.3379241229464469 0.36608125549699466 0.3015043588129629 0.36753848030319713
27 0.366172438890203 0.3742732611995768 0.3334765084725859 0.3729603925725456 0.3392244867679892 0.22982045193939785 0.37192001311495915 0.231133312797315
27 0.4028375363121768 0.22708954782411675 0.4269759566113862 0.22880882354988247 0.4164406785466781 0.3767192642822684 0.39230225937501473 0.3749999999999976
27 0.36843248718196264 0.5570116619052733 0.39477401093745357 0.5603197671874959 0.37828184207035065 0.6916272026442611 0.3519403256808573 0.6883191393755911
27 0.3964556009924536 0.7134537060325346 0.377415855446543 0.7103704369521241 0.39868674910303525 0.5790388672966431 0.41772598906254643 0.5821220937499991
27 0.5910270935947892 0.7135279040926191 0.5682135989051176 0.7162057080694026 0.553811368139236 0.5935207931377393 0.576624293750001 0.590843023437494
27 0.6080508002695524 0.5799416345206684 0.6339408141543572 0.705718085013093 0.6092229848134139 0.7108051999285051 0.5833333328124581 0.5850290703124766
27 0.604644415725943 0.5382674485143024 0.6520733148762474 0.5294230563265585 0.677900592829701 0.6679096679792341 0.630471724169638 0.6767539447370478
27 0.7265567965274613 0.6133817210277113 0.6801785092745831 0.6240168527340446 0.6510097518432758 0.49682686599980236 0.6973870062499827 0.48619186093749406
27 0.6584366262983394 0.2747967150262208 0.6966557393642461 0.27792220975207105 0.6889959474235638 0.37158478359984304 0.6507768359375632 0.36845930312500197
38 0.6580048404513263 0.27479803609691483 0.69668019456617 0.2780437150392732 0.6883928664012728 0.3767921741020174 0.6497175140625586 0.3735465109375041
41 0.7254786398950728 0.6187803132235494 0.6676226469527364 0.628400359814882 0.6371914484114996 0.4453954974907346 0.6950457504921133 0.4357755936469868
57 0.2778956090483007 0.5392441859375 0.23799423526702412 0.5392441859375 0.23799451390323156 0.4527616265625001 0.27789536851821595 0.4527616265625001
43 0.30093829036252373 0.21678568768798837 0.3414588834056076 0.21866066996397632 0.332119415689931 0.42049213698338916 0.291598824267453 0.41861717318598884
0 0.31975253878465537 0.29036457661376813 0.27827553694237395 0.2941431246366755 0.2630426315289469 0.12693212671337414 0.30451917194272937 0.12315360048174735
27 0.978125 0.95625 0.984375 0.95625 0.984375 0.96875 0.978125 0.96875