6 0.5402457036490205 0.3247303803831052 0.5394145397556258 0.36961878157322914 0.4685054262175754 0.3683056579075272 0.4693367554350516 0.3234174264640974
6 0.41661085137923237 0.38843429682195785 0.3824553374053039 0.36487964046878585 0.421920110580686 0.3076559794222832 0.4560754433252896 0.3312105481654152
6 0.474559249241679 0.7132431823718527 0.4692892242949256 0.6675742107376047 0.5360612993104041 0.6598700060121946 0.5413316017891248 0.7055386557579735
43 0.4844156359540648 0.3279253889980652 0.4833337422380737 0.28438965704918784 0.6686102241133085 0.27978486953908477 0.6696924831885553 0.3233202312841808
0 0.5159948220513115 0.28625728559150276 0.5211662620183688 0.2506337067988622 0.6615625037404698 0.27101413760238763 0.6563913039054796 0.3066374999593101
57 0.4127894612250884 0.2887923983758691 0.401058370804094 0.2167299264700356 0.504992239862986 0.19981073598106547 0.5167235579474436 0.27187291842727723
55 0.4856212979564134 0.27828084886460625 0.48335865464878225 0.3293004356436819 0.32968814467437824 0.3224848659097003 0.33195112871862875 0.27146563926795847
38 0.470539025561834 0.7078268030967083 0.4714327014612536 0.6631724875829151 0.659581154128773 0.6669362370119208 0.6586883733176592 0.7115896653138533
39 0.670854641204528 0.6828426367914755 0.6766161748197419 0.7289231829178153 0.5098219950886005 0.7497721561924804 0.5040613872308768 0.7036924375104024
41 0.30354758883163413 0.7235614719606837 0.29986839497405526 0.6672589382911075 0.457953467436937 0.6569290868257119 0.4616335324276406 0.7132306893899494
40 0.4842611131707599 0.7195422332452304 0.4735471926446735 0.7935604661237128 0.37256730884121225 0.7789453680296204 0.3832819411198898 0.7049279879637468
27 0.02421875 0.9859375 0.03671875 0.9859375 0.03671875 0.9953125 0.02421875 0.9953125