6 0.2759875110359644 0.4481705793343687 0.31799422990843595 0.44898807613723496 0.3163150488900328 0.5352659133526375 0.2743083301572824 0.5344484218651295
6 0.35149404595119904 0.5662015659973357 0.30751870260689884 0.5612260051688056 0.31579410965787247 0.4880946619908956 0.35976893316001224 0.4930701929348739
6 0.34299461090802197 0.6377757412274111 0.29231019493386157 0.629299430859602 0.3021771789314016 0.5703076885294996 0.3528610498101443 0.5787839524300175
6 0.33285406890581726 0.6395878101156535 0.3547340235680849 0.5941065725693584 0.40767332504833576 0.6195714382347435 0.38579367194552106 0.6650524184136356
6 0.6475161998528165 0.5867018647926573 0.6802916427327546 0.6196556831073304 0.6272262595132361 0.6724272221578018 0.5944510538213308 0.6394736404106711
6 0.6683862713981625 0.6398529211191618 0.6360745152873051 0.6024244387911242 0.6928482141895529 0.5534175600984156 0.7251597987360583 0.5908457870097464
6 0.6288111666984832 0.49239300966932215 0.6743144243090455 0.48591351198221405 0.6851874115600367 0.5622644976186443 0.6396841625662546 0.5687439550469777
43 0.3111833553152792 0.5362803285930787 0.26662189473427134 0.5290534959181911 0.2930705156869635 0.3659831184811263 0.33763096167376716 0.37320986603667494
6 0.6993001075485381 0.5393195275970669 0.65962409678923 0.5212750452059757 0.6940646062782889 0.4455539626695098 0.7337401891312538 0.46359833182244814
0 0.27899796062285986 0.30628659971476707 0.31386759871838876 0.308475691593711 0.3043555983016404 0.4599842269236132 0.2694859620576153 0.4577951547148753
55 0.30002126162662535 0.5701358385678444 0.3500348827085418 0.5738791615419115 0.3387265522197822 0.7249487397417272 0.28871293726024305 0.7212054725497589
57 0.25495298480404927 0.5591476293606759 0.30225070148787836 0.5606009274758526 0.2979548163407344 0.7003949402781143 0.2506571004497573 0.6989416615885068
38 0.6477471672176307 0.3628361838035211 0.6945560788652756 0.35449641940050336 0.7257985294472746 0.5298422910119484 0.6789896449588468 0.5381819530965718
39 0.723792569642228 0.4269196365577577 0.6771492457140766 0.4327552034732999 0.6599816454544225 0.295538721304029 0.7066242433501202 0.28970320133713534
41 0.6488180057261843 0.569767475356466 0.7034734111313128 0.5583716633643262 0.7346181975246964 0.7077277419547251 0.6799628439980552 0.7191233852900485
40 0.6979628013685897 0.6361002943802461 0.7247181151076347 0.5403925566735762 0.8020941609721604 0.5620211442649531 0.775339673287931 0.6577281687168341
27 0.97578125 0.96171875 0.98984375 0.96171875 0.98984375 0.96953125 0.97578125 0.96953125