6 0.6006494827651068 0.3424020913347893 0.6033120121044249 0.3861758820243105 0.5372121659801223 0.39019603134841047 0.5345498071496877 0.34642240316365136
6 0.6185150031254807 0.36148676419429693 0.660672830350677 0.33816055583437377 0.6903701302753689 0.3918307794007554 0.6482123613676549 0.4151569054777022
43 0.5789315189292665 0.6636022418435091 0.5775496935550564 0.7025611009077719 0.41462484336102534 0.6967815239917884 0.4160073003341722 0.6578233237266646
0 0.5144186812156022 0.6853218603418819 0.5147895609267152 0.7213349957583726 0.37530542720980975 0.7227700051389983 0.37493509095668287 0.6867574099271074
55 0.5837471120579494 0.6980852649683851 0.5890224342197143 0.6537861136567978 0.7442085678109152 0.6722631107235609 0.7389340418683332 0.7165615286413601
57 0.578000923068771 0.7265473414001477 0.6051224844837861 0.6782926235310136 0.685855298911406 0.7236613399501182 0.6587343086756619 0.7719155643865131
38 0.4100623341186065 0.3568791031011937 0.4071970866763195 0.3163077519442147 0.5772310137703016 0.30429923325361324 0.5800965849618933 0.3448702468870754
39 0.38576732516287393 0.3353176993496374 0.37983959413406865 0.2954452530200784 0.5238815599009286 0.2740311111142891 0.5298095134091909 0.31390329237039777
41 0.7521900757463982 0.2929882892717547 0.7594897858051581 0.3420312198938652 0.5997753956726228 0.3658018217627563 0.592476121237155 0.3167592669385134
40 0.6120637397058317 0.24075595437150157 0.6893155668095687 0.2963243253533146 0.655374012758557 0.34350894036910284 0.5781223037477048 0.28794071073313254
27 0.95546875 0.009375 0.96796875 0.009375 0.96796875 0.0234375 0.95546875 0.0234375