6 0.5425025968963837 0.6663908414738403 0.5396126910223984 0.7113603655888222 0.45674277008947683 0.7060350503351821 0.4596330386958698 0.6610659157223168
6 0.47943636650279586 0.6619576711941864 0.4828457989691515 0.6171207398795077 0.5509021795038507 0.6222950975444067 0.5474930663978057 0.6671317292243768
6 0.5366820836813986 0.7048821556522962 0.5388214065762895 0.6565324051447778 0.6163286866997169 0.6599612676043785 0.6141897696594469 0.708310628212445
6 0.5776599334921002 0.5967103322830343 0.6295169399796805 0.6194601872415204 0.6050295866193665 0.6752708176486562 0.5531726604986034 0.6525210971211552
6 0.6296674156578774 0.5855129849926305 0.6230600618961262 0.620428925562469 0.5761250047262365 0.6115479386529983 0.5827324736261517 0.5766321506158214
6 0.591914801047551 0.5842213678421992 0.5972775425246937 0.5548338027798746 0.639056312837738 0.5624569521590506 0.6336936948046059 0.5918444085045786
6 0.5072771400734837 0.44368096154293757 0.5030807712701062 0.4113399616743328 0.5688035679794439 0.4028125581645405 0.5730000536993884 0.43515342030832704
6 0.5024092546997281 0.4148855200911621 0.5015265633750232 0.3831358975509624 0.5612011906187035 0.3814768759517401 0.5620839935666027 0.41322638340932505
6 0.5874873775175047 0.43218027884439547 0.5819549803887867 0.39807044395230096 0.6345423517385598 0.38954150072104565 0.6400748398099267 0.4236512226559214
6 0.5567520124606062 0.36143786940172096 0.6067092896208806 0.33039834951162916 0.6406126864692396 0.38496282005228527 0.5906554949775682 0.41600222739406484
6 0.538328100207309 0.31282574811914676 0.5847357191283891 0.27949077373879605 0.6269924330165395 0.3383171317332733 0.5805849129254739 0.3716519871370695
6 0.4716569765624854 0.31612447031253005 0.512149196671885 0.2897720539151802 0.5421623606280264 0.3358878611419757 0.5016701970042732 0.3622402057005557
27 0.49320085535657654 0.3103619480642852 0.49272820824057817 0.34437250604969144 0.3777822708658505 0.34277459982692426 0.3782551100476894 0.30876422760095507
38 0.3762459567510632 0.34275787469325664 0.37724229132629716 0.29977504775675784 0.5362071147393408 0.3034591723401576 0.5352111248087112 0.3464416689145084
41 0.7111559292940228 0.28983242598911174 0.715382908668289 0.34567354581981347 0.5410792713164483 0.35886632216293785 0.5368528019394034 0.3030256790360143
43 0.5451948599624075 0.6679443429597494 0.5409798791727098 0.7120457067704694 0.338663301077645 0.6927097592445093 0.3428791066754684 0.648609336083901
0 0.4622090516664912 0.6884720245263667 0.46220957096829807 0.7312587714800498 0.28270334818114407 0.7312590225479907 0.282703658508467 0.6884731145191821
55 0.5328681268454147 0.7032210989014909 0.5397957250859236 0.6505553248107953 0.70003477093735 0.6716294246553027 0.6931081621050907 0.7242942946571069
57 0.5326197095480438 0.7795391264753544 0.5306985445929513 0.7124083180678046 0.6511903462982218 0.7089602769888756 0.6531124010290341 0.776090167261949
27 0.965625 0.00859375 0.975 0.00859375 0.975 0.02109375 0.965625 0.02109375