6 0.3140948072000356 0.4990373692946081 0.27455754031052493 0.4965283108368983 0.2795711899699427 0.41753294000834834 0.31910802039908504 0.42004198455642655
6 0.35714305046576555 0.5210755828125 0.31117380238913483 0.5210755828125 0.31117409268847496 0.4404069765624999 0.3571427938237548 0.4404069765624999
6 0.27493987061029657 0.5458977254404298 0.29370713976493334 0.499284065297016 0.3494525529472412 0.5217260336876448 0.33068555320699033 0.5683394652395604
6 0.32983293685583703 0.5374518867770983 0.3843622599556511 0.540483812808668 0.3807854217362774 0.6048071496186116 0.32625610006755323 0.6017752406158501
6 0.6135077796875521 0.61555232656254 0.5944353894095684 0.5745698527356886 0.651833425793825 0.5478606743345376 0.6709058735627877 0.5888429217493671
6 0.6636130701823504 0.5880780334718407 0.6473666474196307 0.535382938489941 0.6994579531562977 0.5193241114804021 0.7157045117102143 0.5720189684884996
6 0.6621236339068446 0.4319761742123055 0.7028442623751516 0.4291459161691512 0.7079525947013963 0.5026378595070298 0.6672319676777079 0.5054681026614942
6 0.27054178288778985 0.3883537198099913 0.2557662399617584 0.38911045068852673 0.25384597746176496 0.3516173100340114 0.26862145833513296 0.3508605807417111
0 0.27762204109558297 0.4494052807751615 0.23219386185792246 0.43777232395681454 0.27089850998686416 0.2866344074564828 0.3163259373100118 0.2982672634812326
43 0.3128207646177543 0.4998878651356331 0.2716369568410073 0.494930152500681 0.29517470281427904 0.29941741340987726 0.33635751750625786 0.30437506494779665
57 0.30934266662052323 0.5971735921398392 0.2477624674679646 0.6158985268704719 0.21262102324965326 0.5003391413413598 0.27420005454337115 0.4816143974039059
55 0.2833273528929112 0.5031188970945152 0.3373986406555787 0.5060969631533454 0.3276478692234832 0.6831191889713709 0.27357658545986396 0.6801411706327395
38 0.6552920739225101 0.3061550753844002 0.6973622831018247 0.3040376254763672 0.7074595592624746 0.5046447492881572 0.665389352329953 0.5067621729195516
39 0.6767112063948844 0.2726235911417387 0.7168909950581792 0.2682092451565214 0.734656031534314 0.42990288738735327 0.6944762491488063 0.4343171952415319
41 0.7260699218110176 0.7079258055753409 0.6758780604775438 0.7143713838985666 0.651597066405202 0.5253114606235509 0.7017871561480433 0.5188659973194681
40 0.775814620864935 0.6216912496150967 0.7035687451476633 0.6203648788388718 0.7056649954683962 0.5062327537861936 0.7779094473962687 0.5075591114447386
27 0.975 0.971875 0.9859375 0.971875 0.9859375 0.9734375 0.975 0.9734375