43 0.5219782830331496 0.6804920357795995 0.5173111114071389 0.7274588823634603 0.3395529947677005 0.7097955483126795 0.34422095190438995 0.6628296035318862
38 0.5165089813709756 0.26751315897070144 0.5234122331822846 0.31527232405314554 0.3578871212390595 0.33919633822798073 0.3509842800341403 0.2914375422693416
39 0.32936606977887095 0.31107013528220956 0.3171111948796579 0.26418199545172916 0.45582632148637003 0.227927456742525 0.468081371011408 0.27481531021047034
41 0.6917407511911051 0.24281124800671097 0.7031785975124194 0.29885303729570434 0.5388395183746297 0.3323920725372216 0.5274021377940699 0.276350683049791
55 0.5307505334200187 0.7009750212712985 0.5453785968229568 0.6405262439764903 0.7080364818056069 0.6798817490318059 0.6934096526124449 0.7403294565915554
57 0.5183061925528136 0.7621695280613319 0.5205134419823025 0.7054460810515039 0.6727182013447646 0.7113670454889582 0.6705119590833419 0.7680895174148014
6 0.5822329509859401 0.6337494884720851 0.6227121712556709 0.6724106904037321 0.5668531984281344 0.7308878223210206 0.5263742975614605 0.6922269453422639
6 0.47999995006182417 0.6792000133202301 0.48000022943688236 0.6315997668505127 0.5583999628125866 0.6316001101595915 0.5584000558534399 0.6791999840640781
6 0.5751998713334388 0.6540000085126868 0.5752002191551355 0.5959998022689532 0.6551999593916662 0.5960002284011189 0.6552000538750917 0.6539999905557846
6 0.6429119518199968 0.3150096761434536 0.6485756923794952 0.36598051169363427 0.5777610478689894 0.3738487281593712 0.5720975155187489 0.3228780835712265
6 0.4942038695537576 0.3654995818668201 0.48867151719196045 0.31755326100639236 0.55605122387351 0.3097787832705503 0.5615837213877057 0.3577249374621288
6 0.5227063861286751 0.2738460357604141 0.5207459489918165 0.3208977634876962 0.4465579810404279 0.3178065567753926 0.4485185685534816 0.2707549857139378
6 0.5221431758748167 0.29750175254855415 0.5446720838037891 0.2569509932079154 0.6203396754950745 0.2989887852809623 0.5978109522283148 0.33953938582564197
27 0.9625 0.01171875 0.971875 0.01171875 0.971875 0.03046875 0.9625 0.03046875