43 0.4731103530876908 0.6790253619262953 0.4731106643101839 0.715748644254498 0.2812497045938471 0.7157483246210561 0.28125014084594113 0.679025803370182
0 0.4654608995090257 0.7198348140030605 0.4605420857108129 0.7559878447534525 0.26572298417568163 0.7294836561348386 0.2706424513761476 0.6933314169075487
38 0.47217041527619585 0.29706446104363793 0.47447027362920835 0.3349280274472773 0.29368683944449003 0.34590766399827766 0.2913873353643339 0.3080444360537355
39 0.29288757362587603 0.31246705514460954 0.2899893878191051 0.27965922924807257 0.4711659921189266 0.26365411556385454 0.47406441572320546 0.2964616858224372
41 0.6728179065567019 0.2760441698547705 0.6786355577005452 0.32127301364972793 0.4946783138157116 0.34493304586830964 0.4888610965826956 0.29970458398933125
40 0.6116996871788842 0.19064901074710475 0.6484673062298043 0.24068964037922153 0.5514546301741348 0.3119685514006511 0.5146872643327924 0.26192815126621416
55 0.4926107642426132 0.7120115026703226 0.4965272669977594 0.6640681820437669 0.6750663939402557 0.6786500120286522 0.6711508696416786 0.7265924103890936
57 0.5155112423932451 0.7480687018788996 0.5483465253180384 0.6927868462157538 0.6591301623407162 0.758576859948131 0.6262958201451738 0.8138578972266562
6 0.567444014585476 0.6794812608868873 0.5487334500021461 0.7289862028569505 0.4899169634225018 0.7067592559964664 0.5086276676979651 0.6572546418634146
6 0.6139182931943878 0.4104841102375136 0.6143866864612164 0.4384327207271784 0.543126517944188 0.4396266623708814 0.542658255642209 0.4116781799380676
6 0.443313953125 0.37111581875 0.505087209375 0.37111581875 0.505087209375 0.40466101718749997 0.443313953125 0.40466101718749997
27 0.45276144333547563 0.3742937464869116 0.4527616379806432 0.4050141230070209 0.30377903058126776 0.40501415078384106 0.3037791077259726 0.3742940395149593
27 0.7317181826283559 0.4072900028700983 0.7323698815437183 0.4287437780446217 0.5980352290853261 0.4328236438629874 0.597383720312564 0.4113700562499594
27 0.9609375 0.01953125 0.9703125 0.01953125 0.9703125 0.02421875 0.9609375 0.02421875