6 0.24859524754890572 0.5843954121669402 0.3024823888033552 0.5831423722875524 0.30437081256741294 0.6643449225864161 0.25048367169483754 0.6655979527640653
6 0.24251692534687663 0.5221747518925238 0.28272815946752416 0.5192429659646917 0.2881658371833282 0.5938172164823675 0.2479546049861483 0.5967489837925296
6 0.33046653320457153 0.5333027709883277 0.3329056566557256 0.6028033231380836 0.2842496205706766 0.6045104940939585 0.2818108007073761 0.5350102365915761
6 0.624 0.5544 0.6804 0.5544 0.6804 0.6216 0.624 0.6216
6 0.6783121302241852 0.5394778438621916 0.7271247338555895 0.5401200501704564 0.7261839028495842 0.6116234270262173 0.6773712993215213 0.6109812247407193
6 0.614762190965962 0.6738720932813788 0.611957797374771 0.6198876861934863 0.669972597543051 0.6168742214767801 0.6727772818767335 0.6708583244238787
6 0.6782878203987366 0.6798060328011141 0.6578428612646121 0.6157520396165413 0.721450227344576 0.5954521171346191 0.7418954102965927 0.6595056975851797
43 0.2874458899784713 0.5938196467480703 0.24607494117947226 0.5956053048355456 0.23782206180430876 0.404398972265015 0.2791917964810864 0.4026133405858077
55 0.25047083110553103 0.5849822295325305 0.3055488095782266 0.5870659573739986 0.2982927199510641 0.7788368169919216 0.24321474377279628 0.77675313036606
57 0.17745220650931515 0.584417497862227 0.2528738839368998 0.5749908806894396 0.26644316007855195 0.6835450641154336 0.19102149993204875 0.6929715819527634
38 0.69112136392107 0.41451980934912486 0.7414556037277862 0.41922355732947214 0.7231808798063639 0.6147642979086031 0.6728466485207036 0.6100606232612417
39 0.7033919306733196 0.3700715115028984 0.7562313686980815 0.3675313167764225 0.7638322735607517 0.5256312582328646 0.7109928380010615 0.5281714251984557
41 0.7383586579353505 0.7908903600176708 0.6783847833411301 0.7943639535825341 0.6673548854616911 0.6039309812146866 0.7273263342997325 0.6004574580880514
40 0.7944723469671544 0.7050957853972706 0.7117594185949656 0.6932812868430428 0.7267921968592645 0.5880562244208614 0.8095034018029992 0.599870597262903
27 0.96328125 0.95390625 0.98515625 0.95390625 0.98515625 0.97109375 0.96328125 0.97109375