6 0.5843953733830176 0.7514047271889127 0.5831424482720422 0.6975172862350351 0.6643447965243467 0.6956294230633749 0.6655981929038717 0.749516382191252
6 0.5221748364265295 0.7574830381602059 0.5192425993965344 0.7172715961169058 0.5938168614119377 0.7118343309251174 0.5967494073686339 0.7520454374296754
6 0.5333029162970888 0.6695330660727866 0.6028033290357371 0.66709480969526 0.6045105505631909 0.71575072504633 0.5350101384000254 0.7181889688964666
6 0.5543998930889984 0.37600000914420195 0.5544000583709021 0.3195999235234998 0.6215999918679245 0.3196001013164334 0.6216000281903007 0.3759999853198594
6 0.5394776544901561 0.3216878553804269 0.5401200935484667 0.27287520338357224 0.6116234777780392 0.2738162178230053 0.6109811986000295 0.3226287123840779
6 0.673872216643872 0.38523783673010603 0.619887795096929 0.3880421122842264 0.6168741808620553 0.33002728534027664 0.6708582682539372 0.327223018367209
6 0.6798064583106225 0.3217130145666516 0.6157516556614837 0.34215549816284413 0.5954519427019704 0.27854928828455955 0.6595063872407536 0.25810686585742804
43 0.5938191507946158 0.7125526702163005 0.5956061946549198 0.7539245471259771 0.40439934571406866 0.762179839231441 0.4026132260415807 0.7208088519599491
55 0.584981627476509 0.7495287039254735 0.587067441600766 0.6944503682000893 0.778837260110663 0.7017104603247641 0.7767526574193653 0.7567876105660138
57 0.5844195911117822 0.8225477272874536 0.5749906325133907 0.7471260803641614 0.6835440155921333 0.7335572994550671 0.6929738050419019 0.808977973560942
38 0.4145196974731107 0.3088782605661008 0.4192244893698671 0.25854350255409353 0.6147646384839618 0.27681944007114306 0.6100603250807808 0.3271537647282346
39 0.3700714721176155 0.29660796436957326 0.3675314379580641 0.2437681435338566 0.5256311561378197 0.23616796789387026 0.5281715154317226 0.2890074555471083
41 0.790889996368378 0.26164134782451604 0.7943646612033035 0.32161371879336265 0.6039313937408224 0.3326455854860876 0.600457270325478 0.27267372318621247
40 0.7050960056185431 0.20552790503973378 0.693280027411447 0.28823998632630504 0.5880559576112319 0.2732079946821348 0.5998722013437146 0.1904962521178814
27 0.95390625 0.01484375 0.97109375 0.01484375 0.97109375 0.03671875 0.95390625 0.03671875