6 0.5113669277620829 0.3226306830722758 0.5177115932988272 0.36696367059133944 0.45060186891362264 0.37656744811472725 0.444257381429793 0.3322346211334735
6 0.501851738415553 0.36485474750894503 0.504764007182871 0.3977719460319937 0.4385707660866274 0.40362777728809246 0.43565863512139913 0.3707107069664638
6 0.4254932893129535 0.3384078606133977 0.4169958262102682 0.388304529791653 0.36837280922702575 0.3800241641973178 0.3768703780466467 0.330127628226085
6 0.4271749837818106 0.42525960018048714 0.4286341930916251 0.390775402450029 0.49699664621937245 0.3936679619138337 0.49553758997274144 0.4281520125134555
6 0.4514626877903538 0.6232538334087053 0.4492700704156505 0.5902084422514327 0.5057309124680387 0.5864625532644888 0.5079236896818884 0.6195077707855193
6 0.4624338633160505 0.6613388629778741 0.45841171360393673 0.615049992677315 0.5219865610163197 0.6095264508170526 0.5260089685076537 0.6558150346652509
38 0.48458857707532843 0.6996140916772923 0.4836806151995461 0.6548126978830905 0.6783820235808662 0.6508661852227943 0.6792908627709267 0.6956666672067618
39 0.7083317426687472 0.6758448054932261 0.7117543472016905 0.7228676075497532 0.5335385369165806 0.7358348788317484 0.5301168908627005 0.6888129679972758
41 0.30536863276518034 0.7242254428178361 0.2963121143616263 0.6714909809453204 0.4675660452918464 0.6420832561946661 0.4766233162241633 0.6948167634091298
40 0.358745783635527 0.7785379087609762 0.340585244414342 0.723492039306185 0.4650827387567915 0.682424557974164 0.4832436940401976 0.7374696220775484
55 0.44740182869952605 0.2919535417846913 0.43848082506713126 0.3421499488523786 0.27067084016516674 0.3123264509684478 0.2795921490832143 0.2621304387389054
57 0.3551069230811663 0.29417330872789993 0.34661607069779166 0.22824790115354743 0.4453616003842171 0.2155301801447536 0.4538526691126208 0.2814553294779867
43 0.45571578067290375 0.3286361754053594 0.45811856773718773 0.28913407314755035 0.6354547028590787 0.2999200942427009 0.6330522724967977 0.3394218502040763
0 0.5249555158155772 0.3094486374741516 0.5244597775850934 0.27020445800672876 0.7133427109034756 0.26781803089061207 0.7138387713499696 0.30706187186929623
6 0.44605070386478474 0.647929816035847 0.39827590389086254 0.6707928611998575 0.37136627968754965 0.6145685999999958 0.41914059198541054 0.5917056926058724
27 0.01796875 0.9828125 0.02734375 0.9828125 0.02734375 0.9875 0.01796875 0.9875