43 0.2898059934891535 0.5423040991101914 0.2434562124238937 0.5425429998278173 0.2425246446299525 0.3616797656371843 0.2888732475428242 0.36144086799697367
55 0.24948084222921807 0.5431137635968621 0.30747029277813454 0.5527775392003148 0.27757847374266476 0.7321287618284539 0.21958906348481833 0.7224651549689896
0 0.23573159686213785 0.40654333719555513 0.24259440381968034 0.36193756885342104 0.2680533350181804 0.3658543877340138 0.2611906037402605 0.4104600884071061
38 0.6969789844208663 0.35584587535733664 0.7453251457787928 0.35622954915192023 0.7437182334676891 0.5587025009761529 0.6953720721134005 0.5583188325905187
41 0.7471365506081611 0.7473809638698614 0.6912007928623325 0.7536130138191907 0.6705093449542119 0.5679118742922761 0.7264430580896715 0.56167993816208
40 0.8206083744029229 0.6666573888892285 0.761898852003128 0.7010536997811821 0.6965130307722802 0.5894619592266659 0.7552214278481415 0.5550660670917875
6 0.7463886257673948 0.49555462305196035 0.741472718867044 0.5619165522772029 0.6938082477856824 0.5583857785650906 0.6987243879815423 0.4920241024301325
6 0.6381319775923657 0.6439309781675805 0.6219078282039163 0.6246670446157406 0.6582207415813173 0.5940878187881303 0.6744448368166331 0.6133516654622928
6 0.5699141675125929 0.6534672364390878 0.5633580254610706 0.6520625280608856 0.5662146268221022 0.6387317648535628 0.5727707518981333 0.6401364713518409
6 0.30320507374881345 0.5828556711304361 0.32817801587918893 0.5763158797549255 0.34126595452494257 0.6262882538866422 0.31629302441115215 0.6328280141043009
6 0.6508000106208556 0.5728 0.6427999866754135 0.5728 0.6428000111037591 0.5376000000000001 0.6507999872546861 0.5376000000000001
6 0.6539040044684725 0.5710720120865443 0.6508467673882024 0.5712418422230678 0.6497378492555299 0.5512812229064067 0.6527950758978704 0.5511113930607258
6 0.46096739384199736 0.5985870578770044 0.454232600987325 0.5982129418294355 0.4556073885750038 0.5734670907424215 0.46234215176423277 0.5738412059652741
6 0.5264 0.5776 0.5316 0.5776 0.5316 0.5984 0.5264 0.5984
6 0.4914375619530347 0.5926741253180291 0.4960426407316163 0.5930030235831512 0.49512690522385583 0.6058233257117736 0.49052182648631515 0.6054944278325055