6 0.44399621852721793 0.33604191404280936 0.4445469027320996 0.3258563714916151 0.46632380269954865 0.32703369935774557 0.4657731302806951 0.337219230692545
6 0.463662801250166 0.354314003125 0.440406969479227 0.354314003125 0.44040699167373987 0.3376944843749999 0.46366278275468176 0.3376944843749999
6 0.4127906965995862 0.3461810406499909 0.41365217334521276 0.3656556088582287 0.3740474781914145 0.3674074283297913 0.37318604502706876 0.3479329019124201
6 0.46714602648569326 0.6540626636888515 0.45645272644014767 0.6687123016283381 0.4295100159007461 0.6490483502426002 0.44020329869192665 0.6343987610022579
6 0.3506354507293281 0.6615923358334603 0.3471267711204291 0.6298663294826042 0.4018689792378609 0.6238129417369055 0.40537780757438213 0.6555387758532089
43 0.45394829303631923 0.3220414451717722 0.4546220251036175 0.2812078969474361 0.6093704260397317 0.2837607778413221 0.6086969919086869 0.32459402546768124
55 0.45636101148500074 0.2931644714912672 0.45093833129249106 0.340051464746052 0.2827925202067263 0.3206044936601761 0.2882155185114925 0.2737178810637603
57 0.360883341916292 0.2893861948796512 0.3590886182732902 0.2296236367145478 0.45123812538213315 0.22685628987863937 0.4530330592475593 0.28661863230784945
38 0.6143572570763354 0.6634613997207691 0.6159310531559186 0.7071083787450679 0.4573112744858463 0.7128251123316951 0.4557382262818237 0.6691788491967015
41 0.2979566178460118 0.7335327386701568 0.2875360537392453 0.6832899073451699 0.4476976025962358 0.6500754592589572 0.45811880250721515 0.7003174368888107
6 0.4108449963189287 0.28692060869160196 0.4097282503084898 0.29801388912052823 0.3595573620007144 0.29296330859270886 0.36067412985460123 0.2818700526850453
27 0.25228731746881294 0.6905697189359523 0.24388959250916287 0.6479753682050011 0.3605420801270611 0.6249794584963999 0.36894017999520656 0.6675732898224225
27 0.11953125 0.89375 0.12109375 0.89375 0.12109375 0.925 0.11953125 0.925