43 0.4935298208341692 0.7396798257038131 0.4931676135649923 0.7934087860074533 0.3214344185886375 0.7922489463466789 0.32179769155970916 0.738521055164939
0 0.47125214153959405 0.7967918364715633 0.45983027973420576 0.8562465824773114 0.3205100109336172 0.8294854642736431 0.3319326574941215 0.77003175967886
55 0.5347149106161169 0.7179915020688249 0.6752871393173336 0.7718594274528657 0.6502046118175713 0.8373017688109774 0.5096326144420118 0.7834342881174807
57 0.4954637814603302 0.8842204356769202 0.49546478347394896 0.790848870848003 0.6008373694626243 0.7908499490779739 0.6008376195148912 0.8842202599541629
38 0.3344214719813863 0.3179512799066866 0.3213270130343062 0.2577261996187889 0.49213915014581744 0.22058761235565288 0.5052339199576181 0.28081228029865785
39 0.3387988764235388 0.26066353130616243 0.3215038613275283 0.19746948234798395 0.4558442520724384 0.16070335253051227 0.47313944519282813 0.22389712894471175
41 0.5212038234657257 0.23870697131449534 0.6776930903477023 0.19972202484494667 0.6952892122318417 0.2703533959492486 0.5387999879278595 0.3093382318426923
40 0.5024098490403048 0.14201970040442768 0.5986650047950661 0.1335563289451932 0.6071470306542324 0.23002277905105667 0.5108918780042586 0.2384861271525656
27 0.3999490232804419 0.55375875939997 0.39780521284865245 0.5268406505832941 0.5191825967704062 0.5171742347653637 0.5213266514851966 0.5440920778654871
27 0.5198881378988744 0.484593704780674 0.5198883556572582 0.5144724209083802 0.39218418762698093 0.5144725593833603 0.39218426045238175 0.48459413277513014
6 0.5001764325288605 0.5497238138777972 0.49858701178072806 0.4784393773658082 0.5843575434688546 0.4765270638143787 0.5859474313441524 0.54781102201032
6 0.5329021918353192 0.7189366791471328 0.5881517603914972 0.7387536329997737 0.5646494077529951 0.8042665186646387 0.509399919116845 0.7844497247478469
6 0.5223652639043621 0.23642773232148348 0.5828871640130728 0.22598956945475807 0.5951757396804851 0.29723900699042366 0.5346538474332192 0.3076771391733063
27 0.86015625 0.12890625 0.86484375 0.12890625 0.86484375 0.14921875 0.86015625 0.14921875