43 0.28521759978855243 0.5388822908751679 0.21662327622334487 0.5340000585576845 0.23203640628275934 0.3174791462333905 0.30062872475718905 0.3223613052380005
0 0.2416620151884672 0.4241451892130094 0.17593206570506936 0.39062374696311586 0.25637932944437125 0.23288714059484691 0.32210827941116804 0.266408271290642
57 0.22385176620036873 0.6609146572439515 0.12401013672763384 0.6511591160137747 0.13606545340064713 0.5278067545213802 0.23590494745053547 0.5375621934965733
55 0.24435224823673707 0.7330479502742066 0.16968233248519482 0.6998335079241278 0.24201350770226782 0.5372482834624978 0.31668126852252954 0.5704621802149222
40 0.9479046195432375 0.5493453843211323 0.9533821272714249 0.671221875635973 0.8099566781344265 0.6776650872230658 0.8044808685614271 0.5557901970563841
41 0.8281226260467065 0.7392836981596658 0.7470092348705748 0.7516541783979676 0.716530393564085 0.5518206606190931 0.7976406137938739 0.5394504264853982
38 0.737308621875 0.3345911953125 0.8066075749999999 0.3345911953125 0.8066075749999999 0.539622640625 0.737308621875 0.539622640625
39 0.7371130209475041 0.27019800327543486 0.7977051348967734 0.25350777987204665 0.8464109669221216 0.430323340660782 0.7858189186148365 0.4470133983669861
27 0.6866474787555035 0.3405503610901898 0.735417782506488 0.3418940634153774 0.7312844049968135 0.49190972714814557 0.6825141015624467 0.49056603749999894
27 0.6679129229030423 0.6515916912723427 0.7284892806560492 0.6394666741143099 0.7568724861470173 0.7812474908878692 0.696296183023037 0.7933723158236996
27 0.3035200744049007 0.7717908615176913 0.24176458765350617 0.7445963435885031 0.29505434523593976 0.6236021676309098 0.35680831162540017 0.6507962990771978
27 0.34762827532597385 0.3520941698773559 0.38761994481558304 0.35414357175573 0.3792090489068869 0.5182637049907096 0.33921738080755404 0.5162143252689507
6 0.3344077359375 0.5069182390625 0.385173246875 0.5069182390625 0.385173246875 0.57358490625 0.3344077359375 0.57358490625
6 0.3806869610488093 0.6063393788931583 0.3536334976108719 0.6635253867237856 0.277242168123621 0.6273900007617829 0.3042957370582826 0.5702044418579199
6 0.7186910369950965 0.5713036239474694 0.7436111124350191 0.6424071051956033 0.6648320259821503 0.6700133896346864 0.6399126109182589 0.5989104683744412
6 0.6732226046058258 0.48188688054696016 0.7432193809545424 0.47843787310618524 0.7468246674250167 0.5516005652597561 0.6768278926233506 0.5550495527825305
6 0.7458950130411495 0.6542614884700653 0.703961629391415 0.5871111304248042 0.7859888587798878 0.5358932379453262 0.8279221801034282 0.6030430079688551
6 0.7973524479946263 0.4505951314388914 0.8245550621468283 0.5144863016208743 0.7541312368773561 0.5444675869741522 0.7269290589479169 0.48057678651553776
27 0.9015625 0.93203125 0.921875 0.93203125 0.921875 0.93359375 0.9015625 0.93359375