43 0.5265328872261534 0.6705610177952811 0.5214027772849477 0.7222020497224308 0.33794805607681155 0.7039776055529241 0.34307904883598894 0.652337560990041
0 0.4395994750227601 0.6982934355872696 0.43107810484184483 0.7500786790751243 0.27645009139564536 0.7246365619323455 0.28497215892434724 0.6728521961723534
57 0.6205982144080053 0.7087548033042463 0.6215004310794257 0.7808855649403763 0.5001794776792394 0.7824016620423211 0.4992782661436195 0.7102719060552597
55 0.4970877412616801 0.7156021651573257 0.5055831375696016 0.6588259118213651 0.6805145683384808 0.6849959751426016 0.672020369533243 0.7417711539731526
38 0.3168055529395133 0.34446680969529625 0.3129362373230151 0.29882040461239434 0.5124524069540257 0.2819076358142276 0.5163221200436965 0.3275536136715118
39 0.3153274353504685 0.33262562041234794 0.299409634408903 0.2817573732603411 0.4336452347528166 0.23975295735449603 0.4495632054293992 0.2906208837503447
41 0.6547254013493102 0.2566321216901098 0.6574949513806132 0.313123634266435 0.4787634481256191 0.32188488198124043 0.4759943625543883 0.2653938038019194
40 0.5943699702366985 0.2141780666000037 0.5906775487948153 0.2791120375431248 0.46261893548739863 0.2718297800330779 0.46631164706536765 0.20689612253758002
27 0.5344947734374728 0.7204483687499735 0.5418293503174709 0.6699928629210081 0.6793389756012402 0.6899782519503308 0.6720052348839545 0.740433019079728
27 0.3468700411098098 0.3799453769593751 0.3447476588846712 0.341377390330046 0.46829268281248915 0.33457880468748347 0.4704153087808436 0.37314652559169276
27 0.6545486045065445 0.255679018881953 0.6586226790133196 0.3003741384810088 0.542052923422716 0.31099922887657283 0.5379790937500957 0.26630434687503024
6 0.43936858434210535 0.7338335558679633 0.42069081514944173 0.692783418188776 0.5151607082408418 0.6498057725370574 0.533838598072407 0.6908554628992173
6 0.5194462858851239 0.73776298856948 0.4874294282435585 0.6993188224238203 0.5547848504146486 0.6432326046859399 0.5868014965082011 0.6816764163317726
6 0.6226315168439669 0.6162457247984909 0.6049462286737253 0.6820015193402462 0.5292948182649297 0.6616567755719531 0.5469804212268627 0.595901477707725
6 0.4548649273697265 0.6618550647590528 0.4636253769461973 0.6095797962044767 0.5468457271052785 0.6235242856006978 0.5380857636341716 0.675799122745326
6 0.46520198151188197 0.6287246555687017 0.46234740822887943 0.5896838708640779 0.5557012789989813 0.5828585726271911 0.5585561619969894 0.6218990199895007
6 0.5587427002111554 0.6093315133725171 0.5625746824931639 0.566100102855842 0.6406211269786581 0.5730172027858385 0.6367894733590447 0.616248308243847
6 0.6402850611840449 0.38908139705461436 0.6425517007354529 0.4216294100551463 0.5696289817208253 0.4267071972121564 0.5673624986644654 0.3941593295556564
6 0.623112237574901 0.3564422837721974 0.6268388827312492 0.39466612884150604 0.5499184658315244 0.4021649049284224 0.5461920054588063 0.36394122984944505
6 0.4588664096413595 0.37553753500240344 0.46232311889843913 0.3241276596690355 0.5392014398762512 0.3292965830227842 0.5357449569333994 0.38070624467883146
6 0.5935528767939786 0.30593639473435125 0.6030215815105748 0.3609732186188544 0.5250807965934428 0.37438161204876297 0.5156123444278364 0.31934500974209673
6 0.49767271424502724 0.3330696825011612 0.47346516232494196 0.2730610287925141 0.5355231911191822 0.24802739162217283 0.5597308091466857 0.3080358690800319
27 0.8515625 0.08828125 0.8578125 0.08828125 0.8578125 0.11171875 0.8515625 0.11171875