43 0.30039630564942854 0.5832093450572322 0.2593818479734864 0.5799355488437066 0.27302575912290195 0.4090260202308312 0.31403912441794546 0.4122997717071581
0 0.26745030028541805 0.5308451703372035 0.22042795102106538 0.5199878836979261 0.250878003571529 0.3881216690639585 0.29789949422161044 0.3989788523006103
57 0.20810635204941264 0.565806662900655 0.2803940234150559 0.5596661739051059 0.28994841018197803 0.6721307206185588 0.21766074689980996 0.6782711440357365
55 0.2827034764736709 0.6031481509047532 0.33338890614572847 0.6058283846110604 0.32520926773429437 0.7604915098084595 0.274523841351197 0.7578113189066489
38 0.677029300560207 0.4005131861993211 0.7196268555680945 0.39859026509823453 0.7271042223488848 0.564221773236807 0.6845066690340218 0.5661446705980286
39 0.6888545586149348 0.38417629507713835 0.7326172577514853 0.3726535911563013 0.7682369499524384 0.5079279983805348 0.7244742937783712 0.5194505924094546
41 0.6509327991150258 0.5869938048565393 0.7042627775119854 0.5837506397260441 0.7142803289303856 0.7484564469780521 0.6609503552176648 0.7516995579789839
40 0.6957141378214828 0.657750458308545 0.700206138390854 0.551417162712701 0.7778287538362747 0.5546960817443433 0.7733375476260562 0.661028609650198
6 0.3388243844231056 0.6159347363236428 0.32110567270842694 0.6791510020637997 0.26999642897067133 0.6648272838807501 0.287715338866974 0.6016113466819342
6 0.3329005222796013 0.6200539105055825 0.38349821803262785 0.6315413098076152 0.3676120511704539 0.7015047517432352 0.3170143832795702 0.6900174354714815
6 0.594613438274564 0.634160028220989 0.6500501839317394 0.6064612816305478 0.6787732627084324 0.6639411144036068 0.6233366340106841 0.6916396848262178
6 0.645012491116745 0.6003121896592701 0.6982331249782874 0.584378622349262 0.717900525598111 0.650063356161449 0.6646799359858733 0.6659968196329775
27 0.921875 0.82109375 0.934375 0.82109375 0.934375 0.82734375 0.921875 0.82734375