43 0.5185678788664063 0.6807582390033439 0.5170548550486274 0.7300902656979015 0.3063988972643301 0.7236276212202236 0.3079129948581567 0.6742967126816495
0 0.2939791705781545 0.7474321341069317 0.29062687638588613 0.6900181386610313 0.39050228454550506 0.6841873462827494 0.39385516521304 0.7416007107641077
55 0.521560263580227 0.7206114107630898 0.5307266124401622 0.6641062092370824 0.7147428893094911 0.6939524419286702 0.7055778206141667 0.7504564887289017
41 0.7132303400155706 0.2594781527136444 0.7222732679550745 0.3193602811597997 0.5391301724531559 0.34701516783405356 0.5300878155625242 0.28713354094168736
40 0.6767855527427855 0.21074898985392607 0.6827769396509211 0.2753923470543711 0.5296405582324724 0.2895846770906126 0.5236495811844861 0.22494169937182387
38 0.5261014550022765 0.2740259062518361 0.5298286093261595 0.3184507199377322 0.2873782976264465 0.3387897693295119 0.2836516850353519 0.2943654702277072
39 0.3607658699015701 0.2557821698581419 0.3707951168224781 0.2947770662634477 0.2624026046897825 0.3226538678256533 0.2523735793955666 0.28365916084049986
27 0.32971133513603945 0.5880690491720356 0.3284985581821047 0.5638193956358191 0.4941515857608465 0.5555346197036107 0.495364693580882 0.5797839205557787
27 0.7171028264151573 0.2687724456668196 0.7222206634494341 0.3207415560737851 0.5915815882582365 0.3336058613814041 0.586464092052779 0.28163707302312196
6 0.5272580451086242 0.2951976960994621 0.5928039740208533 0.25985377329314274 0.6519720091818044 0.3695786950532601 0.5864262380882792 0.404922393339153
6 0.48255808196870476 0.39427157329302104 0.48255818291647756 0.36209328271592334 0.5617732365914208 0.3620934216943008 0.5617732824680388 0.3942715655724612
6 0.4697753982886752 0.37346623816482505 0.46319506971451574 0.32444205796452574 0.5408040970605725 0.3140252097179188 0.5473845945496123 0.3630491880762417
6 0.5723887543665569 0.3888393003329431 0.5745589473438031 0.42094955718872795 0.49481391981669276 0.4263386127686691 0.49264389580889656 0.3942285147271518
6 0.5697673713104905 0.552687300747538 0.5697675195388001 0.5834512237426889 0.4796511156523593 0.5834511819237003 0.47965120721346466 0.5526874985248615
6 0.5508719496320964 0.6343702533687667 0.5508723201508019 0.6838755165262282 0.4542150717466029 0.6838755331447258 0.45421518176419795 0.6343707506237022
6 0.4793761406017438 0.6392278786966462 0.47991499126294457 0.6082333829476635 0.5635880761863064 0.6096876862333683 0.563049476327592 0.6406819355050264
6 0.645464743012667 0.6365530762498529 0.6336549524105521 0.6893132245821026 0.5506404362783996 0.6707332200221747 0.5624505412854433 0.6179735183059719
27 0.88671875 0.05703125 0.90703125 0.05703125 0.90703125 0.07109375 0.88671875 0.07109375