43 0.31617731370715774 0.5204586724708529 0.27032984451500397 0.5241535971705052 0.25771792114915115 0.36766604704903727 0.3035643715174956 0.3639711649319861
0 0.2695029517325338 0.4842914205742603 0.22789383837505284 0.4852116164754276 0.22510567220729172 0.3591247776659048 0.26671409783114086 0.35820458947338013
55 0.30211139644700324 0.7052698390768589 0.25089148437086806 0.6964749371917289 0.27853177397264517 0.5355270436610025 0.32975021532445226 0.5443218206313734
6 0.2756978510454928 0.5544462834560143 0.29169075410754886 0.5564760517902366 0.2826079319362407 0.6280338894088918 0.26661503135551357 0.6260041341455099
57 0.20702047092038356 0.5104417176361924 0.28228135668177856 0.5150186542264983 0.2757171340658715 0.62294734094065 0.2004562523770801 0.6183704471330681
6 0.2796419276606912 0.6064908195791501 0.26919269246002386 0.6070889023686853 0.26561867243822235 0.5446517945842471 0.276067793837683 0.5440537150500488
38 0.6895878813245417 0.3212719562155983 0.7345969625361022 0.3210613922062619 0.7353756889438046 0.487510293301499 0.690366607746796 0.4877208551314557
39 0.7244187661220849 0.30068473824200614 0.7659331746858697 0.2980834246938047 0.7760245364189586 0.4591251188498722 0.7345101304462105 0.4617264077872498
41 0.7459756358767891 0.6901470949731415 0.6933587625278506 0.6997466219822985 0.6594548514520966 0.5139295755419472 0.7120700023060635 0.504330206349049
40 0.7268952727978331 0.48176134930864023 0.8010060405590593 0.49840289985119857 0.7809294636155073 0.5878034426430888 0.7068187345597607 0.5711620158337166
6 0.6613860105858294 0.54229505854597 0.6670316853305849 0.541795654379768 0.6689784213123176 0.5638011270826042 0.6633327466904575 0.5643005303194605
6 0.6656797959349205 0.5445165500976812 0.6696611596665889 0.5441937160906123 0.6712489248675411 0.5637730805691697 0.6672675612005605 0.5640959140409044
27 0.86640625 0.796875 0.90703125 0.796875 0.90703125 0.8109375 0.86640625 0.8109375