43 0.5204579659865658 0.6838211250094137 0.5241545925468927 0.7296697007615487 0.36766693180015864 0.7422834880220975 0.36397114403257547 0.6964357080233181
0 0.4842910804412668 0.7304966511352982 0.4852119669774311 0.7721059323323468 0.35912486091240226 0.7748948081192206 0.35820458736702676 0.7332861283210288
55 0.7052700728185073 0.6978883552499485 0.6964737073171818 0.7491073764163542 0.5355266228541495 0.7214682385189134 0.5443237054120118 0.6702500886873737
6 0.5544462688878866 0.7243021261606349 0.556476626908875 0.7083092413993116 0.6280342413447215 0.7173922422865247 0.6260040234042208 0.7333849987766636
57 0.5104402018488372 0.7929794538144501 0.5150192236355906 0.7177180358714154 0.6229475345020319 0.724283189919578 0.6183695039766235 0.7995436716462568
6 0.6064906872069287 0.720357975863125 0.6070889943422344 0.7308072319426085 0.5446518797125464 0.7343814284172344 0.5440536487354848 0.723932244534323
38 0.3212718735500175 0.31041194919679643 0.32106163868854765 0.2654025166801811 0.48751029650293276 0.2646245366506618 0.4877208579304124 0.30963365007474963
39 0.30068470220442123 0.27558114110574844 0.29808350765858904 0.2340663527757069 0.4591250508451594 0.22397570711559064 0.4617264848635614 0.26549024729411724
41 0.690146299790058 0.2540246347728561 0.6997473899309625 0.30664032599309804 0.5139307124774177 0.34054533581741336 0.5043301292083697 0.2879300837609787
40 0.481761112452773 0.2731046707788156 0.4984044082638093 0.19899420470007903 0.5878043983582302 0.21907080928469053 0.5711613996058986 0.2931810133515086
6 0.5422950751303688 0.3386139873137569 0.5417956130213497 0.3329683143197861 0.5638011078959835 0.3310215865703816 0.5643005757282253 0.3366672532040346
6 0.5445165712927746 0.3343202012283336 0.544193700001415 0.33033883803843705 0.563773057806884 0.32875108202450337 0.5640959326885877 0.33273244126857593
27 0.796875 0.09296875 0.8109375 0.09296875 0.8109375 0.13359375 0.796875 0.13359375