43 0.3097481299589617 0.5048129121715715 0.26392061506430764 0.5036394068848679 0.2685162567373709 0.3242059919415035 0.31434269523276726 0.3253794831120608
0 0.2757426414555084 0.348110509584802 0.2487343076838897 0.35389247585571065 0.23260851906366042 0.27856872382479436 0.25961665652187094 0.2727867795909851
6 0.31286357642522944 0.5029881967967834 0.26704017700740224 0.5047031528846683 0.2639212090630281 0.4213622900247601 0.30974407165001594 0.41964734398382736
6 0.35431411175352423 0.525436046875 0.3094058004614908 0.525436046875 0.30940606603371634 0.4469476734375 0.35431385104629953 0.4469476734375
6 0.3847242714444974 0.5406976734375001 0.35183868350111425 0.5406976734375001 0.3518388634581697 0.4723837203124998 0.38472410399322143 0.4723837203124998
6 0.378042961911774 0.6174626789438762 0.32850967348008453 0.6214791097272531 0.3221389380516939 0.5429151350922604 0.3716715458683666 0.5388987318779406
6 0.277227623452859 0.5930233416430715 0.2772278240332753 0.5159883100428818 0.32743980048758203 0.5159885138022137 0.32743992737744065 0.5930232165394248
6 0.37426281373780057 0.5606666963490927 0.4098014129533567 0.5653821441687953 0.4019600002062589 0.6244737853754051 0.36642140591823136 0.6197583629370854
27 0.3256716858288655 0.594476711820383 0.36481789366405337 0.6019480271274174 0.34024284083557177 0.7306930408925312 0.301096661230531 0.7232218253326088
55 0.27998437023586575 0.5158858838454249 0.3312796192388987 0.5189542035326816 0.3213646195307547 0.6846933081236791 0.27006937438488876 0.6816250346167654
57 0.2446257209221585 0.5117898241711175 0.3022509960159141 0.5367103534865911 0.25059005057744344 0.6561569151010697 0.19296494204377268 0.6312366727929873
6 0.6151026440670648 0.5595130457515238 0.5836346420983318 0.5622147832107615 0.5773732632084148 0.4892904922709499 0.6088408987905041 0.4865887706392352
6 0.6417291174763022 0.5399030165255145 0.6088435584346144 0.54135752268961 0.6055998996959033 0.4680216317070417 0.6384850876196424 0.4665671337773623
6 0.6361386140625 0.45639535000000003 0.682461103125 0.45639535000000003 0.682461103125 0.5334302328125 0.6361386140625 0.5334302328125
6 0.6731913468371431 0.4307501155110518 0.7192015958647744 0.42375467718689946 0.7311703139941983 0.5024701185838166 0.6851600742320443 0.5094655173017243
6 0.6241266683778122 0.6275052197201284 0.5900980841648789 0.6286089010434587 0.5879946121889361 0.5637560491110446 0.6220227947990224 0.5626523743196129
6 0.5690643762725358 0.5787643688812962 0.6022619073594342 0.5811570836070548 0.5965164277371287 0.6608632280002865 0.5633188984556909 0.6584705313116984
6 0.6219943421874999 0.5515988375 0.66760961875 0.5515988375 0.66760961875 0.630813953125 0.6219943421874999 0.630813953125
38 0.6702521655028022 0.3664594419068087 0.7165785608457327 0.36243456102502536 0.729065069641365 0.5061465986350439 0.6827386795566781 0.5101714407222896
39 0.6902541245548264 0.33486611802931676 0.73346604740982 0.3230579347835593 0.7661704917063616 0.44273443391686607 0.7229586038977232 0.4545425299099261
41 0.7298611278069984 0.6858646929681949 0.6741686546243955 0.6907910465823818 0.6589936472025784 0.5192455389885628 0.714684396074631 0.5143192612960378
40 0.8003608038595758 0.619136587475102 0.7432747579431407 0.6528612238123997 0.6881936048486068 0.5596339666162431 0.7452787655201973 0.5259096669387026