43 0.49518696894551795 0.3097479328211573 0.49636078258754424 0.26392067830138005 0.6757939781504092 0.26851617432109554 0.6746205376070975 0.3143430502812786
0 0.6518895709527897 0.2757425638848859 0.6461073716184274 0.2487343351607193 0.721430996911181 0.2326085453255878 0.7272132535720175 0.25961669160282774
6 0.49701182005355804 0.31286346328047365 0.4952968152928179 0.267040280566834 0.5786376366137347 0.263921136285528 0.5803528031375436 0.3097441495867468
6 0.47456391828825417 0.3543140269788359 0.4745640142717775 0.3094058799154731 0.5530523104512213 0.3094059982911405 0.5530523926664728 0.35431396567081747
6 0.4593022784860068 0.3847241997861189 0.45930235489129245 0.3518387178031401 0.5276162571998384 0.35183881531289624 0.5276163068774622 0.38472417082829885
6 0.38253748312376956 0.37804272870298444 0.3785206614047638 0.32850979469088004 0.4570846409890237 0.32213887616326475 0.46110165216748555 0.3716716045119378
6 0.40697674375000004 0.277227721875 0.4840116265625 0.277227721875 0.4840116265625 0.3274398875 0.40697674375000004 0.3274398875
6 0.439333447648778 0.3742628010638147 0.4346173909294748 0.4098013618232508 0.3755258330079414 0.40195995635224074 0.38024199504934586 0.3664215200992494
27 0.4055233634240949 0.3256712916499481 0.3980511310762722 0.364817597436419 0.26930660913546944 0.3402431124194737 0.27677904158122146 0.30109705828820854
55 0.4841141623093108 0.27998386235212075 0.48104575967568053 0.3312795357474423 0.31530630843826657 0.32136487892112436 0.3183750732620183 0.2700696052546586
57 0.4882103520003511 0.24462580387016156 0.46328755694389656 0.30225005547098466 0.34384214197473284 0.25058987448078107 0.3687650234777493 0.1929659050306435
6 0.4404871702558921 0.6151025333437787 0.4377850486105217 0.5836346575336521 0.5107091535408017 0.5773732718290214 0.5134114641891756 0.608840937791587
6 0.46009706813117646 0.6417290476206665 0.45864240620437613 0.6088435730326538 0.5319781796993084 0.6055998834228964 0.533433060229072 0.6384851278887866
6 0.4665696228395291 0.6824611425863468 0.4665698636192701 0.6361384660468709 0.5436045926961697 0.6361387600951699 0.5436047103596593 0.6824610776448289
6 0.5692488630122625 0.6731913008990129 0.5762460263055118 0.719201557276506 0.4975309389699305 0.7311700515238441 0.4905342128496386 0.6851601853796324
6 0.37249481909998394 0.6241265487138565 0.37139102607397945 0.5900981064819361 0.4362438016771648 0.5879946024065357 0.43734779153101044 0.6220228405142076
6 0.4212357042806616 0.5690642506273268 0.41884263695965274 0.6022618921007851 0.3391363465326549 0.5965164090131521 0.34152963013389126 0.5633190017544976
6 0.4484010090417314 0.6219942468090539 0.44840124080394617 0.6676096710688101 0.36918597339592907 0.667609553174896 0.3691860966189324 0.621994482205271
38 0.6335402218206809 0.6702516307791854 0.6375664505620762 0.7165784969626642 0.4938538063904616 0.7290649733794872 0.4898283421398446 0.6827388130178399
39 0.6651325516445468 0.6902537206476848 0.6769436191127625 0.7334653773140801 0.5572672829877092 0.7661700870042817 0.5454569062949304 0.7229590206216379
41 0.3141352566582327 0.7298601460649227 0.30920872373701513 0.6741677691653 0.4807536006178452 0.6589940684920566 0.4856810500723441 0.7146854306270857
40 0.3808649451267456 0.8003586772493563 0.3471343070536932 0.743276883352363 0.44036029490837336 0.6881975705505006 0.4740909011650274 0.7452786477429274