6 0.4663585211778809 0.2859867095847804 0.5116363962036985 0.3076112675958769 0.48745514596544126 0.3582407592796183 0.44217730905177177 0.3366162610845573
6 0.42942805966526976 0.33131755562694515 0.3669493515743625 0.31960312444808625 0.3760332646374991 0.2711564014504745 0.43851169650622523 0.28287080598506414
6 0.35031289697280954 0.37832873013317914 0.345409871045149 0.329298933653156 0.4174890385111212 0.32209115770898905 0.422392231837307 0.37112076587332216
6 0.4344 0.616 0.5088 0.616 0.5088 0.6688 0.4344 0.6688
43 0.4667637343931119 0.3032097695829465 0.4658071104196324 0.26110411190307803 0.6404712661658323 0.25713547317042285 0.6414281966401632 0.2992408101469211
0 0.5937962466215367 0.2756903397744577 0.5909599733479354 0.2339174393877703 0.7303468003248099 0.22445337734512236 0.7331832792913247 0.26622605102810076
55 0.43982232611563177 0.2773655548656601 0.4374259131911913 0.32755780983039223 0.26262193990032756 0.31921130279411764 0.2650187311120362 0.269019462071947
57 0.4110854039025753 0.17941718215027885 0.43800913168809075 0.23407902637647707 0.29412640342764007 0.3049466396562931 0.26720304242917337 0.25028510757754874
38 0.45688557764640336 0.7129151717725456 0.45558313218634794 0.6686239104450472 0.6388008690807965 0.6632357852485782 0.6401041382424637 0.7075261868838475
39 0.5777043075402162 0.7297052976832343 0.5812036274937782 0.6798592453622354 0.7327094689853766 0.6904933442277457 0.7292110224552744 0.7403385586950404
27 0.6379451744049902 0.6328037578061235 0.6356159339085252 0.6705671829324722 0.49287026486479135 0.6617628778817651 0.49519999999995434 0.6239999999999634
41 0.4363688116436606 0.6347734307501225 0.4403576664872162 0.6906030748538292 0.2704812291315193 0.7027368262538854 0.2664934073192171 0.6469081645191396
40 0.26208930851396417 0.7315024282552719 0.2840696961516187 0.6739100828445257 0.43545125142782126 0.7316756432959941 0.41347208645208866 0.7892669543150045