43 0.3372391756053048 0.5474412523814437 0.2956061727782071 0.5465793060854688 0.29960322009446827 0.35356040461655214 0.34123510121264644 0.3544223391653146
55 0.30476011794849 0.5634602659043635 0.3579869447465853 0.5768802338259765 0.3180567218247461 0.735233557718529 0.2648299737718389 0.7218138067286104
57 0.26540868956919894 0.5316319052415038 0.3125980788450988 0.5380091282127472 0.29279306318187537 0.6845441610273891 0.24560369040000296 0.6781670251966433
38 0.6524045265625 0.3357558140625 0.6951909484375001 0.3357558140625 0.6951909484375001 0.5348837203125 0.6524045265625 0.5348837203125
41 0.7418434560880769 0.7061537625251195 0.68743682448644 0.7200848737177131 0.646919963067603 0.561866980311306 0.7013249635868988 0.5479360879082354
40 0.8003666042246778 0.6497646384150338 0.7455351665142871 0.6774538176847134 0.6856886589398528 0.5589552045404594 0.7405189726622439 0.5312663667452071
6 0.6954243328179928 0.5484516205553883 0.7326094522895801 0.588134977272453 0.6765833523345464 0.6406280104648255 0.6393985164722835 0.6009449308197994
6 0.6283221438884539 0.6634361924088643 0.6106525494188872 0.5946651581483012 0.6606993884703343 0.5818079774190461 0.6783692009423703 0.6505786755285381
6 0.3012728607112649 0.646075691412723 0.3012730294475432 0.5668604267284867 0.3493634374360681 0.5668606186835367 0.3493636209570923 0.6460755294391671
6 0.3871511868247808 0.6775666313977948 0.34044208424415956 0.6722198039070025 0.3490196101930678 0.5973001586479629 0.39572803767634923 0.6026469472039861
6 0.39179632343750004 0.6148255828125 0.42715700156249997 0.6148255828125 0.42715700156249997 0.6744186046875 0.39179632343750004 0.6744186046875