43 0.33171300678361604 0.5901637205891247 0.29075162160427226 0.5870215441636348 0.3027067563419905 0.43119643112146044 0.34366711951736306 0.43433856738656745
0 0.3095414321428507 0.5244814569557099 0.2745495828199864 0.523348084699223 0.27898133793269153 0.38654347420525165 0.31397252453064084 0.3876768357337336
57 0.25859890102447025 0.5967213947626849 0.30357884021736936 0.6000109069190223 0.29308368546526253 0.7435002162177592 0.2481037512277453 0.7402107523723921
55 0.29799578351821765 0.6044621572631543 0.34468104618667894 0.6100194968260626 0.325161993329516 0.7739698968911375 0.27847674804422695 0.7684126530323026
6 0.34466175473824023 0.6270352782340042 0.39317308572924503 0.6367395181436096 0.38136356513518876 0.6957673285623859 0.3328522515462282 0.6860631475791322
6 0.38702795775805043 0.7021478051246793 0.37613313513304547 0.6531890517260741 0.4107152726064669 0.6454945574375535 0.42161022070342824 0.6944531322610987
27 0.38565158145036094 0.8276545258796413 0.36208676055957767 0.8239508793549639 0.3829779825598507 0.69105567019704 0.4065420800159245 0.6947592586214824
38 0.7033900335557064 0.5901162796875 0.6624292216779395 0.5901162796875 0.6624296280774615 0.4258720937499999 0.7033893896025347 0.4258720937499999
41 0.7285802438825613 0.7578902256106117 0.6804715523194318 0.7640724160064889 0.6598440709248052 0.6035709754662566 0.7079511902294371 0.5973888864173197
40 0.7906713567646193 0.6977218472108361 0.7364958019148844 0.7250158600421359 0.6873331851169269 0.6274457085637117 0.7415077444509279 0.6001519963969413
6 0.6183373723752084 0.5464383826630338 0.6645270027566994 0.5405330819718185 0.6722762256819124 0.6011394844422332 0.6260866010918562 0.607044753644768
27 0.6663514639058121 0.5566955609690493 0.6237378040187878 0.5574284250284761 0.6215466107748853 0.43000244360036965 0.6641594863567661 0.4292695861047857
6 0.6103737322938514 0.6323812074946815 0.6608885523085064 0.6201108921844661 0.6760957550562807 0.6827084097517119 0.6255809621903836 0.6949786460177375