43 0.4164242892538823 0.3564355790632889 0.4164246076763902 0.3154170498654257 0.5952034441543219 0.3154179266541475 0.5952035025910618 0.3564360695916047
0 0.5913981074201047 0.29251003207487025 0.5871101941190773 0.3312864251291709 0.42772195162319804 0.31366090687900683 0.43201011655344246 0.27488479515780745
57 0.3247650452117341 0.29779888673203914 0.31645031735251905 0.22843808275000377 0.4204962462305275 0.21596561313404727 0.42881121767254626 0.28532612879410757
55 0.4119106379251889 0.2909206423393582 0.4096528898211318 0.3414265194591747 0.24441168690009363 0.3340391876761734 0.24666981328050497 0.28353370995029775
38 0.5938495500366798 0.6363756640953565 0.593579301388445 0.6770101440153461 0.4242125540864663 0.6758817627858742 0.42448348494622223 0.6352479547820945
39 0.6016833704854889 0.6685756155285923 0.6029572989722283 0.7075973345611786 0.4376655750951386 0.7129907244741687 0.436392345262675 0.6739696735401832
41 0.25534313893217586 0.722384818630828 0.24997597897026935 0.6726008595324025 0.42072249169791576 0.6541940933905628 0.4260904396888918 0.7039771712809036
40 0.303182373090749 0.7714104033244429 0.29443641112209207 0.7207571009097882 0.4397695927229961 0.6956665186773296 0.44851621126986174 0.746318997974195
6 0.3262881852127748 0.6697339544457614 0.32011291526328023 0.6232020662313336 0.3951925454865659 0.6132393104628688 0.4013681056544556 0.6597708560451949
6 0.4641584741452789 0.5243111937331904 0.4645896771860407 0.5482309486917278 0.3882297979539544 0.5496070622392933 0.3877987470118569 0.5256874568760578
6 0.38980467624367066 0.46956670613775564 0.3892132334474354 0.4440364671924919 0.46483589971558104 0.4422845533799049 0.465427473529644 0.46781465769497343
6 0.3206333389074416 0.3813916530628027 0.32877411602157736 0.32980714543279444 0.4003396924476874 0.3411007606111844 0.39219914585521565 0.3926850624799764
6 0.36730498680310575 0.3812659863678825 0.3664547578589463 0.41621712184961973 0.30404323121661037 0.41469881068635295 0.30489358912598163 0.3797478097355169
27 0.103125 0.946875 0.125 0.946875 0.125 0.953125 0.103125 0.953125