43 0.48541140669783545 0.321684253500685 0.4902395557971886 0.276041478254704 0.674618291391198 0.29554447136564743 0.6697905800641593 0.34118682390366417
0 0.5288785191422676 0.28852958148099256 0.5344768514846692 0.2468237074981028 0.718553522267598 0.27153204231469213 0.7129555590263408 0.3132375739061938
57 0.44821579398364975 0.2785986469809606 0.35776342089786795 0.2863443379776659 0.35209306951367125 0.2201255618726405 0.4425449878075369 0.21237989045390876
55 0.4665028037157981 0.28285523558854603 0.4627316242274446 0.3375989168390453 0.2823802175457786 0.3251742067698545 0.2861518179184941 0.27043097362781415
38 0.6820838462197116 0.6649674049203096 0.683717577397374 0.7097017208490849 0.4855836140388874 0.7169338131744194 0.4839508455409032 0.6722004144293506
39 0.6737504907603125 0.6850960874351965 0.682553539774517 0.7287204967510696 0.5378289642344498 0.7579183374560273 0.5290267178410204 0.7142946237742609
41 0.28663838644752104 0.7276273367514134 0.28063593205570214 0.6724334536461163 0.4597910490160757 0.6529511658941226 0.46579442134168403 0.7081440269312812
40 0.39599325271649377 0.7823112499048461 0.36305352728550133 0.7285789964735748 0.4445912227854478 0.6786018358487226 0.47753089946502314 0.7323335134629717
27 0.5314542445692041 0.3684130074129493 0.5292556139918361 0.32322274056913936 0.6712324571309409 0.31631493446998993 0.6734314065058697 0.3615048767862949
6 0.5406140194264708 0.32062077775597553 0.5392620483501105 0.370639353788925 0.45571872435243677 0.3683810246392332 0.4570709084854343 0.31836266820833137
6 0.4348703808562959 0.604423144534819 0.447014239152395 0.6543332139126992 0.38224645246566524 0.6700898488553656 0.3701029685807953 0.620180103620617
6 0.45158735899553903 0.649920317813007 0.46478763368941145 0.7059792163405813 0.3957433373866479 0.7222343722038723 0.38254354244452315 0.6661758892413756
6 0.5393724630049519 0.6260873424539275 0.5432720116968994 0.6709599363057476 0.4629744226706407 0.6779366215304825 0.45907526038229207 0.6330643877966554
6 0.5040788768612856 0.4128844455784686 0.5047629565331135 0.4424032820473598 0.4225865714462316 0.4443072815515319 0.4219026539758488 0.4147886047968908
6 0.5032446975021685 0.44200932366445156 0.5043812205119593 0.4688662691777623 0.4192351673931398 0.4724688988461781 0.4180988103339587 0.44561211344198404
6 0.4965632412393006 0.469582239968337 0.49759229266078364 0.4970708072253277 0.4114156688491448 0.5002963033493373 0.410386798872878 0.4728079119434945
6 0.4956394439636824 0.5010606717904882 0.4956395880518585 0.5286421175326249 0.4113371859114068 0.5286421800886719 0.4113372242316018 0.5010609164613627
27 0.071875 0.93359375 0.1 0.93359375 0.1 0.96171875 0.071875 0.96171875