43 0.30199153201499485 0.537416421821442 0.2609776703669695 0.536661634421959 0.2643237527624933 0.3548876988875418 0.30533655523220204 0.3556424762553671
0 0.2722170919327027 0.4879363582677913 0.22587736123557534 0.4833501584581725 0.24003110210435352 0.34035203419851573 0.2863699916334781 0.3449381918130696
57 0.27377911323537774 0.6628321725251449 0.20216773221125095 0.6672662442766958 0.19522390164490844 0.555121712731914 0.2668337990960481 0.5506876869373787
55 0.2652072281080109 0.5447155643056195 0.31553258184817423 0.5458268948903422 0.3115700502423806 0.7252451929338134 0.2612446970764495 0.7241338815402522
38 0.7245764767184255 0.556686046875 0.6825563778862715 0.556686046875 0.6825568153403765 0.37499999999999983 0.7245758065754444 0.37499999999999983
39 0.7105718597227906 0.3456077001271526 0.7553453553684903 0.34211167979024554 0.7702104478573801 0.5324785276461692 0.7254369582192339 0.5359745028416713
41 0.6568667737803935 0.5719583954379228 0.7094291246320381 0.563153041440592 0.7384460111272801 0.7363445175725823 0.6858837003028384 0.7451497181813231
40 0.7093790183407691 0.5460649409398709 0.7818773805022374 0.5495870709818016 0.7764038241141407 0.6622409472835565 0.703905464233344 0.658718853770927
6 0.3740689476916259 0.5755236495434044 0.35180491058611096 0.6370430392293359 0.2972243914076671 0.6172920800582404 0.31948857562417743 0.5557730147374684
6 0.7095353392421657 0.6578177394620162 0.6993792461645398 0.656852392164614 0.7038086651657522 0.6102583339410843 0.7139646668922524 0.6112236768623256
27 0.94609375 0.8609375 0.96171875 0.8609375 0.96171875 0.88125 0.94609375 0.88125