43 0.4995445777435634 0.34026627455336456 0.4984120171076256 0.2970583413243106 0.7008174202512691 0.2917523621640411 0.7019503910395315 0.3349598673586264
0 0.6142634466592654 0.2805676283185721 0.6259085118038001 0.24087498550803896 0.7580135880980379 0.27963103376494053 0.7463687980508666 0.3193234398054698
57 0.4577207224265294 0.26907602372438494 0.45667330103640325 0.3186054926331877 0.26960205522300384 0.3146485517189419 0.27064987745006874 0.26511949436753235
55 0.4532264436116975 0.32103241497806956 0.44534719243506515 0.3696131311479239 0.26938119516762526 0.341073525320094 0.2772607898033357 0.2924932630081764
38 0.49781878298176707 0.6934222725230579 0.4978201212610429 0.6495745514416744 0.724564258603209 0.6495794542481892 0.7245639381160345 0.6934261531370106
41 0.26807638418495117 0.7238156023680137 0.26028709954209717 0.672979979480702 0.4519283299733843 0.6436185101826566 0.45971844924770267 0.6944531061420657
40 0.35080001952076145 0.729188235996679 0.40229448780451094 0.6713909411512724 0.5045442076756217 0.7624754771002826 0.45305067578851776 0.8202718734278965
27 0.7008823232614532 0.29655175129442213 0.7020666838213856 0.3342712224602253 0.5531360444261963 0.33894692243533237 0.5519519643238482 0.301227739806816
6 0.5014689701102952 0.34072792503413046 0.4994416441309113 0.2976718769734635 0.5630600829075547 0.29467643083546774 0.5650875352284856 0.3377323442431463
6 0.4540406182603647 0.32549731499557955 0.4377465079957119 0.3757282388513853 0.3680441652575155 0.3531185127211854 0.38433837546836 0.30288777938096495
6 0.4124767897347965 0.578786086974307 0.4117743185367999 0.6119949772203538 0.34211279422231655 0.6105212948343834 0.3428154704025701 0.5773126157044208
6 0.34718489465149105 0.6568637622288725 0.3435820169587487 0.6050327321870501 0.42717450861925954 0.5992225988602966 0.43077777004543805 0.6510532141653201
6 0.3671740585585894 0.7010015293855252 0.3654874697388095 0.6507359993638528 0.45388435590825793 0.6477701766421426 0.45557138601134284 0.6980352505191058
6 0.49709302343750006 0.6485148515625 0.5712209296874999 0.6485148515625 0.5712209296874999 0.6927157 0.49709302343750006 0.6927157
6 0.4903672377545263 0.6538312588362785 0.4872189606248867 0.6063834148099737 0.5640795819274445 0.6012840370228608 0.567228183399834 0.6487315306761775
6 0.36175498468765 0.5666544065571228 0.36471056598986706 0.553157229169231 0.4001695155835705 0.5609211667023936 0.3972139825962131 0.5744183020868275
6 0.3902616208913514 0.4239745376333205 0.39026162892014327 0.4179632191403737 0.40988372072524726 0.4179632367587769 0.40988372025958597 0.42397454768900156
6 0.37749441053415467 0.38541089717583527 0.381590959705818 0.36895584762079203 0.43312221670987583 0.3817841539061995 0.42902572695538765 0.39823915198692866
27 0.07265625 0.95625 0.08984375 0.95625 0.08984375 0.96875 0.07265625 0.96875