43 0.31237783491224036 0.5792605399933526 0.2697773955900402 0.5806422780356577 0.26297444370413814 0.37089122114739925 0.3055735686216394 0.3695095046684741
0 0.28188894371965034 0.5071454573065122 0.2244625640414597 0.5048171097464779 0.23254393877084567 0.3055293823887245 0.28996888185042735 0.30785770050683675
57 0.2846021664638556 0.715858393178253 0.2078552261814366 0.7219960434445664 0.19863222749938814 0.6066723416232639 0.2753773935399977 0.6005347624694237
55 0.33281821049138216 0.7523328431632487 0.27532645609426254 0.754137343339688 0.26967860570528046 0.5741877396149658 0.32716828170566714 0.5723832719610873
38 0.6845656125775577 0.41210998613277927 0.7285520717564395 0.41308273330640977 0.7247857719055446 0.5833781926059979 0.6807993130599925 0.5824054581378746
39 0.7627300395728298 0.507267440625 0.7132247446038491 0.507267440625 0.7132252305282236 0.3604651171874999 0.7627295364914062 0.3604651171874999
41 0.6638906259491932 0.5815982678386242 0.7149827889107883 0.5781991046292868 0.7264178302718847 0.7500556924584061 0.6753256732090449 0.7534547971259397
40 0.7069604045146889 0.5900337700718948 0.7766878742089602 0.5919183503944494 0.7735522012981164 0.7079207177437989 0.7038247324639997 0.7060361589662275
6 0.26472558474756624 0.5803372649473835 0.32389497426936487 0.5715762168758152 0.33504083368939064 0.6468435550196465 0.275871458024767 0.6556045406478571
6 0.38265541996895536 0.5775004136309693 0.3857226803955882 0.6446410594382467 0.3262845911159502 0.6473557626265323 0.3232177198021873 0.5802154900299016
6 0.3538930347637006 0.4943515999882159 0.364009532504042 0.5632570229433128 0.3136896274197625 0.5706439500070289 0.30357344656488294 0.5017388115589367
6 0.39350991916762723 0.5687017895171766 0.35623681148229025 0.570610643462442 0.3522776612891221 0.4933053114345056 0.3895502997119138 0.4913964695891238
6 0.6736889102028272 0.6391558039027626 0.6217653795687283 0.6492602941275389 0.609930877268539 0.5884524661943845 0.6618538269581222 0.5783480338850758
6 0.6662646950209137 0.5817247155565914 0.7190142009263809 0.5833803979510769 0.7168149696067303 0.6534392866476564 0.6640654642369554 0.6517836151547721
6 0.6174079087982136 0.6428292518312473 0.5828524106810846 0.641778531929797 0.5847920790098442 0.578002292850912 0.6193471666196046 0.5790530064986762
6 0.6361385242593087 0.5712209449753417 0.6361387815223907 0.50581381414251 0.6838755311813429 0.5058140503951057 0.6838755306199573 0.5712209234689387
6 0.6810194938130962 0.515597759592227 0.723762939648509 0.5145579821974656 0.7253721550771388 0.5807041747048004 0.6826287094627332 0.5817439463588279
27 0.94453125 0.8828125 0.96171875 0.8828125 0.96171875 0.9109375 0.94453125 0.9109375