43 0.3307468341417916 0.5662363893960954 0.29052337805342177 0.5641631628814194 0.30129212808367356 0.35526252239743694 0.34151438546530244 0.3573357176106011
57 0.28333719021009074 0.5539150781033377 0.33495948176198453 0.5969288099336036 0.26663001994973 0.6789235394004943 0.2150081211310635 0.635910236761824
55 0.3081263343368619 0.5841616021905728 0.3560525701681172 0.5914382950116405 0.3313316677582634 0.7542355799660297 0.2834054588520303 0.7469590092848231
38 0.6414708071375799 0.3498865073139556 0.6847454191464522 0.34907769152382456 0.6887374864933236 0.5626554196413821 0.6454628749912672 0.5634642232061022
41 0.7023653078882717 0.7451984492694348 0.6494328511348613 0.7547606006254788 0.620184443153903 0.5928701158300418 0.6731151852798121 0.583308122060149
40 0.7491974060203574 0.6984434684827315 0.6974243959992918 0.7102348112216089 0.6661858075906366 0.5730877383318013 0.7179574664463644 0.561296554970158
6 0.5987899229704681 0.5129187131216039 0.6447761630112154 0.509783571447663 0.6501739999159781 0.5889519908797861 0.6041877620167497 0.5920871117147687
6 0.6841297197877338 0.6617448914866926 0.6320944424055597 0.6679883817679436 0.6228240828428397 0.5907325360313573 0.6748585955702993 0.5844890921424355
6 0.6292300037116547 0.6129538963579405 0.6435397271392276 0.6844922209430753 0.589539143074262 0.6952920929283195 0.5752298670146274 0.6237541596163587
6 0.5324000526969712 0.6231999999999999 0.5107999469902325 0.6231999999999999 0.5108000940490456 0.5544 0.5323999334357268 0.5544
6 0.3882185439534851 0.6955138661573719 0.33755549961404085 0.6894351031034862 0.34688530305515997 0.6116904730644379 0.397547567128413 0.6177691888371613
6 0.3278198978586033 0.5193778077290735 0.3677723964335655 0.5172752431061602 0.37149061257684934 0.5879216347423368 0.33153811497368224 0.5900241868153326
6 0.30538218825336116 0.5837037945478212 0.3519999986666562 0.5871997136118816 0.3458247388110749 0.6695367616306257 0.2992069315782828 0.6660408701088225
6 0.2958175918319057 0.49159683259303943 0.3353191598415606 0.4941728097271743 0.3305468198939252 0.5673486218184166 0.291045253263178 0.5647726599653972