43 0.5091707352661388 0.687991927821358 0.5077209798529339 0.7302567670062067 0.3245164251482038 0.7239714022874957 0.32596698104737243 0.681707399045707
0 0.3881350915519306 0.7251284190687118 0.36114068086590123 0.777002206482302 0.23094493012217754 0.7092596059733659 0.25793943989935997 0.6573866539813634
57 0.4797319329010179 0.7558604965955065 0.4902652985832674 0.7042981893619208 0.6414158906122793 0.735169827389637 0.6308835567053848 0.78673123482143
55 0.5117553204057685 0.7077778941652495 0.5260146983580398 0.6569304874069394 0.6952374908984211 0.704378750613154 0.6809792409735564 0.7552251857744408
38 0.29971746654973686 0.36659911740478973 0.29343353621072765 0.3198601770353888 0.48776894088132394 0.29373223130510423 0.494053262521561 0.34047072769229086
39 0.25828666985285054 0.3587864222458158 0.23583897610956228 0.3057295877228762 0.33963014261405533 0.26181809507232096 0.36207792715595133 0.31487463704620805
41 0.6539500160135958 0.2511526854778531 0.6706548598683639 0.30491868902775937 0.5035172925761344 0.35684514953407453 0.48681295353196674 0.3030795714058059
40 0.5753584574970318 0.2207820719390924 0.5647084994569695 0.30017307368103324 0.4600215520281381 0.28612974330907925 0.4706717827958755 0.20673907970549604
27 0.32372354150334104 0.6756514624191938 0.3266651171134072 0.6339745264112965 0.47440000000005966 0.6444000000000156 0.4714590873253428 0.686076298025532
6 0.5403953493397466 0.6434381387763205 0.5394819412233574 0.690943900056163 0.46589357107654905 0.6895287118748538 0.46680732690970217 0.6420233040757054
6 0.5976460792286389 0.6859789823921408 0.5563351118750006 0.7385491250290341 0.5104240247568441 0.702475960046255 0.5517348351424971 0.6499061398318511
6 0.5396541897498537 0.6678768222584767 0.5425750446876236 0.6141483583861711 0.6289759572351841 0.6188446597623503 0.626055580802813 0.6725726687171656
6 0.6209466611544485 0.3374052032821304 0.6241649160857605 0.3927532076538664 0.5349037166915878 0.3979427966614386 0.5316857529393246 0.34259506902674963
6 0.4903214922006782 0.3448619959923839 0.4890229033223932 0.29291432832647196 0.586411911647815 0.29047979196374574 0.5877107385168756 0.34242721175090357