43 0.4287328019231609 0.31032687501010814 0.42892653147180226 0.2650131818141743 0.5997170969661738 0.26574302788681947 0.5995237108097626 0.311056364027343
0 0.4691314342999249 0.265263813008977 0.4782003341958898 0.22368709854665636 0.6280623253004478 0.2563748356010824 0.6189937222131903 0.29795128520631725
55 0.24765044812579617 0.3068845478959558 0.25335741496769515 0.25606164314949814 0.41560748300491923 0.2742800005507054 0.4099009169586907 0.3251025444825071
57 0.30745005284529725 0.2872551165092035 0.2955118328311528 0.2158783305425581 0.40295406881261897 0.19790815677009585 0.4148925166288109 0.2692846587930568
6 0.4047802939851408 0.3285347696015866 0.3346516424354604 0.31290655940058304 0.34607810791169413 0.2616345811402855 0.4162064371641918 0.27726275387613036
6 0.3223462829637356 0.364974421010575 0.3290113307790534 0.31409837207684693 0.40973357212328665 0.32467305242984446 0.4030687659612795 0.37554888007308795
6 0.39082934459565877 0.6244443380445479 0.39320412097310964 0.6781198659709601 0.3138085120370988 0.6816316037170781 0.3114341780617451 0.6279565014491949
6 0.3843054203613292 0.6638654400114367 0.4135166686087359 0.721490892366128 0.3539625150858683 0.7516747605575855 0.32475175213676266 0.6940497230249647
38 0.6131240006451435 0.6876941201975466 0.6156927506654029 0.7321078577843466 0.43497847335834194 0.7425556530758111 0.43241064199696666 0.6981427767911694
39 0.6149211947066533 0.7048051655153892 0.6277339800643631 0.7534714409416459 0.4965002986135687 0.7880150736561712 0.48368838229771427 0.7393495414161387
41 0.2260361600469878 0.7429142565391046 0.22229244716970697 0.6861565372763557 0.4055202874653787 0.6740713650120616 0.4092650468382999 0.7308279640495713
40 0.4207796113080349 0.7280943769379344 0.4188685001375916 0.8027315001508706 0.31898243441298746 0.8001732924224738 0.32089438981006424 0.7255370336192525
27 0.05234375 0.95859375 0.06640625 0.95859375 0.06640625 0.97109375 0.05234375 0.97109375