43 0.3222358506435512 0.5607577119676601 0.2786943940875517 0.5584550893111646 0.2880864893749049 0.38088074092403246 0.33162683279624616 0.38318333399235394
0 0.29411563816313446 0.4942941150972922 0.2448791011377125 0.49180817771906665 0.2519092313286819 0.3525872672878273 0.3011448712267111 0.35507318174566493
57 0.21123178229242967 0.5468922922251682 0.2816921791082905 0.5423552759510434 0.2903324636929483 0.6765254446130957 0.21987207226879946 0.6810624039685297
6 0.28003145352249703 0.5570435638263864 0.329004963395505 0.5581781464954748 0.3271068425857493 0.640100610156831 0.27813333297922327 0.6389660359698655
6 0.35933821542744226 0.6545480093990039 0.30942883884392813 0.639768173276419 0.3284812771275938 0.5754396060202926 0.3783900664188877 0.5902193493705591
55 0.28233857478858226 0.5554326017012312 0.33183467222170293 0.5599842689058812 0.3144498319569493 0.7490087541125214 0.2649537455823747 0.7444571729606976
6 0.36752350224412567 0.5737809256851587 0.3216294831039477 0.5727176690738219 0.32347856009448606 0.4929251441348823 0.369371987122463 0.49398839390588106
6 0.6541303794108444 0.5857813472800715 0.6668284093208285 0.6563814960440377 0.6134524699937174 0.6659800973898092 0.6007548529589712 0.5953803126237168
38 0.6547071791943608 0.3917123440106042 0.6984534258018584 0.38859765775246047 0.711379918836542 0.5701404726617685 0.6676336769319278 0.5732551171825337
39 0.6933162469025547 0.3623324769942325 0.7392712020839554 0.36109032814556874 0.7433956532230468 0.5136715954877176 0.6974406986054191 0.5149137315838287
41 0.6993921494962478 0.7716306791740939 0.6478912739250973 0.7692444822158545 0.6569027852698355 0.5748067756642722 0.7084016535926594 0.5771929267331173
40 0.7081642535479205 0.5864533806092568 0.7777010310742298 0.5934285893684865 0.7665568265005049 0.7045130239674089 0.6970200608079722 0.697537891786063
27 0.94140625 0.91796875 0.95859375 0.91796875 0.95859375 0.93515625 0.94140625 0.93515625