43 0.2857713311086627 0.4120398630240971 0.3287869341847909 0.4146946724098866 0.31947451224368706 0.5655725004424842 0.276458911753366 0.5629177211756826
0 0.29082583822867036 0.44335248910491476 0.23896054286240087 0.4245225200387838 0.283605831492423 0.30155817987386013 0.33547043924636455 0.320388012422529
6 0.31847934881909623 0.6778321857607522 0.2648842293302778 0.657986645176892 0.291818078018764 0.5852588336268035 0.3454124812160444 0.6051042283013952
55 0.2886227996210664 0.5845711794158802 0.3404872053059762 0.5925730667047945 0.3164504171728595 0.7483480663970413 0.2645860402525386 0.7403463064381176
6 0.3302866357878429 0.6227199468866536 0.38648433610808297 0.6296563282484136 0.3766246070094894 0.709528097380188 0.32042691702815773 0.7025917725682168
6 0.48129007378793176 0.6541277138130565 0.4517974548160737 0.6526716113812177 0.456676502622372 0.5538657047906604 0.48616858144589514 0.5553217937935765
6 0.5609882837271698 0.5595410199705163 0.5921197026452774 0.5576197374222759 0.5979522928737424 0.6521177023745292 0.5668208755487285 0.6540389681286187
6 0.7869072245446205 0.6826586665641428 0.7357886099758844 0.6927538493075519 0.7207102162936962 0.6164098577023878 0.771828070453239 0.6063147519701022
41 0.8088759161696544 0.7536338603767608 0.7543663023594718 0.76765047792499 0.7158280836328004 0.6177971872997137 0.7703360300655504 0.603780794035088
40 0.8491223247571043 0.7322492477060542 0.8000182095499895 0.7446984808323593 0.7657322247101774 0.6094788120222435 0.8148350040155492 0.5970297564421294
38 0.7260960318441221 0.4323156721915415 0.7665726925886247 0.4283187206637779 0.7822279913646071 0.5868464531085874 0.7417513382173411 0.5908433550731493
39 0.7341974291122142 0.3858999755151355 0.7766166882177004 0.370191605715301 0.8135857451419497 0.4700185847858048 0.7711665435891746 0.485726845454012
27 0.946875 0.91484375 0.9609375 0.91484375 0.9609375 0.93046875 0.946875 0.93046875