6 0.4927433321998933 0.6766019454943495 0.489702982125209 0.7203390499550264 0.4270248017674021 0.7159823094817837 0.430065420993742 0.6722454956766646
6 0.5160306533125549 0.6416878145997785 0.5130569074432287 0.6803934152386487 0.43337468610741325 0.6742717602595679 0.43634871562915123 0.6355664684258439
6 0.46438950356343867 0.6407355204463184 0.46438960029888676 0.6082036040618769 0.522529027185783 0.6082037315505678 0.5225291106332861 0.6407354668951287
27 0.44840118642537163 0.6743279010151975 0.4443378986953803 0.7160826413307082 0.303368210457279 0.7023648361677634 0.30743205021144604 0.6606107036198221
27 0.4760173841845017 0.6106779466519618 0.47736385663574765 0.6340178129351428 0.367419902651136 0.6403587655471507 0.36607368720592603 0.617019138305035
43 0.49259148112355433 0.6767293258283068 0.4893319147885222 0.7204379260148703 0.3045644913216847 0.7066590084754971 0.3078248381339108 0.6629512750125292
0 0.43879238361716943 0.7004994098991971 0.43299179032464963 0.7424287943953022 0.27968891878037994 0.7212223266448339 0.285490095424052 0.6792936470873778
6 0.5077556748045708 0.7103428530533393 0.5115969193659566 0.6669316539199777 0.6000435593382463 0.6747564901481763 0.5962027522625704 0.7181672844769127
55 0.5068853425547104 0.7093331914529628 0.5116231284686137 0.6655265402090887 0.6844032576120753 0.6842092656793292 0.6796663523720099 0.7280151088530141
57 0.5662586009719917 0.7674396908108411 0.5649976930494631 0.7039233012806217 0.6740222734856616 0.7017589089679226 0.6752839404331326 0.7652745320007279
6 0.5709652403295422 0.4045467826350658 0.5549158758533395 0.3468247546584277 0.6247799440242261 0.327400128183535 0.6408294515625812 0.38512192106226956
27 0.7289846084262308 0.3207782979496634 0.7369959772518087 0.36945428758552545 0.6170226328704302 0.38919899714074674 0.6090116265625056 0.3405233374999632
6 0.5273850067069361 0.31806494383355843 0.5291039409097493 0.37105032675402966 0.43640749358701214 0.3740570584052034 0.43468882537706577 0.32107193063090833
6 0.44667232924189193 0.31785187581883984 0.44846654581806433 0.27360583407828915 0.5378953600278464 0.27723207300178004 0.5361013300380364 0.3214779345105788
38 0.32335324083362593 0.3291338962081134 0.32111737419472774 0.2827902287900526 0.5358938361002856 0.2724275149065344 0.538130138591896 0.3187707433106261
39 0.2874992187855696 0.32203199144667005 0.27780385920607387 0.2762750997566074 0.4602016525934687 0.23762729657569645 0.46989728383198326 0.28338384717342735
27 0.88125 0.05234375 0.896875 0.05234375 0.896875 0.06171875 0.88125 0.06171875