43 0.48057210326885524 0.35438004105760595 0.48906345645070814 0.3115881158332272 0.6727366728059678 0.3480332185480985 0.6642458128943645 0.39082470525747615
0 0.6911128023492665 0.3217328669566294 0.6965578334570637 0.3634750130039668 0.6088328754699432 0.3749174881755269 0.6033880595196024 0.3331755348545499
55 0.477574520128087 0.31862046710501934 0.4722106400942039 0.368288176358218 0.3201266121511708 0.35186367292893206 0.32549082930688655 0.30219635893206603
57 0.4805822381182452 0.2730640046825296 0.48292496953172304 0.3175723908317778 0.3882817638518645 0.32255356376224886 0.38593923310861555 0.27804536867442464
6 0.4370412001096611 0.3651436935987232 0.43318419093122884 0.41721364622487367 0.3518231332557207 0.4111868896773601 0.35568037262555663 0.35911718641725693
6 0.4324495218412494 0.39995587568772467 0.4352263913029901 0.3527543979313473 0.5214689995835897 0.35782769463527797 0.5186923773817398 0.4050289416921348
6 0.42747413295933256 0.6980760000825007 0.42568255235653396 0.6479112376245809 0.5085337809882731 0.6449525353578134 0.5103257705878832 0.6951168738785268
6 0.3341044484716349 0.6415630691313472 0.3389667190117507 0.6026707413874521 0.3972556653160382 0.6099570745824946 0.3923936350887516 0.6488491834128636
6 0.4276306095144946 0.645230442341645 0.420333122987131 0.6931810843795562 0.3389903677517623 0.6808029113498173 0.3462881790330812 0.6328526689952265
6 0.4606740357975241 0.6822659824773194 0.463819681410655 0.7357283291871858 0.3806719538346215 0.7406192293437639 0.3775268172454389 0.6871573656587744
27 0.3480004967041168 0.6451998775396688 0.21151863754516853 0.6788488187176301 0.20431891175655892 0.6496488417464401 0.3407999999999447 0.6160000000000061
27 0.25211275491346896 0.7130354972226733 0.24298572985628653 0.6678603674542415 0.37087261793681137 0.6420259267613666 0.380000086936775 0.6872004302744473
41 0.30537262395330345 0.7526466031616045 0.2987919565531456 0.6985908291560863 0.4583538290028173 0.6791680162139648 0.46493531119062936 0.7332228459126923
40 0.47298381837333636 0.7389781688807332 0.4668042096160434 0.7868649920579414 0.36991387034038326 0.7743631217964092 0.37609393510717837 0.7264768401618723
38 0.6359941935966162 0.6646491507809993 0.6445401134718622 0.7086704391542462 0.47160093355671506 0.7422357795871778 0.4630559517830761 0.6982153017053727
39 0.593288430362918 0.7257897735874014 0.5938932728289501 0.683489595351538 0.6857714256286727 0.6848029400719104 0.6851670068297153 0.7271026991320527
27 0.06171875 0.965625 0.06640625 0.965625 0.06640625 0.9796875 0.06171875 0.9796875