43 0.2939549165473636 0.5212638659448973 0.24659071488349582 0.5166432492163713 0.265393575387634 0.32392144439093684 0.3127566005304061 0.3285420031537341
0 0.2610975109746505 0.4578467791974928 0.21087504717866068 0.44565739841118446 0.2537419989727141 0.2690481871247489 0.3039634669038378 0.28123743946280894
55 0.2508399692060266 0.5429201067319706 0.30717609661724055 0.5509672919035961 0.2822877540436366 0.7251836294360925 0.22595165650636773 0.7171365807193382
6 0.23720524011014277 0.6219646684034957 0.25178633481971247 0.5417791952841136 0.30976083718974223 0.552320394025999 0.2951802209233847 0.6325054454611777
6 0.2948374559152853 0.5600408608170493 0.35347503844673156 0.5562170769599684 0.35868896293220587 0.6361640167626698 0.3000513831553917 0.6399877727012857
57 0.1656047344253011 0.5483766260044063 0.25139005993389674 0.544700527420048 0.2563997611373452 0.6615943954087026 0.17061443771274298 0.6652704544010737
38 0.6594971284625899 0.34265607132382886 0.7038099520802916 0.34001257326555356 0.7147658797526901 0.5236566660191351 0.6704530590336617 0.5263001318356973
39 0.6765010938373734 0.29938060904134933 0.7196562511494449 0.2912076835341032 0.7520334244236437 0.4621606773150849 0.7088782909805786 0.47033351944650303
41 0.6626460137425738 0.548090090910484 0.7147345358116581 0.544617881437998 0.7267611941446148 0.725016086791769 0.6746726784037946 0.728488236258244
40 0.7863273723301063 0.6563455961300861 0.7057669516082115 0.6579566200940676 0.7034809332309351 0.5436183377534795 0.7840396848488353 0.5420073303898532
27 0.92890625 0.89375 0.93984375 0.89375 0.93984375 0.90625 0.92890625 0.90625