6 0.3808543163804643 0.5768220773626117 0.33659271060935225 0.5794322746284867 0.33205053102619786 0.5024119162790522 0.37631157525765957 0.49980173564591085
43 0.3339926088718812 0.5481130055143507 0.2912502588503685 0.5429636700383873 0.3086538924173965 0.3985186685246053 0.35139535103257913 0.40366794952743656
0 0.27717500565404407 0.33868926810681654 0.3148371899646918 0.33634002230726945 0.3222363641506263 0.45495539094567833 0.2845741815091287 0.45730461986911214
6 0.39267976872270083 0.6138801973192844 0.3668157929221252 0.676795758469537 0.3091373062021603 0.6530872874443302 0.33500141759577673 0.5901721040668874
55 0.286997247968543 0.5472997981262531 0.3390070134346388 0.556451929170821 0.3105447351792918 0.7181789290207076 0.2585350072077972 0.709026941640643
57 0.25839524186017115 0.5324233161879035 0.31691198537998844 0.5738328152673516 0.24927389761171526 0.6694029892577492 0.19075752225739961 0.6279939323037464
6 0.6165084619617573 0.5074566781212483 0.6633957582959056 0.5061148246313696 0.6658409522613056 0.5915476731503928 0.6189536563855427 0.592889517018642
6 0.6092738183454003 0.6252026887081219 0.6658236577278558 0.600353627042364 0.6940676322967647 0.6646216208321244 0.6375178945729658 0.6894705114495119
38 0.6398900039785076 0.42406827392479274 0.6855369253672734 0.41483556342224387 0.7131365119638531 0.5512798526044418 0.6674896191254902 0.5605124669028246
39 0.6704352890449172 0.3102630500820143 0.7186797449494406 0.30750154323862144 0.7276384148975694 0.4640059916244505 0.6793939613636439 0.4667674727879554
41 0.7464949138868633 0.7229071793871347 0.6918574966018696 0.7331143931058823 0.6613468768437087 0.5698135187387985 0.7159825769299459 0.5596064681829912
40 0.8215053150975109 0.6434200505842315 0.7566715540245923 0.6898811821957685 0.6850500123181291 0.5899484861246211 0.7498827319218435 0.5434878901642803
27 0.94921875 0.9015625 0.96015625 0.9015625 0.96015625 0.91875 0.94921875 0.91875