43 0.3119963934689167 0.5384424279273341 0.2716604245827057 0.5348412366400953 0.28725675567238795 0.36016951419008 0.3275917378059603 0.36377066043342465
0 0.2774777941724551 0.4834828799032622 0.2495075137172762 0.4738686618629277 0.28758603840856267 0.36309537304036366 0.3155559255925482 0.37270951677411185
6 0.35655054805113195 0.5666566784493363 0.3111520530319467 0.5696829750111464 0.30544800743143696 0.48411665802157805 0.35084587996698247 0.48109038230431644
55 0.28938475428435595 0.5510420655875163 0.338884320142256 0.5549238806852799 0.32471742209668264 0.7355539014661935 0.2752178636184226 0.7316721551710752
57 0.2817667713807168 0.574576712799032 0.29795827790678686 0.6690129515303058 0.22262861196441008 0.6819263488931828 0.20643788376810335 0.5874908006943075
38 0.6171980324518245 0.3495855800073214 0.6676152468040755 0.34225265891433354 0.6958959197688728 0.5366845588508241 0.6454787265395225 0.5440173807139755
39 0.6540370270491849 0.3310140594363841 0.6952533209071134 0.323908180138851 0.721340919573322 0.47521738026941907 0.6801246429446337 0.4823231917896058
6 0.6323623317384772 0.5912080791589283 0.6648430825041487 0.6466094678250215 0.6059900093574697 0.6811092101210087 0.5735096796726111 0.6257081864644446
41 0.7241510553741364 0.717782094285427 0.6648230199564296 0.7317768332699753 0.6262670806826236 0.5683428313523269 0.6855933172748792 0.5543483077941626
40 0.746711955882347 0.6776260810437286 0.704232425574105 0.6774989097731636 0.7047576892442748 0.5022813206520326 0.7472358539379229 0.502408489850525
27 0.91484375 0.88359375 0.92890625 0.88359375 0.92890625 0.89765625 0.91484375 0.89765625