43 0.2730249662715778 0.32737934254553847 0.3157583417440719 0.3283243899050377 0.3104095760486416 0.5701728094293789 0.26767620111968426 0.5692277777946267
0 0.24931491735640066 0.3246019698397658 0.2938415063397315 0.3291803756904069 0.27106895150052424 0.5506396404492203 0.22654237282358736 0.5460613029104289
57 0.29320750312865584 0.6544527506160092 0.21554365304905332 0.6621638155010283 0.20478403745744345 0.5537992455896098 0.28244635802820994 0.5460882566552483
55 0.2960012554709692 0.7524223038697655 0.24685795035429692 0.7412869566413163 0.2870641606583604 0.5638755954873027 0.33620578688987734 0.5750107481883938
38 0.6731820253424985 0.36168501536585385 0.7158649466321094 0.3606801857593781 0.7206029211073428 0.5619267400442333 0.6779200004924633 0.5629315552564849
39 0.6894062937063836 0.3037236020508696 0.7380982961948348 0.29827919263434716 0.7572501844264252 0.46955664862100316 0.7085581912834868 0.47500100174320686
41 0.650659437397735 0.5672574504883563 0.698244242274427 0.5590428026504167 0.7300900013767659 0.7434928476795031 0.6825052368432125 0.7517073430451993
40 0.7015150327040374 0.6529832523577612 0.6919695128482317 0.5446148913470821 0.7596594375386303 0.5386532850428569 0.7692055601640959 0.6470209709460322
27 0.3074136448119589 0.3456702954539217 0.3450081092828441 0.34462840728861444 0.35001901477687625 0.5254276801355939 0.3124245508287231 0.5264695559700648
27 0.35325319565788504 0.5319768499948853 0.3383428218511426 0.4086510559623197 0.36238788888329054 0.4057441765077288 0.37729844374996446 0.5290697671875556
27 0.6155469430198082 0.4015730857154331 0.6381656726132405 0.40257351244964684 0.6325904400322315 0.5286166975598839 0.6099717109375433 0.5276162796875001
6 0.3094910553210184 0.5074492849438595 0.3539746359496121 0.5090524054022931 0.351291718193238 0.5834917784447196 0.3068081381312595 0.5818886679252332
6 0.3475303527101232 0.5243153355112056 0.37874071774126605 0.5218662454631525 0.3838141479091064 0.5865143998986917 0.35260378442603724 0.5889634764920212
6 0.37765205156250004 0.5218023265625 0.40876944843749996 0.5218023265625 0.40876944843749996 0.5901162796875 0.37765205156250004 0.5901162796875
6 0.32121738002069833 0.6373112589658583 0.27353792430722024 0.6266795650786887 0.2872251968886985 0.5653050048600666 0.33490412158789695 0.5759366372061213
6 0.3324378186764534 0.5817320020199745 0.38322463500071535 0.5879090501018657 0.3748530575967379 0.6567311075928598 0.3240662486045949 0.650554099889805
6 0.6071444336138256 0.5125653657698146 0.6397035177873249 0.5142040486759188 0.6365727432264521 0.5764040990965521 0.604013659676184 0.5747654246694265
6 0.6810155367306834 0.5674030673026783 0.6353208408879709 0.570018528223488 0.6314947746437838 0.5031746683689781 0.6771889739947028 0.500559221668893
6 0.6729824809704041 0.4797771183945982 0.7159876906157479 0.47537227387006203 0.7244196331729427 0.5576881959866182 0.6814144279904895 0.5620930115907582
6 0.5903968377542697 0.6765444688240766 0.5616845372434227 0.6812006635133212 0.5500911351191462 0.6097182133318021 0.5788030362288055 0.6050620516648555
6 0.6096180740082673 0.5988371577638032 0.6096182033799096 0.6649709652763168 0.5788542820688463 0.6649708673308901 0.5788543478917063 0.598837253895743
6 0.6612721960696035 0.6488144404397377 0.6128681458452547 0.6537204730604615 0.6057167666109535 0.583168673511847 0.6541201785380508 0.5782626734620472
27 0.92265625 0.9296875 0.94453125 0.9296875 0.94453125 0.9390625 0.92265625 0.9390625