43 0.46981810766590115 0.3214896905220743 0.4691320184290362 0.28031437777266544 0.6727153376360775 0.2769217809904902 0.6734018027618731 0.31809668343010933
0 0.4780630994899866 0.28627590158340877 0.47697656002992517 0.24715046791874992 0.6593135064783837 0.24208638771327676 0.6604003259915316 0.2812115366010388
57 0.44768825674384516 0.2107198286705476 0.447054787501429 0.2829601105883559 0.35748618230093143 0.2821744440851348 0.35811989341630124 0.20993440859060464
55 0.43775859350057544 0.281071375336891 0.4343629736420098 0.329702219523487 0.2505150284056299 0.31686462275439586 0.25391102377921015 0.268234198668637
38 0.6826323307362827 0.65143983325661 0.6847121424425495 0.694526152420872 0.5041774834066928 0.7032373129319694 0.5020985100508142 0.6601517926974122
39 0.7000581141320481 0.6804915115321625 0.7056246100305543 0.7214328363951935 0.5315053628200985 0.7451004950410308 0.5259397291666801 0.7041599381816709
41 0.2800381040880211 0.7199077286281702 0.26883309732704674 0.6671594509693821 0.4600431478072551 0.62654585685483 0.4712489232186954 0.6792930904166267
40 0.3539205513087609 0.7621960034378884 0.3397136287291005 0.7113207241623951 0.4827073374849533 0.6713951123624029 0.4969147662116029 0.722269577432474
27 0.278918253169536 0.6672702009111661 0.26762322832598784 0.622093785057607 0.3847047046942862 0.5928243987383147 0.3960000691424739 0.6380002765351535
27 0.6700365693105823 0.31175664633220573 0.6728789036848184 0.35032650229759965 0.5284420292842924 0.36096956363835514 0.5255999999999403 0.3224000000000553
27 0.6719971079004381 0.3607262491767755 0.6721485910974252 0.3855401720762758 0.5289512802291938 0.38641371760708254 0.5288000000000466 0.3616000000000545
27 0.25305439866895085 0.34276985710546903 0.2619187232940021 0.29992780757087617 0.3702731947275879 0.32234630437070977 0.36140914597228857 0.3651881101216543
6 0.4710687442395738 0.37340270603851694 0.4636235498079486 0.3266053116744489 0.5349897622995741 0.3152517392748788 0.5424350996231624 0.36204895383362307
6 0.5357220169418042 0.35988053789793 0.5362244781126719 0.3890168016920853 0.47305700197580336 0.39010592784405346 0.47255464788622703 0.3609697695590662
6 0.43753423216151077 0.2816730538282449 0.434791930022584 0.3292072235301621 0.36178869562047566 0.3249955015599808 0.36453114853782154 0.27746149283170446
6 0.34490730730533414 0.3621110746561397 0.35409860712979935 0.3146253760980477 0.41887190714192 0.3271623782904396 0.40968079468575525 0.3746479127073043
6 0.4461335604868282 0.6354330085386076 0.3833559328472802 0.6461173550571436 0.37404484244200376 0.5914128409811817 0.43682183112753137 0.580728550105815
6 0.43085445127883304 0.25567153359882105 0.4323331384658786 0.27932916021793175 0.37054943343412106 0.2831906677937308 0.3690708097208244 0.2595331011270608
6 0.3967999982737638 0.28119997444464634 0.3968000104082421 0.2895999911413572 0.36640000053114363 0.2896000070766077 0.36639999949284174 0.2812000014293386
6 0.507338080642171 0.6259329890789405 0.5062902886271559 0.6112649480590918 0.5555816736916768 0.607744221993212 0.5566295284605758 0.6224121946644244
6 0.4282242586269831 0.6333484372689142 0.43186271111073893 0.6435347407109369 0.3971479056726821 0.6559328886764609 0.39350949659012713 0.6457466220186736
27 0.06484375 0.93671875 0.07421875 0.93671875 0.07421875 0.95234375 0.06484375 0.95234375