43 0.522053049232909 0.6807903233968382 0.5224351254556723 0.73027470712131 0.3246628025585778 0.731799123170417 0.32428178602788194 0.6823158026217687
0 0.2838872081210866 0.7649343245679578 0.28505307325212925 0.7130967228824361 0.41891585138932896 0.7161061194868786 0.4177507851381961 0.7679429464277616
6 0.62948808389433 0.7342405220896985 0.5473876730836764 0.7257864236218738 0.5540337528518648 0.6612596421623237 0.636133039844367 0.6697136822786278
55 0.7360848784380778 0.6812446097919932 0.7292051767691419 0.7450102777195133 0.5474441605381344 0.7254002225660973 0.5543249551087683 0.661635770666533
57 0.5714698687864939 0.8044577493724934 0.5577021768195891 0.7359593409137648 0.6628250739994428 0.7148337963329296 0.6765933961253268 0.7833313588127315
6 0.6235179329379434 0.6718758872446348 0.5524440169707532 0.6674845872583458 0.5561520797758703 0.6074837955771634 0.6272251619036524 0.611875069653442
6 0.4238419432755336 0.6795908104122479 0.4246084860836845 0.6298840716334586 0.5228000659631107 0.6313979303835594 0.5220340177943399 0.681104179644508
6 0.5215407581252975 0.730281690625 0.44125307529532165 0.730281690625 0.4412534882220598 0.680985915625 0.5215403201500521 0.680985915625
6 0.6110623642443898 0.32384273758511967 0.6149645419945955 0.37809273090496937 0.5441875155439675 0.3831832775785361 0.5402855593869162 0.3289334950335515
6 0.5370989516325153 0.3399937794048607 0.5205433705680207 0.27861397357722506 0.5937583719115764 0.25886666144569404 0.6103140870854986 0.32024625741608764
41 0.7028600655103219 0.2540782371063027 0.7095353610596931 0.3143999985746833 0.529719571892656 0.33429715354091544 0.5230448100207923 0.273975877878164
40 0.5381302091201405 0.25644358389584804 0.5583960782921622 0.19119475968333724 0.6628907825170245 0.2236495750094247 0.6426252188911121 0.28889813939926307
6 0.42425433990774764 0.3669538277201812 0.42044712266829265 0.3175489630132225 0.5065872649540779 0.3109110292540992 0.5103946828060089 0.36031567205103465
6 0.4210182022359277 0.3144366486504035 0.4210183009197408 0.2658450202708922 0.5032636636284451 0.26584513508673807 0.5032637411529777 0.3144365863228885
38 0.3017378288511736 0.31951447330404537 0.30012910437721985 0.27179113184720666 0.5022371534245167 0.2649774889102038 0.5038462930064043 0.31270041992691683
39 0.2426096118267651 0.2890959639246056 0.23978592561456935 0.23674805932509238 0.4154767368422654 0.22727081586579442 0.41830076520443527 0.2796183715970225
27 0.9109375 0.03203125 0.9203125 0.03203125 0.9203125 0.04140625 0.9109375 0.04140625