43 0.3474337962354639 0.47510544640633384 0.3074087005924184 0.4754175842332101 0.3058658989249352 0.27752020841307473 0.3458900508783245 0.27720807435878236
57 0.2161041123705445 0.49024076518547005 0.25957050109525426 0.47347714659772816 0.3111443415494932 0.6071915805554152 0.26767806102100167 0.623954998526961
55 0.3206959778348164 0.677798700109151 0.2688870762422084 0.6687805656191518 0.300333911611915 0.4881451531560401 0.3521411576052742 0.497163139849689
38 0.6430678230141211 0.28000882908401675 0.6919171834052804 0.27727656928261235 0.7027240596482898 0.4704824459544528 0.6538747018049662 0.4732146753046977
41 0.6377420103893883 0.500365659158094 0.69609686016247 0.48614493469331493 0.7383755912443348 0.6596196717367347 0.6800208214586974 0.6738401718076598
40 0.7181615627898736 0.4576153828423351 0.7927554118195985 0.4854630247877489 0.7610130090185976 0.5704826605379985 0.6864192632706363 0.5426352173755716
27 0.35358957078699405 0.28925766552585863 0.39360253099300735 0.2912986472627294 0.3857084606141825 0.44605411749504953 0.3456955019294128 0.4440131536374282
6 0.34609891693912687 0.4741925193756705 0.3055600782372494 0.4735111813161029 0.3068562627169058 0.39640940678306097 0.3473946830190471 0.39709074130338196
6 0.3800897281879543 0.49303040348848276 0.3369289461079461 0.4839145615658134 0.3507939338603592 0.418273355893571 0.3939543249579174 0.42738915497047525
6 0.4135633950927513 0.50964750576891 0.37944544507695355 0.5119411686290486 0.3744627050167537 0.43782587165908143 0.40858029083301517 0.43553222107485595
6 0.6524833316876766 0.6011316132971424 0.5969665901914141 0.5985949242762644 0.6008178286124348 0.5143261664203357 0.6563337700391685 0.5168628370472177
6 0.3367802657218135 0.5759637575580092 0.2845532194349971 0.5640317737469055 0.30264425964003294 0.4848547524853022 0.3548706500641856 0.49678665863167165
6 0.3764921317998642 0.6024981267517202 0.3236120931712776 0.5812355071018657 0.35175580272027673 0.5112500001229248 0.4046352377602034 0.532512482829621
27 0.92890625 0.9015625 0.94453125 0.9015625 0.94453125 0.9171875 0.92890625 0.9171875