43 0.29505501215055574 0.5462925650674801 0.25413712900797236 0.5448653033802581 0.2607401962407039 0.3555979876182134 0.3016569887749938 0.3570252299476125
0 0.278412966528208 0.46597511571545563 0.2243851356685127 0.4654123548368658 0.22602921217742278 0.30763781957276287 0.2800560105350769 0.30820057497564113
57 0.2899645308214076 0.6568493182819877 0.22094621252972502 0.6726398848456798 0.19728447044712993 0.5692268545703412 0.266301463762602 0.5534364461819413
55 0.2757292927636854 0.5628143552568493 0.3229920976604035 0.5640915625102103 0.31823418468604814 0.7401359211865672 0.2709713806149239 0.7388587361829134
38 0.6692458799934684 0.3730784760495739 0.7155765508754257 0.3682527129254814 0.7346385788448515 0.551250415565856 0.6883079186168288 0.5560761154559477
39 0.7555197859519467 0.4734107445546775 0.7031077113724677 0.47404988160490696 0.7006396014161282 0.2716019389800987 0.7530504398813491 0.2709628095976108
41 0.7284395923830971 0.7508754622719951 0.674337863545702 0.7578305079015306 0.651198219855587 0.5778514523770099 0.7052980198432124 0.5708965308939088
40 0.7771908139252446 0.6850929197539377 0.7022185646852677 0.6795809244975212 0.7099680017417995 0.5741977585707219 0.7849387472869012 0.5797096985778889
6 0.6300341654199428 0.4957970690894235 0.6821287325988123 0.49172753608869146 0.6880170932083729 0.5670988976438791 0.6359225289145343 0.5711684057445712
6 0.7089797660270278 0.5738265295288758 0.7124518892350125 0.6475928676731233 0.6568242557952999 0.6502106020600177 0.6533525331900591 0.5764446500505133
6 0.6089369582068684 0.6709216484839626 0.5923907698129369 0.6033654222830539 0.6552115446506832 0.5879808786696289 0.6717580117672242 0.6555366888234082
6 0.6011682249393289 0.5077032136724259 0.6338502326997286 0.5042018872283669 0.6420943389073273 0.5811471562975962 0.6094123346905462 0.5846484602613857
6 0.5633281657898124 0.5223422736886983 0.6046568880690302 0.5186336366738957 0.6114593999438966 0.5944332887279095 0.5701306807927722 0.5981419017407634
6 0.3212841148495045 0.5845493962496641 0.377204953320188 0.5870909660083662 0.37368659337153076 0.6644946895310806 0.31776575621370284 0.6619531384785594
6 0.27429022180035645 0.562240601542666 0.3224697552128646 0.5628007669165842 0.3216160609896406 0.6362187658143043 0.27343652764079707 0.6356586041952704
6 0.2942103444759141 0.4854687771375655 0.3422930713486494 0.4836195955208193 0.3452714941540762 0.5610588370357782 0.29718876785887005 0.5629080072491842
6 0.2539999158187811 0.5456000629443031 0.25400009798045176 0.46399995978338915 0.29639997167942056 0.4640001149095427 0.29640005589271823 0.5455999520626682
27 0.9125 0.9125 0.9296875 0.9125 0.9296875 0.9328125 0.9125 0.9328125