43 0.4937966704054588 0.3150033319292289 0.49875274154339877 0.2697360563313719 0.6843082465205725 0.290050584883307 0.6793526036034336 0.33531745641306415
57 0.37708682338643484 0.28080444067027216 0.36957004336329646 0.21187824330294736 0.4833947114742614 0.19946515025034406 0.49091174397165105 0.2683910588382522
55 0.48527636382561923 0.2825098426706339 0.47556245028283683 0.33313466721142276 0.3004762994419252 0.2995390921041152 0.3101905131665035 0.24891466975396642
38 0.688874164639742 0.6748433961529365 0.6915099033421939 0.7194082574576575 0.4934816929712724 0.7311156771921107 0.4908469480690201 0.6865517437200583
39 0.5658329022185171 0.7553138786460842 0.5632844759320506 0.7193300526810926 0.7094285296502676 0.7089810334248001 0.7119774968429056 0.7449642593584156
41 0.4768304359178046 0.675804609478767 0.48494110358331 0.7276532365320105 0.30176360223038046 0.7563009059297602 0.29365411043875156 0.7044533319525886
40 0.3621882671602634 0.797353173399109 0.3693046114054823 0.7274957218513304 0.48162338117015224 0.7389351935333685 0.4745080393407761 0.8087917269407796
6 0.5736557127319202 0.6822113691539113 0.5760241553762171 0.726009409905197 0.49192909019382114 0.7305557316428712 0.4895610639678125 0.6867580888479083
6 0.4810726870007329 0.6768069544992588 0.487400113478202 0.7288134367410453 0.393518048785495 0.7402332216102955 0.38719120649579963 0.6882272718327505
6 0.44600025530985477 0.6282433947501305 0.45215751229761736 0.6809616647760787 0.3750101824846297 0.6899704357053108 0.3688533773507743 0.6372525792504767
6 0.5485956782658832 0.6405753391245622 0.5497698874280559 0.6852042546322538 0.4703850741361748 0.6872921502991785 0.46921123255299335 0.6426635943195854
6 0.45101486545286207 0.32754701295244376 0.4445750989841599 0.38269323283085466 0.36342738395433116 0.37321720907073375 0.3698673583625123 0.3180712335079641
6 0.48853343182042863 0.2838429299659161 0.47915161798846384 0.3352606432353407 0.40057908734081593 0.3209242868090269 0.4099610471462256 0.2695067655681357
27 0.08828125 0.934375 0.10546875 0.934375 0.10546875 0.9484375 0.08828125 0.9484375