43 0.4248131701166358 0.309714479739441 0.4256804990261571 0.2682845217735182 0.6205103740359164 0.27236267794373203 0.619643412627056 0.3137922595325232
0 0.47353566382651024 0.2743681014916051 0.4776926962675816 0.2335509286860844 0.6310946053529278 0.2491736010491908 0.6269378485656034 0.2899905141311136
57 0.4219999960414498 0.23194339743744322 0.4213428119621767 0.2819370007238647 0.2620598285982396 0.27984267533034807 0.2627173189721361 0.22984939906246593
55 0.40679794103925815 0.28392714863175383 0.3994140985399781 0.3348753119888028 0.22836881830278344 0.31008570549699727 0.2357529902991473 0.2591379261341113
38 0.5870862150251241 0.6681644540385099 0.5895167988237517 0.713099072563094 0.4220898068559791 0.7221520105373838 0.4196600586706154 0.6772181793289415
39 0.6287478287298427 0.6929200587570548 0.6352006116269422 0.7441865559895343 0.4861889277379987 0.7629374867902584 0.47973708226572853 0.7116718358197183
41 0.21743643606168916 0.7433904533258355 0.21165601290442737 0.6929033227160183 0.3816272277066446 0.6734447192958875 0.38740845855818407 0.7239309138546156
40 0.2645647919231351 0.8029336112549681 0.2608692203174314 0.7269815585335805 0.3738874611790379 0.7214831393913779 0.37758397892412177 0.7974341969672625
6 0.30999296212917216 0.731654641819601 0.3052245454628064 0.6810244758228214 0.38271381566073615 0.6737274123643148 0.38748260930071865 0.7243571559320764
6 0.5037792090765834 0.6748431684051175 0.5045593405990303 0.7197126579396244 0.4204666502935197 0.7211739286938583 0.41968692692614695 0.6763048394654311
6 0.45802324546104956 0.5637156942841918 0.45710978443435124 0.6059638622641356 0.38787160709341606 0.6044666470668139 0.3887853223872071 0.5622187386571934
6 0.3796649865444124 0.5146632664598889 0.44754806531409486 0.5175102757301248 0.446351376843495 0.5460412749523739 0.3784682985174186 0.5431942722475763
6 0.37256973259297865 0.33179877751605563 0.35865848655782884 0.38118167033444345 0.2913101287158497 0.3622100542312066 0.3052214847284631 0.31282734693181796
27 0.071875 0.946875 0.0921875 0.946875 0.0921875 0.9609375 0.071875 0.9609375