43 0.316344188005246 0.5459615721078551 0.271901882528482 0.5454405467112916 0.2744069751848883 0.33183614126688177 0.31884802416425373 0.3323571593464816
57 0.25634660750006333 0.5549340574766373 0.3078883510245305 0.5655515559904133 0.28135847170699435 0.6943239131581199 0.2298167682406529 0.6837065470355335
55 0.2941169731395803 0.5701501772766709 0.3481760496953257 0.5779878134652607 0.32252711324906613 0.7548757381453687 0.2684680660701133 0.7470382426843085
38 0.6771570015624999 0.348110465625 0.723125884375 0.348110465625 0.723125884375 0.5450581390625 0.6771570015624999 0.5450581390625
39 0.6879692962151012 0.33763922895508597 0.7342500264073806 0.3277535813823532 0.7610090253850785 0.45302320833592435 0.7147283192045961 0.46290877904704736
41 0.7452876449149244 0.7354435465389441 0.6906909518831981 0.7471748250543984 0.6540960797375419 0.5768831997269037 0.708690971426222 0.5651521190166165
40 0.7245142424573032 0.560220199613192 0.7933422550577234 0.572777268972532 0.7756211896345349 0.6698993537261939 0.7067932084032691 0.6573424004374685
27 0.4985580038576245 0.542890108270645 0.47169418119221973 0.5418847263500133 0.47624932986957447 0.4201871488564626 0.5031126838246109 0.4211925221296009
6 0.2674903462104794 0.454709087987843 0.3123436033559983 0.4494009625913109 0.3237095573698525 0.5454354373528403 0.27885630737398515 0.5507435234864956
6 0.36166880489304276 0.5791667731682498 0.31263365330198667 0.5769161497662239 0.3168638082781854 0.4847687006084264 0.36589822744781486 0.48701930716605796
6 0.3895118395633972 0.5109595490972902 0.4255656927552991 0.5139452310096185 0.4180881271049657 0.6042329063249998 0.38203427665393974 0.6012472474629269
6 0.2715040982543542 0.5981256143836173 0.3185490511793887 0.5678813205435137 0.3629195918667847 0.6368920122440361 0.3158748228455579 0.6671360728683874
6 0.46789016344928314 0.5179555900273681 0.5291164834151232 0.5158279078892782 0.5322907654046958 0.6071627518169623 0.47106444630776423 0.6092904172120464
6 0.5794776135907114 0.5086465060008695 0.6134960439908355 0.507227887125052 0.6175089218560288 0.603447903033751 0.5834904921069892 0.6048665103630405
6 0.643210870099324 0.5930232562500001 0.6099715940968053 0.5930232562500001 0.6099718788948394 0.5079941859374999 0.6432106827448933 0.5079941859374999
6 0.6311080510058673 0.49546095220757597 0.6799096453424909 0.4911440494716229 0.6867361024567344 0.5683091546549273 0.6379345116298509 0.5726260301916926
6 0.7201075053175146 0.5449573390582836 0.6736628371886582 0.540720491872504 0.6813986150876872 0.4559303162891673 0.7278426894819177 0.4601671363844108
6 0.6804152912379777 0.6810903797311665 0.6265190184186622 0.6949718988741859 0.6073437116026525 0.6205302103796865 0.6612392095433961 0.6066487954672487
6 0.6925508383881152 0.5635217748850881 0.738683630129799 0.5992020160055312 0.6873019387301156 0.6656281844815123 0.6411693950311701 0.6299482235755335
27 0.940625 0.921875 0.9546875 0.921875 0.9546875 0.9359375 0.940625 0.9359375