43 0.35800035931777074 0.5152 0.31439983287873474 0.5152 0.31440050135631736 0.2975999999999999 0.3579998223176517 0.2975999999999999
0 0.32116585189294256 0.45461955588549624 0.2741628317392042 0.44727563581693414 0.2977459362183481 0.2963480255905425 0.3447481203049847 0.3036918776029449
57 0.33210792373404274 0.5918403672733249 0.24648108272208447 0.6112258386552532 0.22439159943030518 0.5136608320584776 0.3100170378781968 0.4942755263213166
55 0.32321765428503113 0.5276025446928717 0.3772673364600223 0.5349721070598913 0.3511765312063062 0.7263051565569473 0.2971268745092175 0.7189357300263509
38 0.6774363387091853 0.3011738639834252 0.7231780736909741 0.2961537051621014 0.7474885873485846 0.517651468515565 0.7017468646014322 0.5226715565529542
39 0.6965830067807701 0.2747117583957408 0.7458452021304538 0.26507392828444465 0.7833213260030334 0.45662014119952987 0.7340591605458258 0.46625786632848004
41 0.7519728948064994 0.7285668705380983 0.6960036207041185 0.7363555048639109 0.6687683336531336 0.5406595433258612 0.7247355390317125 0.5328710532524278
40 0.7280778370995904 0.5294569238735225 0.8134333052955753 0.5300040182302117 0.8127559852615605 0.6356663323433599 0.7274005170875171 0.6351192431155596
6 0.3568748392300449 0.5154654783477505 0.3127321833479755 0.5145826864963021 0.3144566123404502 0.42837715895519535 0.35859871823652156 0.4292599452852232
6 0.31945973607014366 0.5569904974123737 0.3341731630322329 0.5579935854166594 0.33157327016851923 0.596125354715617 0.3168598435453305 0.5951222700768748
6 0.7364601683854062 0.6351907443801609 0.7251282870234945 0.636933911790602 0.7174890244814378 0.5872784276444356 0.7288208007770436 0.5855352685039427
27 0.9609375 0.8703125 0.9734375 0.8703125 0.9734375 0.909375 0.9609375 0.909375