43 0.48479979669923523 0.3579998103631866 0.4848002729694372 0.3143996212967303 0.7023999941044394 0.3144011797053161 0.7024000047988466 0.35800086920891383
0 0.5453801718572322 0.3211654681512879 0.5527249536887666 0.27416278465305355 0.7036524071484109 0.29774628858521385 0.6963080083097566 0.3447486221446665
57 0.40816018561429246 0.332107106226532 0.3887730499711779 0.246481435089739 0.486337283238754 0.22439176978951747 0.5057246717411772 0.3100170587909757
55 0.4723976133805081 0.3232171509997541 0.4650274421011318 0.3772671954217868 0.2736938798495885 0.35117691672502876 0.28106449760150554 0.29712739479660133
38 0.6988245669319895 0.6774347608792792 0.7038467746306196 0.7231772015627724 0.4823491438523888 0.7474886649638331 0.47732813823415654 0.701747308846532
39 0.7252865055857001 0.6965822847292626 0.7349270471660247 0.7458449308331535 0.5433810909020167 0.7833209378001317 0.533741783784194 0.7340593739239706
41 0.27143305104630144 0.7519714706079865 0.2636437803429317 0.6960011473557246 0.45933951277015694 0.6687690818734828 0.4671297832842356 0.7247382181791251
40 0.470542831188709 0.7280769738096395 0.46999669978993097 0.8134332429693092 0.3643335834121899 0.8127560994553114 0.364880765289854 0.7274008854923619
6 0.4845344533307525 0.3568746824987445 0.4854174741835777 0.3127322447494731 0.5716228583061138 0.3144565652210818 0.5707400365046169 0.358598805559206
6 0.4430095679945225 0.3194597172731821 0.44200637333074155 0.33417315718782 0.40387451846982003 0.33157327826914545 0.40487773890333756 0.31685986621822376
6 0.36480924714089724 0.7364600987975972 0.36306567226620245 0.7251282852114959 0.412721143399267 0.7174891824993085 0.4144647693379966 0.7288209325910172
27 0.090625 0.9609375 0.1296875 0.9609375 0.1296875 0.9734375 0.090625 0.9734375