43 0.520799685965244 0.6563987550217534 0.5208005997802729 0.7059996590055055 0.29599980092575606 0.7060007916248717 0.2960000424683358 0.656401052256031
57 0.6610961932616419 0.6866993685874406 0.6652022872243606 0.7701573064925524 0.5527389807530199 0.7756882086198208 0.5486339779727132 0.6922313071914082
55 0.5278871914179035 0.6976012903337009 0.5314213585455718 0.6407782912230578 0.7351184269226678 0.6534445008630274 0.7315855218762408 0.7102662920981453
38 0.5166627397728689 0.23221404778771487 0.5191769409740346 0.27821528972100334 0.30967355554435017 0.28966444961033316 0.3071597577736611 0.24366359566152834
41 0.741570963646268 0.23901151133395138 0.7470183857940356 0.29774232133423684 0.5391527932594045 0.3170206087566666 0.5337059256102066 0.2582902965712454
40 0.7159338544228149 0.19552330100478055 0.7209515552644916 0.24939354046241224 0.553290135707357 0.26500928688662934 0.5482727766918742 0.21113935840559944
6 0.43718365980817 0.2795232710285067 0.4357112014973836 0.2363279576605543 0.5197998027308586 0.2334614816356378 0.521272397644907 0.27665665556594626
6 0.5419452359624302 0.3204875747039482 0.5288593480505597 0.2633863848260118 0.6101958052598775 0.24474690160182283 0.6232818358840859 0.3018478862652728
6 0.5673026927509 0.31238369912591074 0.6400368345359766 0.30089977131589385 0.6494973355147522 0.3608164867154199 0.5767632016630841 0.37230037887756284
6 0.637079843162951 0.5926437889291298 0.638185779947662 0.6457044076109443 0.5505818768186828 0.6475295544526609 0.5494763879293032 0.5944693763039939
27 0.9171875 0.015625 0.9328125 0.015625 0.9328125 0.040625 0.9171875 0.040625