43 0.32643465088358425 0.5340533414790684 0.28698284167478505 0.5329650833500984 0.2924171755749967 0.3359949958656223 0.331867888382817 0.33708323824863545
0 0.31057777271666964 0.43892459204168177 0.2707805882307639 0.4395275515608908 0.26833520612763095 0.27810399302995226 0.30813165575648327 0.27750103924642483
6 0.33042622198172467 0.5310120813075834 0.2913375912497713 0.5345018700555175 0.2844399772611723 0.4572463420275923 0.32352815511603694 0.4537565735973811
6 0.3743369055008543 0.5697304179943363 0.32895873351753835 0.5740225808747111 0.3204738970296148 0.4843225884751764 0.36585142046840247 0.4800304563654289
6 0.3329723803675506 0.6252536175054761 0.28416596948011374 0.6145173512061551 0.29896285450229243 0.5472600623041479 0.34776868927644955 0.5579962631436917
6 0.3736002679858075 0.6583994791826409 0.32051716933585794 0.6451303186616497 0.3375294480007369 0.5770825129062152 0.3906118719510232 0.590351584651862
27 0.2939999123864254 0.5767999802893458 0.3353660453055909 0.5861062171888494 0.30530020280696135 0.7197318208782281 0.26393411072717754 0.7104257111986272
27 0.3290043300036132 0.7517426174530133 0.2811539870380102 0.7290478927809557 0.32758461388311844 0.6311675288150499 0.3754340248542576 0.6538619934394588
55 0.29950164779359056 0.5441493285932384 0.34860924841848373 0.5544762783538699 0.3135527926109489 0.7211604771223405 0.2644452435175708 0.7108336963198711
38 0.6748001368051746 0.5352 0.6271998267255867 0.5352 0.6272005806137031 0.33680000000000004 0.6747996066906126 0.33680000000000004
39 0.6758097044788656 0.306260382486614 0.7262209763997589 0.3073283613150918 0.7222294423868334 0.4957302504882523 0.6718181705529105 0.4946622841261414
6 0.6818308470396914 0.5228414453077322 0.7185493785565313 0.5710951648320473 0.6550592731468896 0.6194026131395522 0.6183411085128228 0.5711492281159639
27 0.7196461323592303 0.7171687568758196 0.6623613329902582 0.7250343659742035 0.642316907113127 0.579065487460745 0.6996000000000322 0.5711999999999946
41 0.6232250674223678 0.544535726166506 0.6911161854495731 0.5229362864317425 0.7475265403453477 0.7002255586814283 0.6796355981085753 0.7218246175632386
40 0.6848556968678849 0.6179846600380487 0.7058085641147045 0.5266208897223164 0.7982378940046146 0.5478161610992817 0.7772859181804961 0.6391791525234481
27 0.9515625 0.92421875 0.9609375 0.92421875 0.9609375 0.93203125 0.9515625 0.93203125