43 0.4004784148730778 0.3164622990299339 0.4062235896783477 0.27607042964372785 0.5795103636253316 0.3007170139467447 0.5737655634191015 0.34110853591654267
0 0.46184976763595387 0.28835150901739726 0.47138143283211775 0.24395008399698637 0.589152163392896 0.26923123324917236 0.5796207594877387 0.31363242985169065
55 0.39820428397945307 0.27215101515593404 0.39839573379174453 0.3251683262559757 0.2552695241075753 0.32568455246188277 0.25507841908063256 0.272667589390245
57 0.29837760687485115 0.28435555529234857 0.29687772759075415 0.22372200358905855 0.4118945759818189 0.22087676840580195 0.41339471706862696 0.2815100544529192
38 0.5707676658663559 0.6520994854177954 0.575240827144512 0.6934599173682661 0.40310266645167303 0.7120721031702454 0.3986303149011974 0.6707124094467937
39 0.573717454102848 0.6779192842618549 0.582586897981173 0.7213123579821685 0.45934911575966453 0.7464967680169323 0.45048034658452707 0.7031042820750886
41 0.2523622691149967 0.7104295642268389 0.2551901700742292 0.6606890009937102 0.40067455131793395 0.6689581879961753 0.3978474518243047 0.718697994622087
40 0.2833142764808372 0.7579941192699537 0.28851623002333326 0.6992085988490144 0.4032425640918973 0.7093587945623193 0.39804142543732723 0.7681435583766717
6 0.3798271767792585 0.6654313510535425 0.3055025694251299 0.673068076120779 0.3003170033269953 0.6226025185237872 0.37464087662158363 0.6149658314774566
6 0.38299404133908865 0.6669024481192612 0.38299424048568653 0.6248231034078569 0.4534883336676785 0.6248233222918939 0.45348842634484754 0.6669023758867123
27 0.0703125 0.93515625 0.09375 0.93515625 0.09375 0.94453125 0.0703125 0.94453125