43 0.553776474848064 0.6715149013793793 0.5421044989836901 0.7141238180719125 0.3777875628866241 0.6691165906058322 0.38945999353870775 0.6265084166921913
0 0.32180200738196163 0.71265597584246 0.32093651893842434 0.6738562824265812 0.46702582447505847 0.6705970630481437 0.4678918966839092 0.7093961632235738
55 0.7352544083033763 0.6725721786714319 0.7263511844363393 0.723532972090621 0.5728760850369099 0.696721853946719 0.5817799561009451 0.6457618779927575
57 0.5498602976505254 0.75801356534451 0.5483145011278339 0.6961718641998677 0.667669596959513 0.6931885928577811 0.6692161884553798 0.7550294754487453
6 0.6408000990733171 0.5392000000000001 0.5703999160625699 0.5392000000000001 0.5704000715928714 0.5140000000000001 0.6407999690396764 0.5140000000000001
27 0.46353387707904403 0.5308365092782902 0.46512243293568645 0.5061742934251898 0.5887882458018794 0.5141388429657442 0.5871999475835992 0.5388008138843376
38 0.41895730254680075 0.380091868484077 0.4097838066965096 0.33404395530657244 0.5642006056391438 0.30328226769909594 0.5733743821971302 0.34932980177626743
39 0.4943993393189885 0.2815992761461085 0.505082463853114 0.32432918400283517 0.3529886007255527 0.3623531313831309 0.34230586290948395 0.31962356278431997
41 0.5968519423956877 0.37379670819941024 0.5873512598022899 0.3211354620981218 0.7444221804857989 0.29279873171716314 0.7539231888787299 0.3454595372257554
40 0.5734013253643298 0.31153498719690736 0.5798326567489767 0.2424028199633075 0.676539732194783 0.25139918256746324 0.6701087124458809 0.32053106018353117
27 0.93046875 0.06484375 0.95390625 0.06484375 0.95390625 0.06953125 0.93046875 0.06953125