43 0.2905200062716631 0.5834729305279289 0.23591932006797833 0.5801325097319316 0.24656099290541533 0.4062179078520917 0.30116020770606156 0.40955828266258215
6 0.2405812013890909 0.4980175016788103 0.29327048591540006 0.4999659031080078 0.2902115292555436 0.5826801147163182 0.23752224544455203 0.5807317265050561
6 0.2868398012343505 0.6043739685509305 0.2823577922227969 0.527301086024317 0.33844060801447995 0.5240400606297474 0.3429229657515407 0.6011125716378506
6 0.3339497046875 0.5559999999999999 0.375 0.5559999999999999 0.375 0.6246666656250001 0.3339497046875 0.6246666656250001
55 0.25514216751162166 0.5923707820282369 0.3218138373367765 0.6060670885879601 0.2920668074958712 0.7508524615958557 0.22539519930728602 0.7371563602659449
57 0.22756722065093982 0.5700520682536525 0.27257666628520383 0.6111716028027315 0.1972923660939614 0.6935674323200632 0.15228334757705397 0.6524483404048291
6 0.6462969947707506 0.6079656688515269 0.6255868022359437 0.5379953644605241 0.6873613768090081 0.5197127481436482 0.708071794292664 0.5896826678431302
6 0.7277017021643815 0.5798660812803069 0.7654562872035058 0.6341581258350772 0.7068371098019952 0.6749164593290716 0.6690829371225391 0.6206247834107258
38 0.6842139351878131 0.42357435492516327 0.7339375121244984 0.4194971357506829 0.7468642967021424 0.5771341884575539 0.6971407264728668 0.5812113585239441
41 0.7671065933845966 0.7273392971993728 0.7066657229264592 0.7399109087764363 0.6756523480008809 0.5908233552520478 0.7360914488783692 0.578251932405521
40 0.8057886201710289 0.6645913751277256 0.7531654784494322 0.6833019503226732 0.7169838453530701 0.5815525879740344 0.7696060124611677 0.5628422018734026
27 0.97109375 0.90625 0.98046875 0.90625 0.98046875 0.9296875 0.97109375 0.9296875