43 0.3305379422150736 0.6098428229301258 0.2871850955418722 0.6094265303418525 0.28888050349826244 0.4329492286728987 0.3322321726948303 0.43336551572785653
6 0.33026885403921824 0.6090116265625001 0.28783575156796815 0.6090116265625001 0.2878360487801501 0.53125 0.3302685690839553 0.53125
27 0.2971177214999443 0.43444300889842435 0.3330598090354897 0.43486951657704503 0.33180354686112423 0.5407284742657659 0.29586145939981634 0.5403019698834837
6 0.33267748612956893 0.5376105730478344 0.3778890713911096 0.5431096060117535 0.36890307737201056 0.6169826989680866 0.3236914988352737 0.6114837021461311
6 0.3401143206250481 0.6110833054141335 0.39190273918359253 0.6268303358602387 0.3728350575853483 0.689531673275291 0.32104668399028924 0.6737847446067518
55 0.2996972211440152 0.6229807436295501 0.35279909891278294 0.648474559023144 0.2980259487708281 0.7625467587480648 0.24492428992277837 0.7370532840157284
57 0.2733267901853651 0.6003409389956749 0.3167273692474737 0.6286016762043645 0.2594347043822154 0.7165754167860985 0.21603436136354048 0.6883149771471867
6 0.6694642976309524 0.6025709754202133 0.621286717798057 0.6132250845600948 0.6067781279624569 0.5476231304908358 0.6549551539470713 0.5369690853266371
6 0.655219928678207 0.5063608479604041 0.6987687705557164 0.5031012509957449 0.7042561317844047 0.5764071025345733 0.6607072921112831 0.5796666796547022
6 0.6159830519076195 0.6889535304576951 0.5881899879785806 0.6418465905260994 0.6437392447995762 0.6090767131482352 0.6715323025981661 0.6561833580290134
6 0.6882200459682508 0.5792118839751945 0.7172174533350244 0.6247402560994836 0.6608910890624884 0.6606104640624658 0.6318940068633765 0.6150823772496128
38 0.6531468758951178 0.4090406610309509 0.6964140581601441 0.407481354933141 0.70259170442921 0.5788850532797343 0.6593245234629421 0.580444339087609
41 0.7291264662000003 0.7464746765890924 0.6760137931811414 0.7579178051711344 0.6404543202445439 0.5928897604087088 0.6935652547581412 0.5814468236957322
27 0.953125 0.9203125 0.9625 0.9203125 0.9625 0.9515625 0.953125 0.9515625