6 0.31418894979924517 0.4228884401373481 0.3593133914752116 0.428377071774452 0.34987994662662913 0.5059286330229813 0.30475551042491134 0.5004400316519861
6 0.2867854478126901 0.5217299317231319 0.33562313174343217 0.5287182899951562 0.32586829525712346 0.5968829851188111 0.2770306202520487 0.5898946677977307
6 0.3234626147146855 0.5972558492889075 0.3317103413108953 0.5384055140221252 0.3804783642692655 0.5452396142900062 0.3722309183718835 0.6040896959265687
6 0.629066478125 0.4244186046875 0.673974540625 0.4244186046875 0.673974540625 0.5145348828125 0.629066478125 0.5145348828125
6 0.6088000552389303 0.5404154163998196 0.6599607355143462 0.5386375302871997 0.6627840429382559 0.6198733319446974 0.6116233634087394 0.6216512052555131
6 0.6668492244155004 0.5997887556905627 0.6480857098143815 0.5304096706536805 0.7019844450450137 0.5158342340201599 0.7207481655451602 0.5852129877673276
27 0.6633488711470363 0.5838724532407432 0.7081923272736503 0.5755308856011888 0.7322988407449884 0.7051094264727478 0.687455414825763 0.7134508851184039
27 0.27915134520367246 0.5556968325986263 0.3258674785254243 0.5654372330594397 0.2980189160368809 0.6989865675373922 0.2513028207802108 0.6892462956112403
27 0.32956138481415564 0.5799418437337334 0.3743972992599538 0.5853241741142557 0.3590680626354015 0.7130039390573878 0.31423215968982277 0.707621677672863
43 0.2771166810845216 0.30948675479697135 0.3254047494341421 0.31261929207661954 0.3134093143148675 0.49752059903113255 0.2651212493814228 0.49438809750848645
55 0.2988672755313928 0.6928248597224353 0.2506725834723511 0.6819508163906844 0.2877350140049657 0.5177105436457593 0.33592822988146054 0.5285844114485589
38 0.7144807157752666 0.5019630975865017 0.6675319395346833 0.5009760797851457 0.6716976370295242 0.3028632106467773 0.7186452279624973 0.30385021566860626
39 0.752297716541193 0.4763140873219732 0.6991945430760325 0.4772710111682079 0.6956112583543472 0.27839247369204023 0.7487131956727353 0.2774355611191216
41 0.7284686497930579 0.706711810704256 0.6767592635569599 0.7131321282346964 0.6530628732783725 0.5222971362233884 0.7047704541536177 0.5158769306642407
40 0.7916718309977568 0.6369770411829323 0.7099733234167616 0.6394105645628252 0.7064524768536558 0.5211930955863874 0.7881493137225561 0.5187595967819987
0 0.2695396150494389 0.47871434396300233 0.22491244802222354 0.47437180790006955 0.24173307742114503 0.3015253044616191 0.2863593104444817 0.30586779411027865
27 0.9375 0.9234375 0.946875 0.9234375 0.946875 0.9390625 0.9375 0.9390625