43 0.5374222770924462 0.6785485922124427 0.5381824983528531 0.724110099676806 0.3444955972504431 0.727339071964185 0.343736334574146 0.681778514079648
0 0.45163808280688045 0.7127106196198866 0.44502271720546105 0.7649346032036106 0.30666333685792324 0.7474096372462334 0.3132793884990406 0.6951864624705661
55 0.5501115575249287 0.7266966347422703 0.5521069915259886 0.6748347491527659 0.7199501993256945 0.681291036640695 0.7179557356793111 0.7331519702929845
57 0.5408000000000001 0.7203999999999999 0.6584 0.7203999999999999 0.6584 0.79 0.5408000000000001 0.79
38 0.557913150913464 0.29752021365452824 0.5598170818134349 0.34320765047736856 0.3427105315824974 0.35225358248279365 0.34080711288765997 0.3065666527606912
39 0.2641243714618895 0.3017208421429447 0.26825284723281584 0.2545419360176531 0.4040478925745674 0.2664243932279693 0.39991971670360726 0.31360302071732793
41 0.7446347842313799 0.2847427262645998 0.7497286905063447 0.34204149396358946 0.5750374930920543 0.35757010522764837 0.5699441123962288 0.3002718153988087
40 0.5655999263714193 0.30159998670911253 0.5656001943771116 0.2275997847425108 0.675999957181034 0.22760013465036902 0.6760000184265209 0.30160000207334337
6 0.6016317501940875 0.40871687172627175 0.5959128446171462 0.3515286775332763 0.6790017869155918 0.34321992375200805 0.6847209350423782 0.4004078466209238
6 0.6419982828879256 0.28423567156247903 0.6592919098510492 0.3430318447785819 0.5853149584031598 0.3647896217744842 0.5680215950849288 0.3059936749520852
27 0.915625 0.0359375 0.9375 0.0359375 0.9375 0.05625 0.915625 0.05625