43 0.31760011829749146 0.5392000000000001 0.273199845425097 0.5392000000000001 0.27320055927179965 0.3360000000000001 0.3175996090226363 0.3360000000000001
6 0.2532451484274816 0.5782434725906541 0.28137691112522134 0.5268362441629225 0.3455470619794596 0.5619489684985189 0.31741567601909537 0.6133558734814286
27 0.28607607301535154 0.7136028129234846 0.24157323243161954 0.7004974924562918 0.2740000000000009 0.5904000000000114 0.31850186080191634 0.6035051642024643
55 0.2746057539334288 0.5306277121456962 0.3351130419530364 0.5372206736457009 0.31613228663889004 0.7113984644525728 0.2556250158071407 0.7048056117951366
57 0.23802763789558412 0.5196344811669835 0.2989609637961621 0.5624283303833919 0.22774750530879828 0.6638167240779617 0.16681458129210114 0.621023353570529
6 0.6612000136605047 0.6016000341483115 0.6391293941843514 0.5464280776929121 0.7009236230484248 0.5217105742947916 0.7229943629712352 0.5768822249643866
27 0.7192905448993088 0.7076893799209606 0.6731197758846292 0.7122623338670301 0.66063041814607 0.5861728933587845 0.7067999999999302 0.5816000000000017
38 0.6614944986679347 0.322547619469466 0.707643741184711 0.32198485658479187 0.7100045212191617 0.5155707068784684 0.6638552788897414 0.5161334627806752
41 0.7189023180487766 0.7059908295090586 0.6600357347030013 0.7098378997017405 0.6481215764633816 0.5275368998852299 0.7069861951403027 0.5236898930138899
40 0.7212388613670555 0.533737304856341 0.8003325260938254 0.5486994805220368 0.7809437179420229 0.6511826420837116 0.7018500907927319 0.6362206075580232
27 0.93984375 0.89609375 0.95390625 0.89609375 0.95390625 0.91796875 0.93984375 0.91796875