6 0.3101131050359527 0.5763080913817759 0.31011332295406646 0.6598838292091516 0.26025449287419633 0.6598836567527366 0.26025466751366366 0.5763083124871389
6 0.7199437258867647 0.6584302328125002 0.666902098806645 0.6584302328125002 0.6669025503438206 0.5683139531249999 0.7199432794153608 0.5683139531249999
43 0.3262868668111878 0.5727150548184068 0.2861599179524319 0.5705237285295242 0.29441152300080375 0.4194446435008008 0.3345375265585062 0.4216359433763906
0 0.31541716962908595 0.3517441544750818 0.3154173602378023 0.47529078091540083 0.2662658197654082 0.4752906080521389 0.26626601287296126 0.35174436958215816
55 0.2595469480995689 0.7318316387320232 0.2595474969627958 0.57630781235814 0.3097595141173315 0.576308190754637 0.3097597407901276 0.7318312507356062
57 0.20729440145964872 0.580922260181792 0.2684232370230575 0.5736391681554173 0.2816702325881124 0.6848115646128222 0.22054141012495165 0.6920945777916737
38 0.639696578111284 0.3750143637451793 0.6787950591988192 0.3704273802056613 0.700615184047706 0.5564061631994657 0.6615167136985747 0.5609930850817418
39 0.7157000178090129 0.34302310596464564 0.7157002411703388 0.46511634970613164 0.6640734589705062 0.46511618319220005 0.6640736253993964 0.343023332833439
41 0.6676800304132939 0.566012876247906 0.7208688081443597 0.5666440065406624 0.7186695205247133 0.7519670387047317 0.6654807428329832 0.7513359201282005
40 0.7512631522565698 0.685111264618762 0.6993407814650254 0.6859261166005793 0.6976042931536313 0.5752551813738034 0.7495255724504659 0.5744403378978704
27 0.95 0.9140625 0.953125 0.9140625 0.953125 0.9359375 0.95 0.9359375