6 0.37951211610811697 0.5469841363095139 0.33577587977174517 0.5532316417644098 0.3242241671237025 0.47236763310204927 0.36795985331252723 0.46612016772731857
6 0.374 0.47119999999999995 0.4064 0.47119999999999995 0.4064 0.5616 0.374 0.5616
6 0.626184588927913 0.5919454256630748 0.63799776114422 0.6608462293300307 0.5794435710495236 0.670883845704542 0.5676308421908516 0.6019834347230585
6 0.681477925260424 0.5778230432404855 0.6841064890209054 0.6592869311831627 0.6280870734120754 0.6610938941158154 0.6254589535387822 0.5796304357918862
6 0.6371291952982574 0.5393306202673411 0.5867220333850582 0.5482253213643753 0.5712229769263786 0.46039552421776603 0.6216294701973766 0.4515008834697116
27 0.6236558024254464 0.47186425445597435 0.5855999999999995 0.4728000000000005 0.5830159773593095 0.36770613924945406 0.6210712809577217 0.3667703997383833
43 0.3350026910937913 0.5410354219183735 0.29732664196069436 0.5424532388927196 0.2920957470507801 0.40345009743021454 0.32977101558628874 0.4020322955023152
0 0.2938379260048123 0.5129729238596555 0.2630917011466636 0.5078488875193637 0.2851784955403218 0.3753298320685099 0.3159241714681684 0.380453821622634
55 0.28442837405339105 0.5889010501659079 0.3332780928978991 0.592468207293278 0.3206316428370428 0.7656298738737617 0.27178193068311884 0.762062780163952
57 0.22603993247537346 0.6029306280121763 0.2871609366153507 0.6010972375636428 0.29023087609141385 0.7034291540751676 0.22910987268505778 0.7052625258515283
38 0.6201130267205599 0.36946813338558865 0.6647718728654581 0.3660330601624859 0.6768211876337773 0.5226754534580472 0.6321623460949013 0.5261104896009505
41 0.685444825483728 0.7435689075300338 0.629402052151363 0.7446748726858904 0.6261352221757761 0.5791077780745146 0.6821761963882409 0.5780018302151798
40 0.6804118326958815 0.5638813756230997 0.7548673715150471 0.5713260924707001 0.7444871586363888 0.6751281370561942 0.6700316294671893 0.6676834934793118
27 0.921875 0.8765625 0.934375 0.8765625 0.934375 0.8984375 0.921875 0.8984375