43 0.29246644264367205 0.573201822206193 0.23993890027088582 0.5609463559149217 0.2838840045822053 0.3726131538816006 0.33641009125176424 0.3848684396913451
0 0.2676932089202637 0.488393086144871 0.22007687740983783 0.4732432982768547 0.26322261188897755 0.33764386823253917 0.310838136927714 0.3527935163622469
55 0.2937074803036239 0.767214326445931 0.2400489627295883 0.7598982517357074 0.26334941020763836 0.5890388118155997 0.31700606667232023 0.596354758868405
57 0.19791206198874534 0.5924931816297326 0.2741164915873924 0.5943073520252866 0.27132441246317285 0.7115743407915882 0.1951199837567401 0.7097601915783902
38 0.6506109703369702 0.3903875893427561 0.6988190863311274 0.38121825666715675 0.7322813094923504 0.5571361494573258 0.6840732270420631 0.5663053629457342
39 0.6786321362114904 0.34066954571039726 0.7269377127142889 0.33072483857967183 0.758497322978883 0.48401572583241864 0.710191777150726 0.49396033439978615
41 0.7243575651543779 0.7717708404983744 0.6653575345179661 0.772462154412385 0.6631191121049369 0.5813399485776387 0.7221168550667016 0.5806486479257049
40 0.7884801757708146 0.6819234402083417 0.7101861430338658 0.680221616105113 0.7128145087303892 0.5593569128809357 0.7911067333385517 0.5610587171869738
27 0.6040808554812429 0.4319038323613669 0.632608463012275 0.4326038403670653 0.6293276073346306 0.5663000009552842 0.6007999999999356 0.5655999999999991
27 0.7239767477690293 0.7727275752718911 0.6702312993963915 0.772990995847291 0.6694564251307611 0.6146634158610752 0.7231999999999061 0.6144000000000003
6 0.2484291840954711 0.48570281784933445 0.29282618158219975 0.4821980820774339 0.29951660406038627 0.5669435920808871 0.2551196093868384 0.5704483039344876
6 0.268229394702189 0.5866705594930332 0.3206147853309176 0.5985749636527526 0.3053729555880409 0.6656388168901972 0.252987591522583 0.6537344908808289
6 0.31486230189318576 0.6116211293692568 0.37014056803070616 0.616042844611563 0.363910960928024 0.6939127305421455 0.3086326989908912 0.6894910495604957
6 0.392 0.6472 0.4248 0.6472 0.4248 0.716 0.392 0.716
6 0.42017573627913407 0.6064193643699529 0.3875998412269155 0.6028001816212226 0.3953610370806473 0.5329514370046391 0.42793653872365667 0.5365705977039272
6 0.37079990789470685 0.6144000290622748 0.37080008978546175 0.5455999223843282 0.4079999740619087 0.5456000806321785 0.40800001866034563 0.614399960234956
6 0.4208 0.5551999999999999 0.44880000000000003 0.5551999999999999 0.44880000000000003 0.628 0.4208 0.628
6 0.4790742640011558 0.6321744280151042 0.4444112877262114 0.6345647210271586 0.4391116580984544 0.5577162645633759 0.4737741549636212 0.5553259880735781
6 0.4784 0.5591999999999999 0.5107999999999999 0.5591999999999999 0.5107999999999999 0.6336 0.4784 0.6336
6 0.533623538672714 0.6309935174901175 0.5038262701144731 0.6276078424105397 0.5112941041722934 0.5618926498999307 0.5410910152569386 0.5652783043650164
6 0.5461888766253651 0.6508447718470458 0.5815867564198243 0.651729594422601 0.5799068081549876 0.7189275922992358 0.5445089285976792 0.7180427759288361
6 0.6048001107660639 0.628 0.5635998871204038 0.628 0.5636002018135287 0.5544 0.6047998791656255 0.5544
6 0.6393559747091331 0.6203363996703436 0.5999043276399334 0.6229662358395928 0.5954195898031003 0.5556918221373386 0.6348707627536214 0.5530620018059521
6 0.6432321039308135 0.6034613301741946 0.6125431214750279 0.5547245943609284 0.6700345652236592 0.5185263911773397 0.7007235154804903 0.5672628457572314
6 0.6706574114813293 0.49265048155629976 0.718731398241971 0.4841219783091218 0.7318814612646065 0.5582410768089501 0.6838074881528655 0.5667695285573365
6 0.6833512379740796 0.6580444420369518 0.652036911480991 0.6236026448956001 0.7047579478223724 0.5756745966971821 0.7360720959092077 0.6101161650641024
27 0.92578125 0.884375 0.93828125 0.884375 0.93828125 0.9 0.92578125 0.9