43 0.42679766375704276 0.2924660919174088 0.43905461509245924 0.23993915714808461 0.627387041839711 0.2838843950913156 0.6151306101891123 0.33641087196278713
0 0.5116066374761203 0.2676929884894419 0.5267576703932946 0.2200772134339685 0.6623564861579325 0.26322288082720663 0.6472057784040999 0.31083837665088143
55 0.23278524015347557 0.2937068905661579 0.24010266483458054 0.24004971383270765 0.41096148853148406 0.26334940699532905 0.4036445014576202 0.3170061896512679
57 0.4075068223293101 0.19791195631597866 0.4056926518534283 0.27411649989309805 0.28842558575831845 0.27132441012315184 0.29024006928045765 0.19512018638869041
38 0.6096099257747483 0.6506095298261675 0.618782170993768 0.6988180711301877 0.44286521721255667 0.7322812088531475 0.43369400293056515 0.6840735693309223
39 0.6593286676442176 0.6786310556784952 0.6692763020779466 0.7269369138624667 0.5159858302631619 0.758497167247295 0.5060391379851126 0.7101921270374769
41 0.2282287646826262 0.7243561263425751 0.2275385840769104 0.6653563261457547 0.41866001962125665 0.6631194450225263 0.41935138040901165 0.7221180579898271
40 0.31807633437972527 0.7884799897343642 0.319779334456598 0.7101861914454376 0.44064311895954233 0.7128145008240871 0.4389412236600947 0.7911072119086506
27 0.5680961616471905 0.6040791466303986 0.5673964909287861 0.6326072291861031 0.4336999808621158 0.6293277207804463 0.43439999999998236 0.6008000000000129
27 0.22727222745868403 0.7239755723702256 0.22700950179694246 0.6702306457034164 0.3853363748659149 0.6694565803971818 0.38560000278141615 0.7232005670131287
6 0.514296950019002 0.2484291168998597 0.5178021617715558 0.2928261650489119 0.43305658458166363 0.2995165580114067 0.4295515411940869 0.25511966658696306
6 0.41332970738471886 0.2682294025805138 0.40142384141233833 0.32061448750972443 0.334360598524313 0.3053728706092773 0.3462665743273874 0.2529879459761974
6 0.38837901748627246 0.31486224336262186 0.38395675964397924 0.3701405422108082 0.3060870655099279 0.3639109581600637 0.310509526491046 0.30863288579827125
6 0.35280009060079465 0.4248 0.283999928536673 0.4248 0.28400006806077727 0.39200000000000007 0.3527999504260606 0.392
6 0.39358035700161054 0.420175590434601 0.39720016744354325 0.3875999249833718 0.4670488648486071 0.3953610567955351 0.46342920988888636 0.4279365798601553
6 0.3856 0.3708 0.45439999999999997 0.3708 0.45439999999999997 0.40800000000000003 0.3856 0.40800000000000003
6 0.4447999488025971 0.4207998861376515 0.44480006162541486 0.44879997650268877 0.37199998638857323 0.4488000159717021 0.3720000085262427 0.42080006008284354
6 0.3678257423850937 0.4790740634745031 0.3654352632594282 0.4444112549315757 0.44228347843989013 0.4391117303539926 0.44467413049835613 0.47377435196167045
6 0.440799866637235 0.47839971191397324 0.4408000792037683 0.5107999167265225 0.36640001553223556 0.5108001031824673 0.3663999846517072 0.47840007995049505
6 0.3690063561404031 0.5336234399724644 0.37239278746619675 0.5038263477179523 0.43810757620894947 0.5112941455948402 0.4347213168488224 0.541091079820292
6 0.34915525387566504 0.5461887667844142 0.34827037087472945 0.581586759597255 0.2810722470088649 0.5799068035608158 0.2819573288190895 0.5445090148904449
6 0.3719999387762982 0.6047999980998294 0.3720001399916555 0.563599902642617 0.4455999811931406 0.5636001782497045 0.44560005028176874 0.6048000023911846
6 0.3796637629346833 0.6393557348516404 0.377033573765857 0.5999043183045597 0.4443077047872066 0.5954196371653717 0.4469381258190879 0.634870803715666
6 0.39653775986198525 0.6432305258038621 0.4452777022480632 0.6125465212350183 0.4814742155339218 0.67003555728274 0.43273443506575404 0.7007193531258444
6 0.5073475926178617 0.6706573311511347 0.5158784134845291 0.7187313058996266 0.44176059620599517 0.7318811385856545 0.4332302117816198 0.6838075485664485
6 0.3419536605529174 0.6833488970750122 0.37639967659254125 0.6520391439752035 0.42432625936896784 0.7047589851349225 0.3898804684095012 0.7360685028488373
27 0.1 0.92578125 0.115625 0.92578125 0.115625 0.93828125 0.1 0.93828125