43 0.4721989720376314 0.7113996372745879 0.4803158020055207 0.6591233358932512 0.6655058356370773 0.6878722473311455 0.6573901772272848 0.7401474941068177
0 0.5691314871638724 0.7117509826986571 0.5770894595037817 0.7847024332468083 0.46905371384218597 0.7964844161410369 0.46109673559806197 0.7235338774144048
38 0.24866199811435763 0.3447662610472772 0.2446958608818477 0.30186161547605533 0.44824989431447193 0.2830446040345088 0.45221640891361403 0.32594883746594605
39 0.22483116965247518 0.325031637726265 0.21368078686020908 0.2746961189965761 0.3938825799780261 0.23477788847319545 0.4050332509942791 0.2851130327512677
41 0.6448644492494395 0.26304589133984835 0.6637814877709616 0.31959415637212685 0.5026615491086659 0.3734908814199308 0.4837450515042292 0.3169430716198416
40 0.5899513670572105 0.2282836879035898 0.6056203552274155 0.28403647945965443 0.458096634151957 0.32549555930522556 0.44242806806289536 0.2697431307243488
6 0.48384358215184875 0.32320814652748003 0.4869608413109745 0.36805123099100717 0.40688630257318437 0.3736170988618762 0.4037692459341997 0.3287742033238398
6 0.45212871170178914 0.2909487890139965 0.4497249281811264 0.3317076538224395 0.3623782248380394 0.3265561918051197 0.36478216513546613 0.2857974926342283
6 0.48420995582409887 0.3280185984653496 0.5189543637349061 0.2816679109521457 0.587890600629521 0.3333408341766396 0.5531464148878058 0.3796913199630831
6 0.40612889646240546 0.7009387449586914 0.39609049590887935 0.6571017954518918 0.49277329968992944 0.634964707876598 0.5028120075422748 0.6788012172099908
27 0.91015625 0.04375 0.94609375 0.04375 0.94609375 0.0625 0.91015625 0.0625