43 0.30988210283635453 0.530884415180846 0.2584125892692555 0.5283007490647103 0.26926163848770557 0.31220558562500905 0.32072966022076344 0.3147892131458485
57 0.2873499503476751 0.6541817887006124 0.20745468738664385 0.6673066818439499 0.18758426820681962 0.5463571370528263 0.267477763777606 0.5332323925926075
55 0.25954584560122385 0.534590914858579 0.32467697461515854 0.5265663868559428 0.34632341648489273 0.7022410184366129 0.2811923126993179 0.7102654132178661
38 0.6730522018801821 0.310801115213167 0.7199868333591439 0.30542808627471596 0.7437112367528016 0.5126564997158197 0.6967766180470107 0.5180294575416549
41 0.7541467721636081 0.709633668922905 0.6952265392011441 0.7188648636632579 0.6650336623083604 0.5261687266671825 0.7239518021693812 0.5169376973289495
40 0.8054243370066843 0.6570240185585163 0.7435270679135328 0.6855733635740809 0.6853724694590255 0.5595022855288072 0.7472683672831408 0.5309533090975417
6 0.6103148827315863 0.571197122586761 0.6687200748300484 0.5454463054175984 0.6998802900413921 0.6161133254316443 0.6414752055495683 0.6418639628747431
6 0.3032647394798005 0.45871536104245214 0.35667864542313055 0.45244256577970393 0.36733252301701214 0.5431555487780779 0.31391862440705154 0.5494283003948557
6 0.40053358860552635 0.5680180204189266 0.3600149568259212 0.5694014049325328 0.3574105455750214 0.49311945378494726 0.39792867930987086 0.4917360777657211
6 0.33635828190494976 0.5421573118251052 0.40157035149047715 0.5775446775761364 0.3660220609623366 0.6430461826944526 0.3008101608021434 0.6076590557067437
27 0.9421875 0.9015625 0.95625 0.9015625 0.95625 0.9234375 0.9421875 0.9234375