43 0.3421759622455056 0.5781732813341648 0.2993062645543887 0.5803155774150621 0.28981403834029607 0.3903653235936743 0.33268253370522416 0.38822305763259807
57 0.25332170096146456 0.5654369854343254 0.31204821163396446 0.5870087057387885 0.2731350692622527 0.6929325731008571 0.21440867644298578 0.6713610861943794
55 0.2950198678081506 0.5748173090981621 0.3402215533500339 0.5808750924264304 0.3168199594318821 0.7554699705594738 0.27161829451483754 0.7494122945256542
38 0.6916441305264698 0.5724311908665125 0.6500862593683223 0.5717349742905912 0.6532900961580026 0.38053661206569384 0.6948467928780246 0.38123281868412595
41 0.7179660724173118 0.7338203269471254 0.6704728553579571 0.7399090058822471 0.6492463236606909 0.5743523610248982 0.69673800715168 0.5682637804517529
40 0.7503778737159337 0.6926678527276219 0.6903734534784007 0.6836209244155161 0.709683099358017 0.5555694819035706 0.7696860671262584 0.5646162988217378
6 0.6971756498112427 0.5668442606966925 0.6555474484935075 0.5728366720165953 0.6458159361642402 0.505238029782028 0.6874436821420886 0.4992456516600414
6 0.654929092868997 0.5898411815404447 0.6094327036893219 0.5914200020493738 0.6067191143282571 0.5132218586456804 0.6522149078557504 0.5116430484590443
6 0.7032362327197461 0.6424380566434936 0.6578250265533825 0.646274878736808 0.6514537390562509 0.5708714778915137 0.696864319093379 0.5670346822349515
6 0.659026053420007 0.6715813903046142 0.6094683637949174 0.6731346767224642 0.6069425556045189 0.5925452444140183 0.6564994826264865 0.5909919698908119
6 0.3791923190557327 0.523135827046533 0.41200450320184245 0.5221981119521456 0.4138844743301888 0.5879753739498131 0.3810722903970145 0.5889130838228066
6 0.38260367980456067 0.5962212344103706 0.3372817562966475 0.5949979746273324 0.33938607035838686 0.5170524537090877 0.38470739793274333 0.5182757054718261
6 0.2975322883477247 0.5046469393441246 0.33993285214955904 0.5034352013492442 0.3421471844532107 0.5809113696159266 0.2997466209941422 0.582123099847263
6 0.33336603500322326 0.5967762737386907 0.38690460997065657 0.603951455707595 0.3783467943820824 0.6677991156546589 0.32480822820366484 0.6606239781132378
27 0.93203125 0.8921875 0.94609375 0.8921875 0.94609375 0.921875 0.93203125 0.921875