43 0.4792445200117754 0.7351567279255868 0.46787967548152665 0.7961913513106806 0.2664398413944582 0.7586862502441952 0.2778057640418865 0.6976530600428891
0 0.42363694106757066 0.7896108472080957 0.3897362572131442 0.8472581324799493 0.273196395473974 0.7787360371381395 0.30709705690594546 0.721089675497282
6 0.5328660471074045 0.6309634990721473 0.6130491609629871 0.64770871270275 0.5982291693462685 0.718663376410094 0.5180460916832317 0.7019182866603615
27 0.5787499999999 0.7028704421875186 0.5968780674689924 0.6497063074399082 0.7134460533087577 0.6894476894132695 0.6953187947358401 0.7426111424950841
55 0.4877989898800479 0.7690362795739413 0.4962609563441447 0.698019962504208 0.6794476040548716 0.7198434664870339 0.6709872748384669 0.7908582686464877
6 0.6036941387205843 0.27205265951704954 0.6203281873174546 0.31347201484117404 0.5651699072788006 0.3356228539094716 0.5485359921905228 0.2942036113252784
6 0.520123459166939 0.22888948989796234 0.5846392053948648 0.20406589942506903 0.6104891181935272 0.2712479053746225 0.5459734114600678 0.29607142672402864
27 0.6962664667751142 0.19457860213346082 0.7095200942467272 0.2431779687670532 0.589503370878333 0.2759071323628527 0.5762500000001864 0.2273079906249721
6 0.5625001463600938 0.21567095846142714 0.5173164565688921 0.24778928751714413 0.4706257548419899 0.18210604695532884 0.5158092985708436 0.14998779175118412
6 0.537524542749793 0.3084801088222872 0.545845885171957 0.3576394848570576 0.47863734003658465 0.3690154555921111 0.47031619258586943 0.31985625303063037
6 0.460384474802936 0.283897892778112 0.5161635152456938 0.26855398753088605 0.528592995967756 0.31373720040788156 0.4728139680599952 0.3290810730375191
6 0.4259309569673633 0.2293302253211108 0.48310104298923306 0.2030121210996088 0.5136611003370035 0.26939576498402656 0.4564910580675132 0.2957137963249462
6 0.3843808654619352 0.1743613809409081 0.4360964317689877 0.14129566435234683 0.4770973688277991 0.20542150840531248 0.4253818601032435 0.23848715159316464
38 0.27249394486022993 0.2417577915190805 0.2653627593796273 0.18047530369189707 0.46729472777849423 0.15697707653916276 0.4744262462681945 0.21825919884665104
39 0.33986865164945357 0.26587939450038733 0.27375767659293615 0.21204644334191017 0.37200097237075624 0.09139767992323476 0.4381116017580098 0.14523041030096034
41 0.6610610291040757 0.13763530156904147 0.6730526649513422 0.20987799706332005 0.48551508885805106 0.24100641233270517 0.473523885359441 0.16876407975199562
40 0.5821605151675158 0.08252078081030434 0.59604389227718 0.14739168201879957 0.4594853790774778 0.17661690084658282 0.4456022031379234 0.11174617286743217
27 0.90546875 0.0171875 0.92578125 0.0171875 0.92578125 0.034375 0.90546875 0.034375