6 0.5063114132072997 0.7280049203387993 0.5040540868182006 0.6873746122320675 0.5832983393522682 0.6829724824023161 0.5855559924489171 0.7236024431112503
6 0.545599966287682 0.6872000378342322 0.5456002090767242 0.6403998347287311 0.6191999620682509 0.6404001088752981 0.6192000677215219 0.6871999639237986
6 0.566983743621222 0.6407026912425102 0.5696131746415176 0.607840931157757 0.6288815833438548 0.6125826317408753 0.626252351774724 0.6454442061870601
6 0.6365514517775637 0.5818174260072703 0.6358656342524682 0.6188567650415844 0.563379227156247 0.6175144381134157 0.5640652850742072 0.580475345872845
6 0.6828760952278117 0.7219456797651078 0.6101476773305876 0.7189776047569717 0.6122399974075279 0.6677241760373687 0.6849676273679961 0.670692234959782
6 0.7123625950779342 0.6307614335199596 0.6982391886905361 0.684681666106443 0.6309776214645808 0.6670655665226795 0.6451012658579884 0.6131456989332973
6 0.7194361408933219 0.5959162781127072 0.7082995797912872 0.6355092204502769 0.6463041645195062 0.6180730550041763 0.6574408687268942 0.5784803475857883
6 0.7184714461146768 0.38154545557533426 0.7206817795829465 0.4169074040606688 0.6591471365990174 0.4207532859373472 0.6569369436995203 0.38539146910987376
6 0.7064001549670138 0.37479991145057634 0.6573779792512369 0.40281152621195243 0.6262891941931912 0.3484060707383121 0.6753111004957191 0.32039455340887774
6 0.683200159992225 0.32959985853674345 0.6453484846483661 0.36306781756991735 0.5951294497202753 0.3062726181229534 0.6329809681769802 0.272804779429163
6 0.5759999886120113 0.4352000121519984 0.5760001264359289 0.39559990354185054 0.6463999875902573 0.3956000516827385 0.6464000263056278 0.43519998549220423
6 0.5684444516328995 0.373703763727334 0.6359363273353438 0.36684050040207694 0.639399499161982 0.4008950959142875 0.5719076251216393 0.40775834543400163
6 0.5440421205873918 0.37300082178954386 0.544951161929248 0.325741293053254 0.61735513256167 0.32713383919213707 0.6164462761433924 0.37439319081522854
6 0.5039811084476469 0.3308847194625325 0.5028484712449881 0.2878407663163955 0.5864957380184705 0.2856396603287356 0.5876285397265519 0.32868344769985647
43 0.5869902456748832 0.6895070984015368 0.5832230661693529 0.7309472463765248 0.4276356979295315 0.7168039455033465 0.43140349818065715 0.6753644944997758
55 0.764325735239936 0.6737797947241684 0.7621546825487258 0.7258899896956328 0.6101348694890021 0.7195555602229302 0.6123067254376338 0.6674461956979649
57 0.6457685498669434 0.7754955551372946 0.6309963204328142 0.7139527077494127 0.7247019591989101 0.691463877295419 0.7394746352407537 0.753006062527458
38 0.43827216701845373 0.3443325286982514 0.4327697556843759 0.29973315429022074 0.5842405509454238 0.2810458510173654 0.5897432391651591 0.3256448869004684
41 0.738997536175475 0.26295269199967247 0.7524061736990006 0.3178817239617285 0.6133883900197361 0.3518155018746468 0.5999801780001235 0.29688683697491497
40 0.7093673578376638 0.24262429783524544 0.7083657513859407 0.29872082205178935 0.6227643873234001 0.29719221043379745 0.6237661881059466 0.24109588719918965
27 0.92265625 0.071875 0.94453125 0.071875 0.94453125 0.0765625 0.92265625 0.0765625