6 0.3387553046875 0.49563953437499997 0.37588401718750003 0.49563953437499997 0.37588401718750003 0.568313953125 0.3387553046875 0.568313953125
27 0.3523271813417068 0.34796490865561086 0.3812027689958768 0.3499101483518418 0.37081335161519746 0.5041254534505201 0.34193776562494804 0.5021802328124985
6 0.2937228499073399 0.46607257513180295 0.3422654259186402 0.4648295661968482 0.34468180098735957 0.559187738732506 0.2961392253033637 0.5604307384701337
6 0.2984443814482347 0.5421511625 0.25530391365350624 0.5421511625 0.25530424484202285 0.43968023281249996 0.298444036805563 0.43968023281249996
43 0.29683716006150007 0.5441649898465241 0.2531137525285203 0.5423151697243416 0.262396330069123 0.3229382410533952 0.3061184961817389 0.3247880352242629
0 0.2564268315557001 0.47806993965491584 0.2120270152121293 0.46650511885306223 0.2531256009261824 0.3087290798013331 0.2975245908381794 0.3202937871696404
55 0.26714863545828393 0.5512476956119299 0.31894843845839205 0.5614061415343435 0.2830043303443972 0.7446697143822147 0.23120457957804774 0.7345114548756769
57 0.2065804000604885 0.5349764326524755 0.2634224507478393 0.539283209025567 0.25073992486670704 0.7066522434820109 0.19389788133366892 0.7023455354333147
6 0.7309053679711042 0.5341569765624999 0.6902403210013972 0.5341569765624999 0.6902406284416429 0.44622092968750005 0.7309051309546248 0.44622092968750005
6 0.71678203752424 0.5627028164015593 0.7359788018601421 0.6306249588962413 0.6833071106212856 0.6455094668995564 0.6641107419522996 0.5775876602732477
38 0.6722630243592675 0.33153950405559657 0.7151186744702045 0.32722133007310594 0.7356661212219251 0.5311334355905506 0.692810479758009 0.5354515501265124
39 0.703925453884608 0.2854983168224101 0.7454823082794064 0.2866648140934979 0.7417237407325956 0.4205603242156208 0.7001668866250839 0.41939383539868474
41 0.7423627613154622 0.7391925027809773 0.6914022938893822 0.7456897992722341 0.6687900345571052 0.5683511295949584 0.7197487161919298 0.5618539480302616
40 0.7361531400887316 0.5535685743321384 0.820779795592216 0.5754409672743396 0.7927257214712427 0.6839726858225543 0.7080991502557481 0.6621005246940286
27 0.95078125 0.9265625 0.96328125 0.9265625 0.96328125 0.95 0.95078125 0.95