6 0.27705654416763537 0.5052124293360369 0.3225950473508874 0.508531045258326 0.3170075296119421 0.5851969256326492 0.271469028814181 0.5818783310455423
6 0.36053981992711215 0.5537966376966039 0.39659113021821213 0.5514082762588975 0.40069559797382226 0.6133572142947791 0.3646442890342314 0.6157455625080038
6 0.386761714301997 0.5404774612376454 0.4272158473888794 0.534581350763096 0.4387388117801265 0.6136344704352259 0.3982846877487418 0.6195305393995084
6 0.2538983923275282 0.6317421638133969 0.2939897382103709 0.5938321336439093 0.3515315951771072 0.6546776081903952 0.3114405520049104 0.6925873286325857
6 0.6210402311801317 0.612498299277351 0.5896427910261082 0.6143142151054698 0.5859054356783417 0.5496987168640058 0.6173025110633716 0.5478828117253468
6 0.6483051767473853 0.6140988374999999 0.6161722051735978 0.6140988374999999 0.6161723749411294 0.5537790703125001 0.6483049984476565 0.5537790703125001
6 0.6850135825210373 0.5046295254233478 0.7252804928060641 0.5052223410293071 0.7241219100648095 0.5839119924533719 0.6838549998956296 0.5833191807325424
6 0.6779661354975133 0.6860465624162787 0.6449282607917439 0.637449630567907 0.701273749568827 0.599148855041958 0.7343115502085311 0.6477454667279685
43 0.3148981584465673 0.588506151486739 0.26955577913406614 0.5842132654326623 0.2881040011918685 0.38832677426161183 0.3334450583024591 0.3926195971711059
0 0.27524132854898653 0.5442534096060532 0.2378693709658819 0.5337415716562296 0.2839608347003377 0.3698891945684817 0.321331930421934 0.38040090177045577
55 0.2794835134460527 0.6014702908240981 0.3357401594369094 0.6111256717174122 0.3063839337199852 0.7821445383885088 0.2501273300885032 0.7724893342304533
57 0.2439772081912679 0.5853754872026193 0.3054883748949351 0.6202391043702766 0.24990372343199851 0.7182962867172497 0.18839283353531755 0.683433058188278
38 0.6794838477663916 0.41393521137191913 0.7201994338987561 0.41246214913723006 0.7263550316356486 0.5825914280121323 0.6856394466353777 0.5840644710155194
39 0.7361646738751233 0.49427105459241 0.701582201330325 0.4906272892103018 0.713556414248842 0.3769914252416248 0.748138370050583 0.3806351632822336
41 0.7355180669164838 0.7623563075482265 0.6855885883081783 0.7705720949884771 0.6589511580784801 0.6087079681606135 0.7088789743897905 0.6004923194715012
40 0.774264723628562 0.6953648004141841 0.7257682379746484 0.7076462680320063 0.6959643590814721 0.5899712290250082 0.744459738746059 0.5776899087651657
6 0.47387005625 0.5603197671875 0.508827684375 0.5603197671875 0.508827684375 0.6395348828125 0.47387005625 0.6395348828125
6 0.5084745765625 0.56177325625 0.541313559375 0.56177325625 0.541313559375 0.6424418609375 0.5084745765625 0.6424418609375
27 0.93125 0.91875 0.9390625 0.91875 0.9390625 0.9546875 0.93125 0.9546875