6 0.2966045906372301 0.7213224407654639 0.3031000640618231 0.6636948408305463 0.38693101687874787 0.6731422617298551 0.38043610763224933 0.7307693487447396
6 0.39451619689020845 0.6288500289361135 0.39634478510072313 0.6737746260355578 0.3207618906698144 0.6768502991988121 0.31893365343580626 0.6319260419528011
6 0.3728653993853186 0.7594426096465667 0.3822567547701965 0.7017588079757006 0.4688641698281799 0.7158568544985647 0.4594734544949688 0.7735400831886169
6 0.4606633616696172 0.7235728334903277 0.3918978544222682 0.7062436081379768 0.4077339709823491 0.643413644214632 0.47649859764726443 0.6607427537206593
6 0.5114573656244374 0.36507664617767843 0.5128236757154809 0.4014454648175778 0.44561368277891233 0.403970082992599 0.44424752090947095 0.36760140640866373
6 0.4444948345244484 0.37751243485692915 0.4303719217472235 0.3359393435652269 0.49167412010638145 0.3151149520126848 0.5057971015625071 0.35668789843752835
6 0.4005703855119691 0.2793736017323596 0.4755224233707622 0.25744725725854933 0.4934822659798783 0.31883888730120097 0.4185302584684223 0.34076516726513945
6 0.4681161176056321 0.2646849806394687 0.4110512687022947 0.2925911132516074 0.3803088985599743 0.2297275111279081 0.43737349970285777 0.20182145047853492
6 0.4149299146403109 0.34491587269498575 0.3345509944103924 0.37051993057235827 0.30312767223517767 0.2718743630394831 0.38350587661238933 0.246270426980417
6 0.37718960250083455 0.266344567261771 0.3029914361545707 0.2710927573299294 0.29982986314439586 0.22168661807800333 0.3740277595460384 0.21693843662110096
27 0.3217391234608158 0.6362338162136775 0.32193636614181287 0.6652203751744016 0.15664444819969958 0.6663427869253444 0.1564476825857355 0.6373566838160878
43 0.36911629758731124 0.7285364402848179 0.3629015648997438 0.7794411335297052 0.12037835779062789 0.749834220427099 0.12659428056531397 0.6989309651799197
0 0.07454134148383673 0.7722759718188196 0.07678733841032681 0.7505409654094706 0.21589513950220862 0.7649121647963243 0.21364952943554272 0.7866468163356614
55 0.5848845184484617 0.7194676000298909 0.5811343554951236 0.7770683600037325 0.37002001136670515 0.7633228419079306 0.3737714541988453 0.7057234711241162
57 0.5047840709621596 0.7528806135760269 0.5184342154908563 0.8447021095096635 0.39504846980014463 0.863039084791016 0.3813998922000792 0.7712189846610186
41 0.6040173327453431 0.19710808205148792 0.6105541736554869 0.25511216756966715 0.38667198455539165 0.2803412417814767 0.3801356605046067 0.22233762394467865
27 0.87109375 0.034375 0.91171875 0.034375 0.91171875 0.053125 0.87109375 0.053125