6 0.3231751901972757 0.5497437893519719 0.2820849954504183 0.5509660222059832 0.27975687371338154 0.4726959675661635 0.32084656181189075 0.47147374231133937
6 0.36542117581439015 0.563056253270357 0.31969906885240107 0.5593540324592737 0.32552504463910736 0.4874133804579429 0.3712466222872308 0.49111557962843466
6 0.3489028244484871 0.5652807881292926 0.33698240907824584 0.6289861368362699 0.2879541089846498 0.6198127619191472 0.29987474195127106 0.5561076949854701
6 0.3200096151682601 0.6072098556279014 0.35416253854248225 0.5653348765857561 0.41162429254370636 0.6121951662278174 0.3774716761340642 0.6540698596703735
6 0.41843220312499996 0.5247093031250001 0.45162429375 0.5247093031250001 0.45162429375 0.6039244171875 0.41843220312499996 0.6039244171875
6 0.45097112752478097 0.5427310224584744 0.4759496214954879 0.5442479240269131 0.47142930114387127 0.6186756201388568 0.4464508080802716 0.6171587286007908
6 0.5814861016605164 0.6223088325466518 0.5527849488890979 0.6198188857874074 0.558017699434231 0.5595104999864904 0.5867185401330062 0.5620004331002468
6 0.6074115235601312 0.5365814867498636 0.6368264826309087 0.5354227901648794 0.6391876185625733 0.5953574561565634 0.6097726598065947 0.596516146733853
6 0.6847626500547221 0.5819342547345024 0.6391140738431886 0.5893267442720284 0.6282920370191505 0.5225054893748031 0.673940094978434 0.5151130430695798
6 0.7219788126194544 0.578153229903912 0.6799656034362442 0.5818643902485641 0.673150589296597 0.5047172671441803 0.7151632633768941 0.5010061306173761
6 0.6702716308617482 0.583541463478101 0.7164333703840384 0.5773119344500605 0.7252184203298384 0.6424033162626753 0.6790566888015519 0.6486328072638318
43 0.3212688369330863 0.5497512802807277 0.28061964914343207 0.5489506439025438 0.28402994700138606 0.37585099915228354 0.32467811169863126 0.3766516252462011
0 0.2940716241938617 0.4676747808339042 0.2421840061634839 0.4535744843424683 0.2739844381594594 0.33656010704628525 0.3258713289604884 0.35066029920225167
55 0.33334968247174857 0.7337740572980602 0.28619086102628444 0.7306498978411298 0.29763699330919735 0.557905017121238 0.3447942680184042 0.5610291263744231
57 0.2980933819657139 0.647549931698396 0.22638650390638304 0.6504054083879668 0.22225315898879217 0.5466034232994385 0.2939586926534048 0.5437479732918201
38 0.6767071717887347 0.3990893387092097 0.716377422511755 0.3986835843165716 0.718236336438622 0.5804156293796595 0.6785660858594156 0.5808213782256262
39 0.6826294870610354 0.4022426366840532 0.7310557321321767 0.3922612901488903 0.7615787037703967 0.5403395134257806 0.7131524928249746 0.5503207506221072
41 0.7284782769164622 0.7446406732699512 0.683218361858394 0.7475471178896346 0.672526419958217 0.581061043161465 0.7177848412032972 0.5781546460969844
40 0.7892338259381404 0.589425713924179 0.7732299328148429 0.6922335312816601 0.7029967441831104 0.6813011624566632 0.7190012063711038 0.5784940356657378
27 0.9484375 0.86640625 0.9609375 0.86640625 0.9609375 0.90703125 0.9484375 0.90703125