6 0.5252865171858048 0.38895851499563566 0.46560697130848894 0.3712763619710178 0.479803288032258 0.3233643430940217 0.539482530077521 0.3410464481108502
6 0.5473330141485349 0.6528716371288145 0.5540671369790289 0.6966358498718664 0.4849346182903673 0.7072715406967925 0.47820085032981297 0.6635076451835129
27 0.52800000000002 0.3752000000000204 0.5283138780861236 0.3407079894338857 0.6274654723970343 0.3416099552560227 0.6271517824638977 0.37610178583460635
43 0.4947347871384409 0.337033406562282 0.4969024722100812 0.2893500503509764 0.669110019572031 0.29717803667391895 0.6669427523679587 0.3448609768185576
0 0.555109506090389 0.30272646420688376 0.562111100856896 0.26020094214189277 0.6992854723044957 0.28278519214033465 0.6922841766855754 0.32531044359151773
55 0.5143754570395913 0.2942979211149666 0.501733471353873 0.3496823876110439 0.34675155424190507 0.3143067540685624 0.3593938204571714 0.25892270521046834
57 0.3941017676286265 0.28565661434715556 0.3962219988426341 0.2368964293009598 0.533353948125864 0.24285894206460237 0.5312339964981447 0.2916188599060842
38 0.4829883787824656 0.7035164428502337 0.48047658733298704 0.6602478805895505 0.6541180670358244 0.6501680695563988 0.6566305845957459 0.6934358534455101
39 0.5463694806192052 0.7212404982821996 0.5421629630262714 0.690395813391129 0.6532066807346837 0.6752538767196319 0.6574135055266197 0.7060981885576866
41 0.3238161382596445 0.7039829909664892 0.3178630147626791 0.6556759080994026 0.4794840946919976 0.6357601230117667 0.4854379071199446 0.6840664118713787
40 0.3648688268441447 0.7496480462915834 0.35711832373863217 0.7053639335021591 0.5025246785247646 0.6799183027791591 0.5102757376176896 0.7242017082856642
27 0.06640625 0.85625 0.07265625 0.85625 0.07265625 0.8640625 0.06640625 0.8640625