43 0.3256325038216801 0.5287938943721502 0.2786812220022057 0.5259770152215106 0.29059383690901086 0.3274437076628719 0.3375438697792106 0.33026054855567805
0 0.27056334985081776 0.26041715101399004 0.31996611878082604 0.26787390840008607 0.29534185187139883 0.43101002850593284 0.24593909702457495 0.4235533358459855
55 0.30876918681235566 0.549846293505383 0.3610523585620058 0.5563809862991133 0.3399198492309097 0.7254396038464621 0.28763669749741894 0.7189050186191757
57 0.29750061001868744 0.7218947393144659 0.23613496724442484 0.7203214740822533 0.23923745852573575 0.5993548859708326 0.3006016040073973 0.6009281319684308
6 0.6760573199472901 0.5780295422740643 0.6938567680172127 0.6336460394864838 0.6435220036665896 0.6497529565665761 0.6257228757451685 0.5941367300803637
6 0.6697436285339791 0.5668493125510299 0.7185342279381075 0.5534333657577367 0.7369960153192778 0.6205675943050245 0.6882054493834175 0.633983456845755
38 0.7398072777084508 0.5371063318015533 0.6945945636265378 0.5401202961378565 0.6802342519578133 0.3247042502594689 0.7254456526834474 0.32169033064707253
39 0.762426498112518 0.4608077920998526 0.7238261743407293 0.46358689920868307 0.7112100647941588 0.28835761299480817 0.7498096043536862 0.2855785345353305
41 0.7486193822584255 0.7420684401578718 0.7013236691267366 0.7489648827995874 0.6737216731401077 0.5596900338752276 0.7210156618889414 0.5527937169855691
40 0.7882769485504468 0.7180990053402216 0.7270508533218845 0.7207040108310284 0.7222313291309774 0.6074283234625159 0.7834560205876642 0.6048233479339475
27 0.95 0.890625 0.971875 0.890625 0.971875 0.921875 0.95 0.921875