43 0.3167659665054998 0.5635351037835926 0.2685492832190448 0.5622385371996186 0.2738688807701237 0.3644495491590679 0.3220841864800832 0.3657460969452841
0 0.222317677188812 0.3441748798360194 0.26945495635845873 0.3425628684325101 0.2762303126993402 0.5406721797927215 0.22909303458095565 0.5422841694848414
57 0.2184841486825917 0.6214187041578427 0.30084775937484665 0.6317833871100702 0.28779870039033995 0.7354644592672677 0.20543511084963484 0.7250998880590129
55 0.29703515557582705 0.5841538090636597 0.3556154933376092 0.5864367353109676 0.34877430829726563 0.7619601955656211 0.29019397257320634 0.7596773102771419
38 0.7525493055924244 0.5821702423484703 0.7052008541680834 0.5792285195109018 0.7161164938377169 0.4035599096459846 0.7634636803052217 0.40650159271937014
41 0.7423937586228249 0.7745264010419569 0.6847924256601345 0.7767321852984078 0.6784592191676211 0.6113467287375255 0.7360585739843373 0.6091409819892409
40 0.8098651864683006 0.7355210076057466 0.7319739949895165 0.7305054703004484 0.7392285052607122 0.6178733141225329 0.8171178735178728 0.6228887921927333
6 0.7046996618788626 0.5781560496354635 0.6537876674798326 0.5723980462950184 0.6623386311080139 0.49680051615498233 0.7132499983076741 0.502558483721676
6 0.6765483478831129 0.6944992348469015 0.6188156450309634 0.6875134952608808 0.6287052307842487 0.6057976518962315 0.6864370077047397 0.6127833350213817
6 0.27291156122851135 0.5620293897103852 0.26574135494774964 0.4971708710289585 0.31703123967042757 0.4915011769124833 0.3242016796950793 0.5563594288240387
6 0.3189115063244117 0.48636127970492177 0.36834266580115127 0.4849212849954957 0.37060489582563605 0.5625713504410719 0.3211737367206524 0.5640113362463286
6 0.3590444889682658 0.490048445495902 0.39889910756323843 0.4838354398313165 0.4098675785675141 0.554189383386663 0.3700129679282327 0.560402353954641
6 0.3467778495661378 0.6660499500565067 0.2914997478344503 0.6560864754177052 0.3047355979603026 0.5826642243683259 0.36001293565948345 0.5926276285419325
6 0.40592717796801026 0.6663263648510143 0.34973024055921087 0.6640000596480002 0.35268713244613537 0.5925881831807478 0.40888329954407254 0.5949144724039265
27 0.946875 0.91640625 0.971875 0.91640625 0.971875 0.94140625 0.946875 0.94140625