43 0.3957885406009609 0.3152603401047678 0.4005202039973028 0.26913014283871584 0.5802091931574296 0.28756030943597444 0.5754779474372071 0.3336901126566559
0 0.4280315338442051 0.27172169667568813 0.4371350806235341 0.22884903324650085 0.6070785439951578 0.2649336227028978 0.5979753494978013 0.3078059743853589
57 0.2372314761059897 0.28134009156660456 0.2412147890037204 0.22358699453981865 0.3966683849363335 0.23430830960731813 0.39268544705714703 0.29206105846345354
55 0.3791859666361006 0.2896358119398633 0.3720824703279959 0.34859776383986174 0.20472819063775205 0.32843537394343886 0.21183208470131376 0.26947389827526486
38 0.38905994526214727 0.6974540140952277 0.38853223446608354 0.6530887609826748 0.5660875989848364 0.6509760711608461 0.5666161096040696 0.695340505687022
39 0.5834240312832435 0.6796647451240748 0.5878440671657472 0.7234090703988503 0.4138853699619176 0.7409814993263115 0.4094662303170935 0.6972379975475991
41 0.21557771385107571 0.7089276006737878 0.2062163467234086 0.6538615420771967 0.368249381519945 0.6263183947639424 0.3776114752442936 0.6813835298159978
40 0.2829058954883976 0.7736611730762695 0.2572680092390556 0.7115161477347587 0.38186207076012124 0.6601228293754515 0.40750027776971365 0.7222669298348923
27 0.5553504910842548 0.5977909158402184 0.5518468450754881 0.6309996316610661 0.4324960313313113 0.6184083435328217 0.4359999999999218 0.5852000000000214
27 0.5819886883643903 0.6357192840694137 0.5733990976323184 0.6782138497674111 0.4402099897813514 0.6512940070506469 0.44880000000000564 0.6087999999999706
27 0.5321432600119351 0.49841128468211454 0.5303342574454746 0.5206363401025345 0.4239691536590726 0.5119789333899941 0.4257783221871705 0.48975406051305453
27 0.41840000000001965 0.48480000000005197 0.41752704672921936 0.4611272107184634 0.5314145542978395 0.4569273513085807 0.5322876937486853 0.48059994969433445
27 0.41599999999994 0.4587999999999985 0.41435387138380975 0.4370701232696469 0.547661405870258 0.42697164393867576 0.5493077139817615 0.4487013236366388
27 0.18344757910995213 0.3609684096794655 0.19393739609313343 0.31002153813542477 0.3240000000000691 0.3367999999999633 0.31351059830876693 0.3877465018539997
6 0.47035972710136775 0.31950476768865066 0.46555114021828103 0.36652222337008156 0.38778267834311464 0.3585687004742787 0.3925914327443252 0.31155143530815793
6 0.30827132201125096 0.2703715848699787 0.37999999999999545 0.2951999999999959 0.3588661784257283 0.356253232164022 0.2871375370863234 0.3314248939329363
6 0.33694424195925876 0.31855724097577415 0.37840034552539237 0.3507995780094136 0.3341603386377301 0.4076794811066116 0.292704348653956 0.37543727276680533
6 0.3658408218254863 0.46209813113519227 0.3647142325527284 0.43731291194002797 0.4298704726033975 0.43435139964266 0.43099716695212464 0.45913650780119253
6 0.364799976243944 0.4859999688200216 0.3648000886602176 0.46119989500172054 0.43759998996040395 0.46120009984738697 0.43760000773590946 0.48600004344931846
6 0.3735992216146542 0.5096159614691795 0.3745808641634767 0.48507917334714273 0.44383005376710116 0.487849326891557 0.44284854539682783 0.5123859848967572
6 0.44834850373547397 0.5565604272798798 0.4475672123921868 0.5893800770764507 0.3645094193763043 0.5874026444696857 0.3652909425341022 0.5545832334628974
6 0.45567903493531503 0.5821272081310651 0.45503273698113844 0.6170339206454604 0.3702098969099552 0.6154631705270042 0.37085645995500727 0.5805567296633266
6 0.4533530574890392 0.6089259516065316 0.45451777237076385 0.65549703272815 0.3832720441064339 0.6572782181619937 0.38210765704479854 0.6107074570784341
6 0.4627339442246239 0.6513042877856471 0.4657256541646575 0.6951732988936495 0.3898782339342688 0.700344633308859 0.38688688817433103 0.6564759655937015
6 0.27303003435440587 0.6356088487614971 0.275073753594711 0.5824873075076699 0.3557850468924926 0.5855919971391627 0.3537417417820734 0.638713140089096
6 0.3766657814201153 0.6713531108204153 0.3294396681803846 0.7075767098905705 0.2867363343918896 0.6519097640548214 0.33396200411675636 0.615686421280423
27 0.05234375 0.93828125 0.08203125 0.93828125 0.08203125 0.96015625 0.05234375 0.96015625