43 0.33203690276332054 0.48837209375000007 0.2864213460661631 0.48837209375000007 0.2864219156958825 0.3117732562500001 0.3320364528178743 0.3117732562500001
57 0.29492826708519715 0.6498536947510358 0.22478387828311952 0.6592928270739339 0.20903533637817873 0.5422693739891327 0.27917825910628835 0.5328303408746479
55 0.2893318431172247 0.4993594220429882 0.3416900702466137 0.5037828435622607 0.3261437885662417 0.687779394467453 0.2737855705440779 0.6833560466412346
38 0.6637661344655044 0.30318112562556493 0.709666723667965 0.3047069420900286 0.703795466514407 0.4813221781856256 0.6578948778636686 0.4797963780879407
41 0.7300808528459584 0.6567914231551109 0.6758194123738122 0.6618563612134108 0.6595010578014353 0.4870448542660004 0.7137608442511691 0.4819799940565556
27 0.48859988333481397 0.604641370825069 0.5050550425648908 0.6053826157220122 0.5003474191377109 0.7098754748548464 0.48389226041126676 0.7091342377591894
27 0.5199272234510772 0.706535499524878 0.503451970995684 0.7062558987845207 0.5050950841513213 0.6094587754511076 0.5215700140626041 0.6097383734375008
6 0.33234826425257324 0.4306146833958021 0.3814078165094088 0.43124281321410973 0.3803745053265857 0.511943458350757 0.33131495313602954 0.5113153321796544
6 0.48563623994266436 0.5334555574674331 0.5249160249639999 0.5343655697029741 0.5227612885702229 0.6273634812451867 0.4834815038095712 0.6264534764836762
6 0.7099891886429077 0.4755560186799189 0.6630571774287546 0.48232164885098777 0.6523664806633178 0.408165009809174 0.6992980224737266 0.4013994141546108
27 0.94609375 0.8859375 0.96015625 0.8859375 0.96015625 0.9140625 0.94609375 0.9140625