43 0.44760324264473184 0.32528552126227434 0.4459389587084388 0.2831769687707679 0.6563936312879832 0.27485844273791543 0.6580583055297211 0.3169665871291493
0 0.6214553067446786 0.2976363382002738 0.6180826298592592 0.26782967042775657 0.7247550752675807 0.2557595838711402 0.7281278693628792 0.28556611792261516
55 0.449627848497812 0.2793016841794772 0.4407395931366409 0.32519370812766535 0.24672813410847994 0.2876179421167814 0.25561668225043377 0.24172630373360585
38 0.43967988576832795 0.7061527546321676 0.43968050630212474 0.6608909168321081 0.6896801175672636 0.6608920759969733 0.6896806753995861 0.70615271838168
41 0.25176597318738914 0.7686654710617734 0.23629210047795368 0.7050669316661075 0.4345916045950844 0.6568250758357111 0.45006643312683536 0.7204222446973187
40 0.3573763355744859 0.8117577857461985 0.34906662920627696 0.7199633916974105 0.4645241346241846 0.7095130468869933 0.47283494572752716 0.8013062249933564
27 0.2180231842108924 0.47135765779383804 0.2180233199317172 0.45332339426670976 0.3299418545066146 0.45332394658267705 0.32994186093753797 0.4713580659078695
27 0.22311046406249999 0.5109618109375 0.3328488375 0.5109618109375 0.3328488375 0.5300565765624999 0.22311046406249999 0.5300565765624999
6 0.4002831280153032 0.45288606436106205 0.3996342273597975 0.5329555403090487 0.29303451421674254 0.5320911058170886 0.2936840511160881 0.4520222893189323
6 0.4329986874889755 0.27757812330811776 0.42752749992371264 0.2994055192393882 0.35094346058417614 0.28020951320147996 0.35641469625318223 0.2583821909821391
6 0.3560119560754629 0.7286980351719742 0.35633211195249714 0.6984602346680212 0.44711613490335367 0.6994210013679317 0.4467962808456605 0.7296585032386673
27 0.040625 0.93984375 0.096875 0.93984375 0.096875 0.96484375 0.040625 0.96484375