43 0.4438860371693636 0.30718917583134275 0.45663038009513457 0.2569508201632964 0.6147546664029733 0.2970621381872102 0.602010767866318 0.3473001040118305
0 0.5540068397715459 0.32506786599767096 0.5540070799013392 0.272418253727865 0.680836173606167 0.2724186766474633 0.6808362378480979 0.32506797804713494
57 0.4214153357146415 0.21776641118904086 0.43524856453518623 0.2907406744485946 0.3196696343545682 0.31264926958089195 0.30583679940048114 0.23967535463044728
55 0.432279688449853 0.28379360471603376 0.4309555232712228 0.339051527606323 0.26010989958331265 0.33495668871961054 0.26143449594394497 0.27969920529710596
38 0.5907748861844766 0.6563634922605556 0.6022414914474439 0.7044397696303569 0.43919512677587136 0.743320106800362 0.42772951343351906 0.6952446873300284
39 0.6801391622437905 0.6898771142967083 0.6801397353885932 0.7364129925621827 0.5379790298629814 0.7364130536668763 0.5379791745991724 0.6898778827734519
41 0.4222755796589581 0.6753836507510644 0.4198009556253055 0.7286948295664234 0.2512486596785948 0.7208702263959416 0.2537241952137492 0.6675600147413627
40 0.3008043518248087 0.7791324018157624 0.3040860309014306 0.7118324708083799 0.42124481060955077 0.7175439503849689 0.41796407068977715 0.7848429899663221
6 0.4519332381652248 0.3259022810146027 0.4411231408709 0.2882009124513614 0.5317086530934603 0.2622279465918761 0.5425188451292797 0.2999291558389671
6 0.4096121693266923 0.3338417477792118 0.40506922534098067 0.3926362118532127 0.2324113817480793 0.3792946883033241 0.23695482969867498 0.32050077547500955
6 0.39615126002524903 0.4206067618592499 0.3956405487926986 0.3870716711804739 0.4707964172184802 0.3859270612214453 0.471307281036502 0.41946199740060913
6 0.4750125611802787 0.3542548334150807 0.47548721826149176 0.38930097241507305 0.40788533148565875 0.39021630838017834 0.4074108105178311 0.35517030292008334
6 0.48432709904977855 0.6340002573550415 0.49055837578725914 0.6851264580752954 0.41080299924840347 0.6948451887778988 0.4045721797766646 0.643719403248179
6 0.5172670879569523 0.6761609089229136 0.5271923261531128 0.7221313894993507 0.43796982895480596 0.7413913366213752 0.42804511180997906 0.695421311150379
6 0.32431752340562525 0.6787717822231231 0.3223710040306287 0.6248587948763302 0.40003619756328135 0.622054971138915 0.4019831169576946 0.6759675427050956
6 0.3453993834056064 0.7255065656377584 0.3471738424823343 0.6718330851502308 0.42336294684503173 0.6743514551356738 0.4215889382730893 0.7280244988599921
27 0.08984375 0.92890625 0.10390625 0.92890625 0.10390625 0.93828125 0.08984375 0.93828125