43 0.3296446745949879 0.5459078532377333 0.29201048605523283 0.5453520122211688 0.29451297188495573 0.3759657043853234 0.3321462370701056 0.3765215384422363
57 0.2572257460376477 0.5036072549179712 0.30305453806852256 0.5106271784709938 0.2812589824580982 0.6529032767430811 0.23543021042428336 0.6458834420430772
55 0.29518749948465484 0.5567489694088005 0.34520610284960185 0.568937862292382 0.3086608512003295 0.7188881147288478 0.2586423106378106 0.706699402787524
38 0.7027855132226932 0.5358885015625 0.6603259965302186 0.5358885015625 0.6603264391283119 0.35958188125000007 0.7027849104387087 0.35958188125000007
41 0.7310455299614205 0.6790619951223934 0.6725099014264515 0.700596817700359 0.6238174764249607 0.568255763603215 0.68235171372487 0.5467212203208612
40 0.7642632981232964 0.6306501927935477 0.7091650678072483 0.6485528931927359 0.6665408132503217 0.517381884624953 0.7216378017035368 0.4994794031084886
27 0.6580475107305119 0.4930764743540672 0.6202220210470841 0.48741620367384575 0.6398813596780428 0.35605025023138626 0.6777062136093264 0.3617104726888697
27 0.5411005368721362 0.49825789291908507 0.5583005739655391 0.3674812942795122 0.584794891788647 0.37096578994958973 0.56759510937502 0.5017421593749617
27 0.49730033822856967 0.4338128359002425 0.5199706697128477 0.4327078901171575 0.5240290218163182 0.5159682313925845 0.5013586908760317 0.5170731705287319
27 0.45320457753336996 0.40757964711121053 0.4707848876468006 0.4078615093719844 0.46900694130943066 0.5187487585031264 0.45142663125000126 0.5184668984375003
27 0.367866896590499 0.5052264767204045 0.33565014595922094 0.5071492194784855 0.3292929629101309 0.40063222562781314 0.3615092514218077 0.3987094964748536
27 0.3267661342132442 0.6439023793470523 0.3690941801880854 0.6587294545776624 0.3317662842603113 0.765276521934192 0.28943832735149044 0.7504496270462723
6 0.32642663125000004 0.4871080140625 0.369904890625 0.4871080140625 0.369904890625 0.57003484375 0.32642663125000004 0.57003484375
6 0.26784425883329277 0.5797927096785582 0.3056343870722458 0.5527073938299901 0.3513266430969679 0.616451738115633 0.31353667688188125 0.6435368609852808
6 0.2557662374827032 0.5013545292243644 0.3010178316847032 0.5061665484755563 0.2910948663727595 0.5994725571150425 0.2458432780683779 0.5946605755136071
6 0.3289814600545924 0.5912285069097896 0.3848712365671645 0.5937708296444526 0.38114785272102836 0.6756150941432849 0.3252580775173328 0.6730727914278677
6 0.37276924818263524 0.6153548138344941 0.40572796497053787 0.6134425426665291 0.40927221723859475 0.6745215377490809 0.37631350148262754 0.6764337974357169
6 0.4748642298360437 0.5860627171874999 0.44904882359799103 0.5860627171874999 0.44904900298899975 0.507317071875 0.4748640683840222 0.507317071875
6 0.4934229950821418 0.49648822350457383 0.5673077825543942 0.49134385563952215 0.5744283336248373 0.5936022968572124 0.5005435508169285 0.5987466208146284
6 0.6182064076207325 0.5567944645682443 0.6182065957663099 0.4871079038837848 0.6664401886330324 0.48710807726763056 0.6664402676192367 0.556794370656844
6 0.6821785389960269 0.5499078810028647 0.7241408467399424 0.6296666334366073 0.6075545009904317 0.6909959405356612 0.5655933434123881 0.6112381737975884
6 0.2753916385165667 0.5490445503477899 0.2927598276327217 0.5524932425817196 0.2832985247266606 0.6001372279936876 0.2659303398939983 0.5966885504162558
27 0.93828125 0.90859375 0.96171875 0.90859375 0.96171875 0.94453125 0.93828125 0.94453125