43 0.3520436696762772 0.6167467948230876 0.3165443036232318 0.6168675305634063 0.3159435875649024 0.44007909776034515 0.3514419258382304 0.43995836378774134
0 0.29214689312175324 0.42440782551938594 0.32787950005888433 0.4262883402020571 0.31967624076003176 0.582151330803473 0.2839436357687646 0.5802708386983005
57 0.31179489583826125 0.6947325831993526 0.25166410588542476 0.6994791118307802 0.2435604193474319 0.5968237753648535 0.3036899921444274 0.5920772951143097
55 0.311490914745832 0.6097368721375501 0.35947909522599275 0.6148584989913894 0.34442548226172676 0.7558875199554094 0.2964373129733531 0.7507659682392686
38 0.6398712555028396 0.4481270668029083 0.6753827430947013 0.4477141802823773 0.677309503850438 0.613417350517805 0.6417980163769244 0.6138302314544871
39 0.6595649900008311 0.43311668776940726 0.6967775803464065 0.4290721804261002 0.7145429459229717 0.5925150789040052 0.6773303646045861 0.5965595340237088
41 0.700980242273431 0.7463997338764433 0.6542551164711767 0.7543088137241905 0.6302113678384558 0.6122798383760709 0.6769351364720251 0.6043708754820536
40 0.6808518984942111 0.675263623555127 0.6890786948481491 0.5909538660764985 0.7568913607084369 0.5975702902902333 0.7486651724293552 0.6818794780133072
6 0.6380998613007023 0.6302463303614617 0.5990008365215544 0.6245712896414409 0.6076071086253023 0.5652851027196398 0.6467057135737377 0.5709601124938566
6 0.6071291791139402 0.6379533704245275 0.5800759413706373 0.639221346920007 0.5773983646453189 0.5820968978142449 0.6044513153619846 0.580828928056433
6 0.5780533911151906 0.6384610264146369 0.5505515332023379 0.6347592768378013 0.5580536494659327 0.5790304921693187 0.5855552241908981 0.5827322224136829
6 0.6563645696077174 0.5978326199450829 0.6969441554273317 0.6135091609961574 0.6698723981201056 0.6835771934900517 0.6292928733872714 0.6679007672107196
6 0.5973969060100899 0.6364550008330128 0.6448402437463301 0.6331834874932174 0.649543684776063 0.7013835647206472 0.6021003493807484 0.7046550553172201
6 0.39679990408126287 0.5679999019354748 0.3968000879295914 0.6272000573332447 0.3531999701035602 0.6271999857559337 0.3532000211130253 0.5680000649932505
6 0.44427645129349 0.6520737209423293 0.4131141025334273 0.6505157846038162 0.41658862847486944 0.5810294939772631 0.4477505710981404 0.5825874201495431
6 0.3349760637802319 0.6902441717881523 0.2877322330620018 0.6444827572066957 0.3242777328964621 0.6067584669982793 0.37152131012737755 0.6525196459101914
6 0.3965739483738844 0.7078974931786575 0.34815044224149005 0.7036254234266146 0.35404369888317433 0.6368394608427462 0.4024665428926255 0.6411115011834236
27 0.9296875 0.8859375 0.94375 0.8859375 0.94375 0.8953125 0.9296875 0.8953125