43 0.3157055944725471 0.5458063201284715 0.27285121103523124 0.5456682400387619 0.2734746988768393 0.3523540155977765 0.3163279537046719 0.3524920938742498
55 0.31254221332119414 0.7331600223659087 0.26995339596192025 0.7248722157676616 0.3017676721985936 0.5614130671745067 0.3443551254816839 0.5697007369671903
38 0.6936323154081947 0.33413349593113256 0.7303585194068773 0.3354736315255521 0.7230152867895185 0.5367031753079892 0.6862890837777513 0.5353630577003825
41 0.6685474641966493 0.558591645955734 0.7184067883559919 0.5505682858677317 0.7452316798219272 0.7172462448084993 0.6953723876024469 0.7252694737848491
40 0.7792165417960177 0.6668695557818505 0.7105575862826754 0.6562413133379119 0.7269361279649047 0.5504521932219806 0.7955937336965917 0.5610803287388239
27 0.5003534839620443 0.7252907173407808 0.5003536172257554 0.6220929352437301 0.5127298469703874 0.6220930234373951 0.5127298454884794 0.7252906724009688
27 0.276166903125 0.35392441875 0.31506365000000003 0.35392441875 0.31506365000000003 0.4796511625 0.276166903125 0.4796511625
6 0.3197017925901946 0.5433154214425793 0.277894961463403 0.5491827474115 0.2670459172002211 0.47188392895484993 0.30885224395024125 0.46601663923192405
6 0.32235389157153804 0.5643597160980856 0.3595512932491829 0.5896952513256449 0.3120419741966316 0.6594399429015958 0.27484473536367204 0.6341046068914646
6 0.5138653002238698 0.6362240056463 0.4932084232153784 0.6355309149947768 0.4959136601969476 0.554917483929129 0.5165702379144932 0.5556105695859955
6 0.6881609291723407 0.46239838185035836 0.7270249110865734 0.46322048252317977 0.7254965918033349 0.5354649413341365 0.6866326100099513 0.5346428451781263
6 0.6674691222590354 0.5621412144781676 0.7172798768419852 0.552447861781392 0.7319279502377185 0.6277114410499467 0.6821172145868104 0.6374047266540835
27 0.9515625 0.8953125 0.9609375 0.8953125 0.9609375 0.9265625 0.9515625 0.9265625