43 0.5108005354369425 0.6931045374325369 0.5043303971776822 0.7369056682316509 0.3243252959216534 0.7103180298835794 0.33079612719188844 0.666517757173867
0 0.45849339641335973 0.731909272383887 0.4443068247842348 0.7801798238087566 0.2977914961464876 0.7371251301858752 0.31197854234699207 0.6888554119896433
55 0.5150931588466392 0.7232439620589861 0.5195680735297401 0.6713936657494243 0.6912348750215642 0.6862060402026189 0.6867609943872139 0.7380553724841201
57 0.6020532793819484 0.7198680620800126 0.607289799886189 0.7930238006596678 0.48576057506306825 0.8017200280314329 0.48052515490519454 0.7285653267054539
6 0.6397775307083293 0.6571359199769982 0.6320424711111627 0.6927424765175787 0.5805852461138556 0.6815653373083247 0.588320442683198 0.6459589697999979
6 0.5434232213318637 0.31109300642810483 0.5516512383526333 0.28210463530939067 0.6027692677646428 0.2966134941101491 0.5945413342478787 0.3256017935612757
38 0.3522066726477533 0.3238932091187168 0.34792789845971583 0.2832192868015592 0.5157879811924886 0.2655609567289242 0.5200670261634741 0.30623456267459465
39 0.33746504700695823 0.31004376603960665 0.3227154623742763 0.26142749140314003 0.45532847408583166 0.22119501155237647 0.47007821293925645 0.26981100724244045
41 0.6435412923960939 0.26247669170251503 0.6547410475435527 0.29760824218728554 0.5552655278589782 0.3293193456732246 0.5440659656711659 0.29418795859956426
40 0.6216332719196771 0.21090695086790087 0.6354428543493214 0.2686468687687555 0.4862390467203568 0.30433035898784244 0.4724298641220912 0.24659078357818762
27 0.9109375 0.03671875 0.9390625 0.03671875 0.9390625 0.05546875 0.9109375 0.05546875