43 0.6164754118676683 0.7023709804225081 0.6092869945442771 0.7474427216323458 0.43881069308247334 0.7202561353642319 0.4459997855230995 0.6751852437722484
6 0.5257786501611008 0.7381074348953515 0.5275525475623226 0.6955478697021598 0.6129872644030456 0.699108089976534 0.6112137815771348 0.74166725530947
0 0.541379544302572 0.7307866030046355 0.5340888573931579 0.769969911164795 0.39722602730500967 0.744507297304728 0.40451717994085357 0.7053246017112724
6 0.5660354609351543 0.6472146601585499 0.6313229676310357 0.651170924616067 0.6282847437141754 0.7013018000985184 0.5629972389918976 0.697345556057237
6 0.6812907652650892 0.7471871290717194 0.6101432446984063 0.7442836039233929 0.6123103937213727 0.6911964637424671 0.6834570827346624 0.6940999718456099
6 0.6741283844605732 0.7105734165507147 0.6212950725852124 0.6898572855867124 0.6435143194685224 0.6331990190535802 0.6963470434565124 0.6539150213621973
6 0.5797068990774505 0.6234689764319071 0.633885191586387 0.6180518229822134 0.6371960740901841 0.6511607551085804 0.5830177840271062 0.6565778910701362
55 0.6109068038488203 0.6914050567183206 0.7625962907469557 0.6873606384645888 0.7640639684788084 0.7423988154853775 0.6123744832549392 0.7464432094148172
57 0.6910272258708119 0.7313443482312263 0.7032706730585687 0.7942976140361846 0.6161104127342014 0.8112450439922344 0.6038677116848703 0.7482924319363597
6 0.6319999358660198 0.325999941700604 0.6320000336293106 0.374800019048492 0.559199920887977 0.3747999442340016 0.5592000120656166 0.32600005727505643
6 0.60879995241919 0.2891999492071818 0.6088000348264586 0.3288000267868964 0.5255999497642279 0.328799965485564 0.5256000217284509 0.28920004271985217
6 0.702400190790172 0.3691998835214973 0.6560781799845472 0.3974796862310712 0.6206165413916551 0.3393960430576156 0.6669382958330061 0.3111163426572226
6 0.6700213710666958 0.3278387354828701 0.6091627230384802 0.3362743555264246 0.6022426785663129 0.28635045983543533 0.6631010476968413 0.2779148592447993
41 0.763929971599282 0.27519430744321033 0.7666441096747576 0.32512541406440537 0.6062697355794171 0.33384194506058035 0.6035559875248282 0.28391120852294327
40 0.6922622604149637 0.22631463483562128 0.6866098503890044 0.28849179327858326 0.5934884943250154 0.28002623579199143 0.5991411062373118 0.21784931003995708
38 0.4494697359472184 0.34398517568542125 0.44486057652454747 0.30096437149137395 0.6096544460059476 0.2833087152081764 0.6142639058157329 0.32632917919599697
39 0.4143270153415415 0.3134517238043962 0.41169413326849735 0.2792233500588218 0.5286634662323877 0.27022596140620103 0.5312965118249622 0.3044541561881904
27 0.8078125 0.09453125 0.840625 0.09453125 0.840625 0.09921875 0.8078125 0.09921875