6 0.35070884131346247 0.3113581818286952 0.4086759150027319 0.33647390094813434 0.38248266629534555 0.39692556771293475 0.3245156457361418 0.3718099383010773
6 0.4326156084215427 0.7034013762292678 0.41621908957347387 0.6471642911408771 0.4828765079188315 0.6277322416714608 0.49927325625003505 0.6839689265624825
43 0.45103294147656925 0.30086490617582534 0.4556717078780821 0.2553364980035953 0.628896374636156 0.2729851497975466 0.6242579892046933 0.31851319543432205
0 0.543604604939901 0.28672316333625764 0.5436047837905562 0.23728804367592027 0.6991278678125354 0.2372883452300074 0.699127997287178 0.2867231484300693
55 0.43494224071901044 0.28504949628084747 0.42611143128249296 0.3389704847839258 0.2491861089639542 0.30999478867476443 0.2580172648165444 0.25607424411909885
57 0.33894755711889957 0.2899247513495599 0.3303767982656609 0.21740536544159425 0.4383051949369019 0.20464998505297063 0.4468762080000488 0.2771690602056136
41 0.25482452727942473 0.7437513348448849 0.24501337291371783 0.6944594244104819 0.4162995258875526 0.66037044011011 0.4261113635568563 0.7096614214164096
40 0.32518741649016647 0.7688942418519984 0.33406038977022945 0.7062976959418129 0.44043244500448964 0.7213730083885365 0.43156031788589644 0.7839687960599524
38 0.6112624013395589 0.6801659966571485 0.6136212115249009 0.7230295813374731 0.443707622746615 0.7323765437326177 0.4413496360426734 0.6895137388061019
39 0.6753225245582826 0.6884513596391317 0.6831615613756412 0.7391467721597076 0.5486729498230716 0.7599378945654516 0.5408347610799638 0.7092432344502168
27 0.14453125 0.90234375 0.16640625 0.90234375 0.16640625 0.90390625 0.14453125 0.90390625