43 0.5020806232598716 0.3329354512875987 0.5043750886364933 0.2862576819802031 0.6542435067525503 0.2936241555645165 0.6519493932248679 0.3403015714316579
6 0.49854651250000004 0.3705799140625 0.5225290703125001 0.3705799140625 0.5225290703125001 0.37765205156250004 0.49854651250000004 0.37765205156250004
6 0.5400313210518561 0.3739107289170996 0.544805577783336 0.40702473543439444 0.4850519526453354 0.4156392090940201 0.48027782970450517 0.38252532263332767
6 0.5305233197336747 0.6280056578125001 0.47020341327822734 0.6280056578125001 0.4702035704528953 0.60254596875 0.5305231891400126 0.60254596875
6 0.5159883700667933 0.6290664672531389 0.5159883801925389 0.634370577731856 0.4883720911020646 0.634370583373399 0.4883720950680299 0.6290664869671194
6 0.47938262007198773 0.32913866714177503 0.46045710639430126 0.3261467263608977 0.46581292040878 0.29226973286979085 0.4847383734374944 0.2952616687500081
6 0.46063659043090865 0.6538428305569632 0.4380697704372096 0.6633718050592969 0.42434703474918933 0.6308771425535603 0.4469137180265079 0.6213482009009232
6 0.47394995341369395 0.6964593663075946 0.4333981115179313 0.6984201173378773 0.43147594400466005 0.658667552560258 0.4720274536789475 0.6567068095693445
55 0.33132268759106864 0.32797741722252677 0.3347511993695207 0.2751348853085868 0.5006304829805686 0.2858966928914021 0.49720240754186307 0.3387388114989799
27 0.522310634035648 0.40667183596357903 0.5194455965096267 0.3806263621617532 0.6428215865184939 0.36705506654517805 0.6456867912870621 0.39310035069877647
27 0.6385061085137522 0.616986601564306 0.6361819178047199 0.6385856089298354 0.5151174536094913 0.6255591508407987 0.517441860937538 0.6039603953124987
38 0.651198666363257 0.6562565035593387 0.6540972042116664 0.6975447741214672 0.5001648830404974 0.7083480635298625 0.4972670476248595 0.6670604523467702
39 0.6735432361737139 0.6822491944976697 0.6792628874546836 0.7175077379589194 0.5447587789054751 0.7393223865234344 0.5390397109765672 0.7040643611699553
41 0.48211754069905055 0.6629656368734184 0.48392755225211204 0.7023802543776261 0.3228245038918658 0.7097758313922983 0.3210151853448906 0.6703618819804142
40 0.4692054099862162 0.7045188297500973 0.4684442887127034 0.7687115886262432 0.35911198205542405 0.767414361458075 0.3598738789894469 0.7032223845184179
27 0.175 0.8640625 0.1765625 0.8640625 0.1765625 0.9078125 0.175 0.9078125