6 0.5147574410480047 0.2866740081448279 0.5707862160493278 0.32498820504214 0.509729429507388 0.4142711460951918 0.4537008355565604 0.3759571698826545
6 0.4494771970837519 0.634171268912497 0.44947742682393255 0.5791439002753582 0.534494621969543 0.5791441809261386 0.5344948248614401 0.6341711144016081
27 0.5205574897972838 0.383491858454154 0.5205575904107036 0.3542798246026311 0.6181184373377846 0.35427995254053035 0.6181184966610545 0.3834918275412907
27 0.6370432711171361 0.3179155616410836 0.6359767328291355 0.35073881422495706 0.5530726193323972 0.3480448261419848 0.5541392908452281 0.3152217112564502
6 0.47798007092308126 0.4075113745371807 0.47185624459655173 0.3919028818517151 0.5071332484426421 0.3780629629848192 0.5132570886856911 0.393671420102915
43 0.48164322266745785 0.34618773628610433 0.48622359525268166 0.3023386118127386 0.6380669543590329 0.3181990033878979 0.6334869522314648 0.36204778002016397
55 0.4671501711879955 0.31550710418056815 0.4579721644475967 0.36531450301346874 0.3015805693923994 0.3364965091752074 0.3107588742603866 0.2866895193284225
57 0.4464952687792447 0.22982744540224703 0.4660980699884476 0.28274241866326305 0.34904880257261084 0.3261028775255364 0.32944632836461096 0.27318817987929994
41 0.3386605528628479 0.7312440480124086 0.32126394864167196 0.6745408533810853 0.4592671809012927 0.6322067321439298 0.47666426527825934 0.6889090798255539
27 0.6293846424621279 0.5916318288741783 0.6282505070669231 0.6089678746389531 0.5152420057873996 0.6015749972735063 0.5163763062499811 0.5842391312499782
27 0.6217144453580659 0.5999533057199519 0.6230362057578986 0.6189317019412188 0.5267335802078605 0.6256374776464335 0.5254120013753436 0.6066592525500197
6 0.4276480437140435 0.3577529912764643 0.41960029028325607 0.40728333283351004 0.33078663321316526 0.39285312007478107 0.3388345899458045 0.3433230399333486
27 0.15 0.81796875 0.1625 0.81796875 0.1625 0.85078125 0.15 0.85078125