43 0.3458166773045832 0.44446364503635444 0.30285804839115826 0.4406452797468891 0.31575728493976385 0.29553409187653107 0.35871518039289185 0.29935242341165746
0 0.30155033273604204 0.4188989676317937 0.2646673095072174 0.40930977095080623 0.29291006586117874 0.3006849292373061 0.3297926547467114 0.3102740663134707
57 0.25894626813135346 0.4118685457081412 0.30731045275240376 0.418639033392375 0.28949887913370276 0.5458653571622244 0.24113470741372112 0.539094933528324
6 0.27964975297629735 0.48298956423435446 0.31522538437377534 0.45160186890257553 0.36606241702850184 0.5092177889579451 0.3304869585696224 0.5406053016797359
6 0.3872 0.5152 0.4224 0.5152 0.4224 0.5688 0.3872 0.5688
6 0.3260201779609133 0.5091175040300239 0.3548395089251244 0.47618411193194576 0.40989150684436026 0.5243552453656272 0.3810723761278041 0.5572884475801833
41 0.6579388455940034 0.5105122367353092 0.7052213999760397 0.5122007460269676 0.6994450423669605 0.6739372873617457 0.6521624897069387 0.6722488026584255
38 0.6563337265396285 0.32424582099628446 0.6976594402556202 0.32739762084901536 0.6849945812411988 0.49344864987665477 0.6436688701854791 0.49029688292144963
39 0.6764406397794573 0.3477353220889929 0.7128631652424247 0.34414844128271904 0.7250743786313478 0.46813982656043357 0.6886518580522534 0.47172667949078484
55 0.2981287937329853 0.45959692161374993 0.34853681815025084 0.46551162931833023 0.3308557738290574 0.6161857977428656 0.2804477618940382 0.6102711626937425
27 0.387599927829001 0.559999995769814 0.41299412217233566 0.5614884357656605 0.4051728472901459 0.6949113317373683 0.37977865447794557 0.6934229109227932
27 0.7828125 0.85390625 0.803125 0.85390625 0.803125 0.86640625 0.7828125 0.86640625