43 0.32723299493056857 0.5801416371051716 0.289686659685799 0.578264487606992 0.29824682541379843 0.40707241188907783 0.33579217813621653 0.40894953649816695
6 0.3330645661633298 0.5282833459211923 0.37953848565905446 0.5340920364901397 0.37089231311301774 0.6032613716483436 0.32441840020862855 0.597452715972477
27 0.3395201890937187 0.4421426522669656 0.3696804759558745 0.4432088449354061 0.3663999999999987 0.5359999999999996 0.3362397135209676 0.5349338146705083
6 0.4021553215666245 0.5980778171864962 0.3734976136261139 0.5989206058243921 0.37193956486919433 0.5459429209062362 0.40059700775066176 0.5451001361740908
27 0.6308000425808586 0.5159999999999999 0.5951999546985007 0.5159999999999999 0.5952002304449024 0.4040000000000001 0.6307997445169349 0.4040000000000001
6 0.6462705688761616 0.5872222569094958 0.5928214583719864 0.5961295905051307 0.5792650340883938 0.5147888402093627 0.6327134200503224 0.50588156824256
38 0.6472977084723652 0.42099994719451594 0.6912287188288246 0.42295227680486774 0.683806804371784 0.589946860377107 0.6398757953576251 0.5879945560033553
41 0.617446116624933 0.610030523297273 0.6731387030876022 0.5988933860405204 0.7061236014476435 0.763816425341095 0.6504310745273187 0.7749533679621136
40 0.679479349663211 0.6232203145950511 0.744223689529008 0.6305144534765196 0.7331312063108726 0.7289604159677372 0.6683868781867659 0.7216663513433871
55 0.29667776568555837 0.5873439555285321 0.34498852672834346 0.5893098123207584 0.3381050792819451 0.7584482004094876 0.28979432032576824 0.7564823774338989
57 0.2842621760221391 0.5921021535475334 0.34118353072949503 0.6469338936630311 0.28253258326390096 0.7078116247180717 0.22561167333776666 0.6529803405639312
27 0.8984375 0.8765625 0.9609375 0.8765625 0.9609375 0.928125 0.8984375 0.928125