6 0.48037796776350206 0.46428571406249997 0.41351739319190983 0.46428571406249997 0.41351751095726286 0.43882602499999995 0.4803778512109602 0.43882602499999995
6 0.40365938494676357 0.4963855089889395 0.4030000101802216 0.46927985128311006 0.4800924297868505 0.46740449971602854 0.4807519541811871 0.4945100032885654
6 0.40697674375000004 0.497878359375 0.474563953125 0.497878359375 0.474563953125 0.527227721875 0.40697674375000004 0.527227721875
27 0.46881489917666386 0.4929542599202962 0.4668001746092614 0.47018011385498054 0.5667321793786186 0.4613398869662761 0.5687470534700196 0.48411386794300065
27 0.45930232656257886 0.5261669031250178 0.4574740259946566 0.5002364705515102 0.5839679770028852 0.49131770817318987 0.5857965133225207 0.5172478909117335
43 0.4550813127307265 0.30766033637588075 0.45449124100503013 0.2656711039192745 0.6281485407304217 0.2632302155919816 0.6287389251091327 0.305219136117917
38 0.6121567269447041 0.6895397224165192 0.6102583423225951 0.728954911975671 0.4346738499897356 0.7204972006280762 0.43657293993328494 0.6810827476231346
40 0.4087988020236253 0.7315951633156017 0.40492528163326824 0.7907343525809117 0.28362450580482346 0.7827894017665525 0.28749879450253957 0.7236510344375698
41 0.2792501314377205 0.7324055421245799 0.2759368049900104 0.6804280364597141 0.4289504248870344 0.6706745940158061 0.4322645449931315 0.7226512549642153
57 0.41672145646384706 0.2047273513997065 0.4281130166286857 0.2552083787579944 0.28079802087790995 0.28845038006627355 0.2694067901237531 0.23796963985852704
55 0.44806595688237394 0.2821881765880094 0.44655556067812086 0.3380766660920641 0.2949485555393494 0.33397894345581064 0.29645933793926815 0.27809086515778236
27 0.115625 0.9265625 0.14375 0.9265625 0.14375 0.94375 0.115625 0.94375