27 0.2863974700754852 0.5183098083609383 0.3372233597772265 0.5258817944068772 0.3112052193043837 0.7005058246299496 0.2603793585966514 0.6929339646678898
27 0.7092900814874383 0.6849099312508197 0.6574340432115378 0.6928183446159621 0.6357791816560621 0.5508397047692374 0.6876338276291563 0.5429314002126
6 0.22898149865091 0.5253521237821992 0.22898182627466213 0.45211246937832106 0.28503077147775 0.4521127520675457 0.2850307499452356 0.5253521007654399
6 0.2686261109375 0.3661971828125 0.3164730015625 0.3661971828125 0.3164730015625 0.4380281703125 0.2686261109375 0.4380281703125
6 0.2816131234375 0.4647887328125 0.3431305546875 0.4647887328125 0.3431305546875 0.554929578125 0.2816131234375 0.554929578125
6 0.341079971875 0.494366196875 0.379357484375 0.494366196875 0.379357484375 0.556338028125 0.341079971875 0.556338028125
6 0.6239025278297277 0.45480321635624077 0.628021151324333 0.3828557088848569 0.6872551901052475 0.38624638798560806 0.683136853280871 0.45819362459402807
6 0.6785215402327367 0.3404992834765565 0.7319840378692106 0.3374470002409191 0.7376283028053194 0.4363052646225561 0.6841658067312437 0.43935752988161286
6 0.6896787421874999 0.45070422499999996 0.7525632265625 0.45070422499999996 0.7525632265625 0.5380281703125 0.6896787421874999 0.5380281703125
6 0.6883256032194822 0.5644127113121418 0.6218302057744722 0.5620224968734072 0.6253312571525385 0.46464582697399837 0.6918256282573338 0.4670360228084153
43 0.2681074900681324 0.4441517237893706 0.22357826690347338 0.44218725754445276 0.23103905251139167 0.2730889681190913 0.2755674240504504 0.2750534151178704
55 0.2809295432333556 0.4577463351881579 0.2809301192626208 0.6535213672388628 0.2276142456166781 0.6535209234882533 0.22761454609064913 0.4577467561326344
57 0.2415207949283058 0.5811983619135137 0.16507052189797378 0.5871341306600953 0.1550884061484794 0.4585684874009811 0.2315371164647786 0.4526327797939276
38 0.6623480965599811 0.2352955217909103 0.7143846296319225 0.22898238379721067 0.7394370958678564 0.4354730724024799 0.6874005760749924 0.44178614249296977
39 0.6957129854263258 0.21124351411135184 0.7467055956936974 0.2002800362508635 0.788997338054287 0.39697986832631976 0.7380047620995356 0.4079432432974544
41 0.6826030935039853 0.44700443611707935 0.7506795663356343 0.4449397251466158 0.7568382781554419 0.6479844770826269 0.6887618076100352 0.650049153292472
40 0.73602654366357 0.474406508526039 0.8222551624103289 0.47608024413108085 0.8197159861585988 0.6068841840972274 0.7334873678120175 0.6052104665523265
27 0.9390625 0.8765625 0.9515625 0.8765625 0.9515625 0.8984375 0.9390625 0.8984375