6 0.3196607348257885 0.5159883734374999 0.27616677292735403 0.5159883734374999 0.27616702130376325 0.42587209375000007 0.31966042112912874 0.42587209375000007
6 0.3703849071187051 0.5419709290020741 0.3243849504416403 0.54903832668006 0.31231099636784165 0.4704563165333385 0.35831039562515343 0.46338896259026396
6 0.37701859924186465 0.5722616148668145 0.416126738712137 0.5732373290583178 0.4144007166113397 0.6424114055135475 0.3752925773470679 0.6414356975691876
27 0.37619383765309067 0.7390102830514198 0.3545350107237937 0.7340472295616534 0.37933176256444767 0.6258509587616521 0.40099010489848297 0.6308139542474949
43 0.314326207543445 0.5206527908318517 0.2655735416017251 0.5128149535780403 0.2944838454249066 0.3330034122420598 0.3432353291724439 0.34084115000170584
55 0.278078608531132 0.5104117697942614 0.3337496759769465 0.5188860682893486 0.3086913449731128 0.6834875822827445 0.2530203063350882 0.6750134110487559
57 0.2676400291554728 0.6206368584084598 0.2011180032060338 0.6144130258562784 0.2121710927330014 0.4962952537582985 0.2786918018086908 0.5025190247829744
27 0.7555590357751498 0.6994525588802221 0.7109677799522842 0.7050371613358052 0.6911161143842719 0.5465405335305525 0.7357060282697603 0.5409560162763738
6 0.7108543922104218 0.602175217470075 0.6699718214423456 0.5877097238913236 0.7021536431356026 0.4967667549725306 0.7430356065963224 0.5112321302219893
6 0.721553448504892 0.5109438817531807 0.6859317617237366 0.4970790912450749 0.7136678122626563 0.42582449366096425 0.7492891541149902 0.4396892094964291
41 0.754732679173344 0.6986329877656093 0.6996106087231055 0.7048216419784121 0.6778810027022928 0.5112907726094932 0.7330012168602025 0.505102219756994
40 0.7349476104018322 0.5006751283516837 0.8016017081737346 0.49638313956578234 0.8088346147625316 0.6086993938412548 0.7421805222330704 0.6129913417264578
38 0.6828090791833574 0.3483840785258863 0.7269402384204113 0.34392776823910487 0.7428941640135918 0.5019127406884234 0.698763012355812 0.5063690052319048
39 0.7159239312451291 0.3022069785503832 0.755656665287006 0.29885190118078775 0.7673711645551293 0.43757623414805874 0.7276384338618982 0.44093128470642173
27 0.90859375 0.90546875 0.92421875 0.90546875 0.92421875 0.91328125 0.90859375 0.91328125