27 0.35157903177866956 0.4219409250992355 0.31943930976922275 0.4230863081972572 0.3132097454702034 0.24828085022055005 0.3453489112681609 0.24713547683863757
27 0.5480733115314251 0.29291083619619396 0.5758092319364323 0.29533251580259 0.563981595338646 0.43079142243186863 0.5362456771343886 0.42836976120163656
27 0.7469938360101196 0.6732489772442537 0.6947359923846079 0.6896639875650822 0.6596072437140492 0.5778421735901533 0.7118640121178714 0.5614273438951746
27 0.3346579473393376 0.7193080368483089 0.3052911028850076 0.7128279180520631 0.3349114552554511 0.578613371912962 0.36427753809891783 0.5850934041061524
6 0.3136842109375 0.42053445937499995 0.3550877203125 0.42053445937499995 0.3550877203125 0.4767932484375 0.3136842109375 0.4767932484375
6 0.3285913894629857 0.583879161773831 0.3448068012978638 0.5110718654001402 0.38113742570862996 0.5191626487679029 0.3649222757944699 0.591969717414308
6 0.2669322146291506 0.3878052474396102 0.3190861991283782 0.39214204250040935 0.3134812989826514 0.45954262681219504 0.26132731679047083 0.4552058505846066
6 0.2176960590992394 0.3571244393686769 0.26911389643908024 0.36225515561927807 0.2605740409059081 0.4478338545007445 0.20915620758569275 0.44270316541091986
6 0.3484657947985852 0.5185257433702649 0.32263425065423235 0.5780073762181627 0.2575680065004917 0.5497527607513311 0.2833996546343087 0.4902714754191789
6 0.29494277194305596 0.4948284893326786 0.26762122540185374 0.5493530506041296 0.20187522507251288 0.5164108739695558 0.22919682317626666 0.46188662122296026
6 0.7226921386118192 0.4857817640411217 0.665847039739333 0.4870708998888724 0.6641329117364876 0.4114786982671522 0.7209774246324514 0.41018956905777176
6 0.7207017546875 0.378340365625 0.7712280703125 0.378340365625 0.7712280703125 0.45991561093750005 0.7207017546875 0.45991561093750005
6 0.6382978458779007 0.5208295571430896 0.7007121386561721 0.49661069923437795 0.7256862185520276 0.560965858708702 0.6632720005833335 0.5851845787750749
6 0.7336807854293284 0.5758380448271231 0.6914240953435637 0.5505395901427289 0.7372649285124453 0.47397747514006217 0.7795211495750891 0.4992757485892029
43 0.26446364150717727 0.44882683196208367 0.21142401312852144 0.44551899904180353 0.22460228856198228 0.2342324860261756 0.2776406921710759 0.23754027938305622
0 0.18315789531249999 0.18987341875 0.24210526250000003 0.18987341875 0.24210526250000003 0.3319268625 0.18315789531249999 0.3319268625
55 0.2541743157353267 0.6563628840059054 0.19438943937620934 0.647414881031534 0.2221153793572057 0.46219342078359515 0.2818984265668405 0.4711412867918061
57 0.20774423056423075 0.6088053366316214 0.1431340384064015 0.600746726402176 0.16425295768328851 0.43144740566489637 0.2288614525847379 0.4395059099699955
38 0.7114370988397241 0.2641053091368629 0.7651182867158468 0.2612357151311644 0.7758754262052889 0.4624611108924741 0.7221942412030558 0.4653306724873789
39 0.7406000792049099 0.23300543212384567 0.7981425112542411 0.22988479454582741 0.8048599322788732 0.3537465378692669 0.7473175015242077 0.3568671581419758
41 0.8004395302746161 0.6527134519129706 0.7394624993042953 0.6673996882073804 0.696374570118337 0.4885138542366217 0.7573497392463651 0.4738278513539784
40 0.833912951120169 0.606508774254879 0.7715554274318492 0.6135793926428276 0.7507946205583949 0.43049240841932485 0.8131503298709504 0.42342189449082496
27 0.89296875 0.859375 0.90234375 0.859375 0.90234375 0.86875 0.89296875 0.86875