27 0.4816903423545682 0.28639645850375545 0.4741178235570942 0.3372226964579015 0.2994933366217083 0.31120535977818975 0.3070661977430973 0.2603795103021866
27 0.31509080701948733 0.7092887273621589 0.3071814243354538 0.6574336840992636 0.4491588882552833 0.6357803561768742 0.45706888894176245 0.6876346363134747
6 0.47464788750000003 0.22898154375000002 0.547887325 0.22898154375000002 0.547887325 0.2850307578125 0.47464788750000003 0.2850307578125
6 0.633802891251662 0.3164730015625001 0.5619717882564146 0.31647300156250013 0.5619719493772664 0.2686261109375 0.63380274312442 0.2686261109375
6 0.5352112428952296 0.2816130285081513 0.5352114051719354 0.3431305854479111 0.4450703674832539 0.34313052685057743 0.4450704689745635 0.28161323771804486
6 0.443661971875 0.341079971875 0.5056338031250001 0.341079971875 0.5056338031250001 0.379357484375 0.443661971875 0.379357484375
6 0.5451967796119561 0.6239029192308533 0.6171441988793731 0.6280204955521402 0.6137537739546133 0.6872546133258702 0.5418063569871947 0.6831370614019747
6 0.6594998618162435 0.6785212520363484 0.662553202142135 0.7319840453633892 0.5636950102609717 0.7376282245411371 0.560642270206813 0.6841659984950008
6 0.5492956497796513 0.6896784316591791 0.5492961576682092 0.7525632436278508 0.4619717903160563 0.752563213034462 0.46197188594953786 0.6896790036385391
6 0.43558683455796654 0.6883251592989214 0.4379781107676308 0.6218300900278158 0.5353544336243203 0.6253313597214758 0.5329638274341733 0.6918257783124316
43 0.5558482070558739 0.2681073911321959 0.5578129528511226 0.22357833197025787 0.7269110343867169 0.23103897477818516 0.7249465880789785 0.27556773679990565
55 0.542253644187781 0.28092959687499997 0.3464786193214877 0.28092959687499985 0.34647908027613994 0.22761449062500008 0.5422532908409039 0.22761449062500008
57 0.41880172431149276 0.24152021485313424 0.41286576823313226 0.16507060414835517 0.5414310919131822 0.15508814885270314 0.5473673214386281 0.23153745124025463
38 0.7647035014482526 0.6623471794257517 0.7710186504041303 0.7143845476119322 0.5645274487528695 0.739436958536571 0.5582135646541246 0.6874007280067603
39 0.7887543228860068 0.6957107751491095 0.7997212791432275 0.7467040614929802 0.6030217390149346 0.7889975438587238 0.5920561085463305 0.738005407045567
41 0.5529952330556398 0.6826028377503522 0.555061249590608 0.7506796180472934 0.3520153927216825 0.7568377912577287 0.34995093058455495 0.6887625244243245
40 0.5255933818523317 0.7360253055138641 0.523920559611156 0.8222549908160667 0.3931154926593763 0.8197161413597077 0.394789623444467 0.7334877845920384
27 0.1015625 0.9390625 0.1234375 0.9390625 0.1234375 0.9515625 0.1015625 0.9515625