6 0.3009793989052696 0.4107285631844307 0.2608054657523553 0.4379761856118215 0.20859176527915224 0.36099550416113557 0.24876537963962164 0.333748031171618
6 0.3303554725663389 0.47650418441654463 0.2682480519523551 0.461367811256067 0.28674075374578933 0.38549449557244947 0.3488475686432366 0.400630791866007
6 0.8002583093307294 0.45077851399674407 0.7435480549519298 0.4645996376741354 0.7250781607225463 0.38881782360547806 0.7817878694504543 0.3749967697283728
6 0.6981187901833437 0.49955623997594645 0.6691074963038091 0.4518309159674048 0.7361446941146141 0.4110829162977238 0.765155969037437 0.45880797996129824
6 0.7298296239409865 0.5699768286547895 0.697081820268636 0.5184999846196644 0.7675968014641512 0.47364455735698724 0.8003445601872272 0.5251210601561609
6 0.2109856394391727 0.4765449082071643 0.24108345584943436 0.436361492441651 0.31163547976109385 0.4892021713917143 0.2815379503309714 0.5293853270748197
27 0.33947795965889327 0.41596639691854825 0.2876260052348698 0.4138712542369122 0.2951311027401289 0.22814825438441635 0.3469822118289585 0.2302433812951095
0 0.23732709484477255 0.3692118996256451 0.18642331392834421 0.35239173019032777 0.24516524938530893 0.17462396032215705 0.29606826169504075 0.19144398830818796
43 0.28169976719982515 0.43372733415684167 0.2249671886673923 0.42335725977072125 0.2681266244235303 0.18725460194744967 0.32485776870021255 0.1976245313799142
39 0.8191020175183894 0.36398070783949943 0.770099553512182 0.3706985969719504 0.7470399263814897 0.20249685237734066 0.7960417047557939 0.19577900996329892
38 0.7192678423116377 0.239496250747514 0.7742983367445504 0.23460273128606815 0.7944311793814904 0.46100090457552995 0.739400693904372 0.4658943638804408
40 0.8547771451010249 0.650348965851792 0.790752232843829 0.6547373576085977 0.7787667997424705 0.4798779839564666 0.8427898090945973 0.4754896571347788
41 0.8102151463191376 0.6861738651733674 0.7408907217597971 0.6971325702783684 0.7076170228710907 0.48665857503923987 0.7769390077374965 0.4757000585750228
57 0.21764674342193757 0.5698340184222849 0.12156334924964085 0.553735315581861 0.14437961899807306 0.41757703283147074 0.24046107315678 0.4336755701286507
55 0.22875728553140107 0.4390722300620864 0.29733708667458814 0.44839305946199526 0.2706871052336055 0.6444593265091301 0.20210733541500758 0.6351386480508275
27 0.93046875 0.88046875 0.93515625 0.88046875 0.93515625 0.90390625 0.93046875 0.90390625