6 0.40214101646074596 0.6527503403798068 0.3766166537727713 0.6945785072407068 0.3231236120639096 0.661940071200264 0.3486479561423721 0.6201121657645241
6 0.68100443013725 0.6010632743142617 0.6395207482885326 0.6082712858729842 0.6281999846672761 0.5431234400669183 0.669683192777029 0.5359154709788599
6 0.6718834163493739 0.5128562176305597 0.7116496951141471 0.5104378403224803 0.7162332740792863 0.5858006003996975 0.6764669967211603 0.5882189623456007
6 0.7174683449204622 0.6671511625000001 0.6718528139482487 0.6671511625000001 0.671853151534151 0.5930232562499999 0.7174680354236216 0.5930232562499999
6 0.23758881228081918 0.5856477977959217 0.2705432911822072 0.574959442836843 0.2929617261407884 0.6440725763968183 0.26000728052349587 0.6547608586125131
43 0.32053581621983085 0.5871042244387124 0.2798860390223581 0.5842989522569226 0.2953499158066961 0.3602462312454142 0.33599835379880005 0.3630514564481602
57 0.19990638908097935 0.5830923273028006 0.2732161174430985 0.5567309698581652 0.30954506845125707 0.6577489537444402 0.23623547294403124 0.6841100435553498
55 0.29277555144767575 0.5980490751286672 0.34439776245289977 0.6051759858814215 0.3202754648636983 0.7798767626771048 0.26865328080532436 0.7727499831117786
39 0.6877966675532434 0.4068224863725379 0.7228263672143385 0.3996266300152189 0.7553731076386612 0.5580549271941877 0.7203434331211156 0.565250697496845
38 0.7185432993790073 0.5882231782467338 0.6780749370819876 0.5922726797464054 0.6576188117777519 0.38785629754789125 0.698085932033564 0.3838068591593301
40 0.7093219038001735 0.6699633655847205 0.7243317821227038 0.5719079290269484 0.7938413573120897 0.5825470204545691 0.7788322128927803 0.6806018019804003
41 0.7392191141314015 0.7739726917218789 0.6894577330137963 0.7807629600652556 0.664545209022549 0.5982155060340809 0.7143047486978276 0.5914253629096701