6 0.2331507485032489 0.5040996614158983 0.2454012799182692 0.4441353160844574 0.30230510118133225 0.4557598050198522 0.29005486083519827 0.5157238961170197
6 0.3474173438842172 0.5417113536669241 0.28232263029485694 0.526498129460852 0.2989631374869077 0.45530382080471127 0.364057152390842 0.47051695951687483
6 0.35104208993084285 0.4825738729659459 0.3876923257669205 0.4797187137674556 0.3935078223906885 0.5543634374284512 0.3568575885580003 0.5572185797673186
6 0.3831533823629343 0.49167180686875966 0.4148994053610977 0.48966241237306524 0.41972485164808404 0.565892427527231 0.38797882980270515 0.5679018096694913
6 0.4444925588051092 0.4785626032189048 0.4179364203496334 0.4773401033828674 0.4214797477762886 0.40037689747939675 0.4480356103695158 0.40159939091898655
6 0.3539886046875 0.3881856546875 0.3924501421875 0.3881856546875 0.3924501421875 0.4669479609375 0.3539886046875 0.4669479609375
6 0.26746484277430227 0.43020681944319095 0.22208507914490383 0.42637687228586546 0.22951306809670768 0.3383722935705116 0.27489236414623974 0.3422022208624135
6 0.3230981889702207 0.43902562060988426 0.2725549169703072 0.4378622421736914 0.2745127693633549 0.35281760394746803 0.3250555306651677 0.3539809765626831
6 0.5415886403210379 0.49600249190149603 0.5149501476719252 0.49375430939877046 0.5212174979578776 0.4194999036314749 0.5478557141353804 0.42174807437161466
6 0.5503876469381339 0.5097643972844943 0.58285425321003 0.5081204004372678 0.5867124296636348 0.5843071988205057 0.5542458241724262 0.5859511852038517
6 0.6726927515246643 0.48310409159333406 0.6814790197548746 0.5565105678701218 0.6135961124401774 0.5646346000795353 0.6048102832797895 0.4912285222690207
6 0.7292281789514163 0.4533731179173105 0.7462506530289374 0.5151469337232496 0.681521192091509 0.5329821896596095 0.6644990829681774 0.4712086876257998
38 0.6923076921875 0.2714486640625 0.740740740625 0.2714486640625 0.740740740625 0.44444444531249994 0.6923076921875 0.44444444531249994
39 0.6980011402604305 0.2289547989745731 0.7681376285539727 0.21141566497815126 0.8097138269480411 0.37766898452286984 0.7395773939231276 0.3952079789653182
41 0.6723639746755907 0.6652606849508657 0.6723648371626041 0.4556958297556823 0.7336182032452143 0.4556963053327989 0.7336184234793564 0.6652601144067223
40 0.7341337882278367 0.47116241096850847 0.8193766384804348 0.47759108990894744 0.8090806795941035 0.6141015612453002 0.7238378371066574 0.6076729551908486
43 0.2687420259940154 0.4310701613349849 0.22325095748942658 0.42819064144366 0.23589176679342927 0.22850562289081316 0.281381890936359 0.23138511211021007
0 0.2349276696444349 0.3616509722430036 0.1797055636324103 0.352645504028414 0.20714466327342507 0.18439462500159678 0.26236597099932624 0.1934000251372278
55 0.23858366404715525 0.4488249087644851 0.29643200394696123 0.44665509609145293 0.30331305798836183 0.6300929845234146 0.24546471990493046 0.6322627650105866
57 0.1655550139503248 0.42693076128906476 0.2408991121717463 0.42449551605549307 0.24530214881701795 0.5607117128594818 0.16995805166141054 0.5631469331346457