6 0.2520460680641463 0.48502400287608227 0.28909771555447605 0.44897094159742024 0.34728673046333824 0.5087674097101327 0.31023530872528227 0.5448202430620198
27 0.3062233891801043 0.34811045241444416 0.3503677400282186 0.3545538094191736 0.33077165057329694 0.48880261443148004 0.28662731225801963 0.4823593134941269
6 0.6764915663060265 0.5663257817476746 0.6314817896329714 0.5696947362054281 0.6261707650857034 0.4987412251677503 0.6711800186440087 0.49537229051087184
38 0.7187655044976964 0.5472666495881658 0.6765161620675144 0.5507655172509601 0.6590225902810971 0.33953644293639157 0.7012707166388736 0.33603762625206574
43 0.3199611277208305 0.5351904951348812 0.268218281768668 0.526215245757201 0.29942574774906916 0.3463179559628745 0.3511673463177658 0.3552930942946021
57 0.2199434234375 0.54287790625 0.28677510625 0.54287790625 0.28677510625 0.66860465 0.2199434234375 0.66860465
55 0.2944878951601595 0.5373356492141304 0.3474033275427928 0.5502074457194644 0.3079924295254841 0.7122059177682016 0.2550770692428159 0.6993343233318899
6 0.6457503676587066 0.612540524980038 0.635785964687102 0.6148297599347906 0.628295910050042 0.5822310889230635 0.638260254687566 0.5799418609374876
6 0.690068222631794 0.5522033795426204 0.6956069787815977 0.5764553909075225 0.676059516529449 0.5809192211747479 0.6705208086153789 0.5566672515354971
40 0.7713749793057332 0.6719247744563606 0.7205795076847608 0.6814909255663627 0.694678345779721 0.5439705115697241 0.7454725272190217 0.5344044856442989
41 0.7227374379629055 0.7214657044506824 0.6711884883338826 0.7260854903122869 0.6555145467320926 0.5512040458081282 0.7070617860046013 0.5465843360519722
27 0.9265625 0.9203125 0.940625 0.9203125 0.940625 0.9484375 0.9265625 0.9484375