27 0.3516590932373447 0.35669687775832154 0.3901313857444393 0.36018669909704865 0.379426028460216 0.478198212479546 0.34095373963828024 0.4747084174129434
27 0.38578500625 0.38008720937499996 0.40770862812499997 0.38008720937499996 0.40770862812499997 0.48982558125000003 0.38578500625 0.48982558125000003
27 0.5879419569356514 0.3665137555896878 0.6063381238809598 0.3655957694479417 0.6124555488860324 0.48818085980447495 0.5940593825183669 0.4890988386842196
27 0.6651579078899204 0.7189972621495072 0.6241875375455948 0.7251551378176364 0.6075454101284095 0.6144426868355563 0.6485148515624815 0.6082848828125071
27 0.6997431394339628 0.6906711828158915 0.6613877498139118 0.6932577253158594 0.6543611037014898 0.5890690746911273 0.6927157000000079 0.5864825593750029
6 0.6229629662825573 0.5389149543153783 0.5918702111223411 0.5420664890472262 0.5862581707043546 0.4867019521404796 0.6173506577110857 0.4835504311029073
6 0.6570993592835066 0.5163642381133172 0.6180120802525835 0.5229110954661743 0.6068745119198411 0.45641942233612054 0.6459614060001968 0.4498725980531312
6 0.7074401950807214 0.5973544154196754 0.6582748464832093 0.6133008881120281 0.6367206645328451 0.5468521497024469 0.6858854553255469 0.5309057751628088
6 0.38455960079647866 0.4792916499031843 0.4122441232126448 0.48217791142468686 0.40606714148236733 0.5414218676760162 0.37838262116372334 0.5385356195201104
6 0.3373408765625 0.47020348749999996 0.3843705796875 0.47020348749999996 0.3843705796875 0.5334302328125 0.3373408765625 0.5334302328125
6 0.31131601292395317 0.5377388815142499 0.35922610981049274 0.5464797545703728 0.34640675583591474 0.6167376310742353 0.29849667382734424 0.6079968130258042
6 0.4086481782435385 0.5716237567983964 0.39597669818260783 0.6317324079504898 0.34179615744028524 0.620311548048114 0.35446785627220834 0.5602031934795685
43 0.33816701382409065 0.5191220573628409 0.2993693448463546 0.516762532043124 0.3088084893612404 0.3615723296069639 0.3476053358151603 0.3639318295275525
55 0.3060756768270494 0.5391055162545235 0.356141797483815 0.5415850034407467 0.3481184422599881 0.7035755541456402 0.2980523243123798 0.7010961051537825
57 0.30428544531196167 0.6506820182269343 0.2421876843860673 0.6487638521353605 0.24533212818278116 0.5469958786438603 0.30742874140094045 0.5489140270474443
38 0.6582891947150529 0.5251047779113996 0.6159003051781156 0.528792448445545 0.601694610888444 0.3655072649316763 0.6440825494216824 0.36181963640441567
39 0.6436824486153228 0.3519298868395495 0.6831262075587574 0.3502240487458534 0.6903472235220534 0.5171852744110842 0.6509034658854489 0.5188910934442498
41 0.7119974101515254 0.6891150249466518 0.661618356400254 0.6956510027507993 0.641338323216587 0.5393472535894415 0.6917159439962006 0.5328113684915494
40 0.6850117691943751 0.6270253898816291 0.6949839644577196 0.5332327343640322 0.7595258931822855 0.5400944263558407 0.7495542921345759 0.6338865293491927
27 0.88046875 0.89296875 0.88984375 0.89296875 0.88984375 0.91640625 0.88046875 0.91640625