6 0.3227981473290811 0.5303697481067462 0.3271846963621101 0.4684812551924491 0.37254140169523 0.4716958769337641 0.36815508209110703 0.5335841521922479
6 0.33539326729305685 0.6217024969923417 0.3474322322460921 0.5616695135048544 0.40122707270711544 0.5724563296426941 0.38918844842407907 0.6324890164865448
6 0.6128659640428396 0.6449303376015384 0.5852177966002046 0.5873592529794027 0.6392494243773399 0.5614137526030315 0.6668976606653132 0.6189845236627545
6 0.65983026729225 0.48473837320109303 0.6640796477310005 0.48542751946901824 0.6614562667465407 0.5016024920028668 0.6572068865108349 0.5009133465843815
6 0.6905939822114533 0.4745638484625355 0.7187381382841522 0.5127376660903273 0.6704463438487664 0.5483384074714123 0.6423023856301597 0.5101647687993807
6 0.6596350539174409 0.5641888102495842 0.6234511890324939 0.5660099387109834 0.6201023943530117 0.49947526061819403 0.6562858628935828 0.49765414225989935
27 0.6244695906248126 0.4985465696747248 0.6244698939422051 0.4040697048611813 0.6552334871020093 0.40406984123927253 0.6552333812500137 0.49854651249997484
27 0.6117519699248533 0.6361228828935903 0.6513437062500316 0.6271802328124972 0.6762366763757655 0.7373733831778286 0.6366449751907339 0.7463159266085648
27 0.3645687632200634 0.4811046385645674 0.33230263594725784 0.4833652489639637 0.3244552695764469 0.37136061684547855 0.3567209592894187 0.36910002110291945
43 0.32443903728812984 0.5219297943696665 0.2840501937096178 0.5200357749586798 0.2918263101704497 0.35423844058711296 0.33221424182977444 0.35613243828119356
0 0.2992812754918077 0.4502725653834889 0.25800267982310743 0.44649443566893654 0.27109274425629337 0.3034882415390501 0.31237065461925795 0.3072663394053864
38 0.6609058865240058 0.40149307348183644 0.7035509729669229 0.40308907653121406 0.6982765465947978 0.5440123783453319 0.655631460762379 0.5424163915281505
39 0.6850336966786017 0.3353746281948951 0.7268089375581894 0.33460033577189346 0.7295293144911739 0.4813653516416224 0.6877540738703374 0.4821396369437102
41 0.7075429959622852 0.7046858123880917 0.6575204518857163 0.7095530546527592 0.644374471996457 0.5744577582737215 0.6943957265712015 0.5695905784230665
40 0.7426871274960831 0.6737718971403882 0.6832871382989651 0.667553256808087 0.6936491629734292 0.5685928436545836 0.7530480357498845 0.5748114248351154
27 0.9203125 0.92578125 0.934375 0.92578125 0.934375 0.94140625 0.9203125 0.94140625