6 0.3528452672964022 0.5755437678321355 0.3272042385815439 0.6129683230983123 0.27380981166493257 0.5763891905832015 0.2994507880830497 0.5389648470350895
6 0.3361722530772795 0.5631511792371674 0.38280049255490667 0.5655390903250518 0.3795984266527057 0.628058583408825 0.33297018826397107 0.6256706858532306
6 0.37261991079788004 0.5063709995949739 0.3522330267696816 0.5456648244686265 0.3041694141732023 0.5207297721135133 0.3245563193692078 0.48143611467378866
6 0.34041350447512286 0.4991932496965963 0.31136607381836257 0.5253076266355059 0.2634682610130312 0.472033854105035 0.2925155143326492 0.4459196167947661
6 0.5230433959638958 0.5316743536092958 0.551190288929206 0.5305788391201707 0.5534345364037563 0.5882345910460438 0.52528764374415 0.5893301001401604
6 0.6206783869356514 0.6556733636824214 0.6018606214823876 0.5970814074397904 0.65525872836281 0.5799337313346677 0.6740766582832975 0.6385253783651955
6 0.6658170169959021 0.625300276736781 0.6423268601238306 0.5806261957143225 0.6962397391544073 0.5522812058061586 0.7197299239021504 0.5969550419510294
6 0.67387756274195 0.5511913191058662 0.6285934272265195 0.5602042975386874 0.6172112443540527 0.5030205175650923 0.6624949637297277 0.49400758207953516
6 0.6769545589368136 0.5443658547408996 0.648672663415141 0.5186216408061299 0.6923626297409555 0.4706289737525327 0.7206443655071553 0.4963730585059574
0 0.2889476879055337 0.46355011788710365 0.2459597953014736 0.45345308716475086 0.274484530462928 0.3320176672101658 0.3174717882357072 0.3421146193701841
43 0.32028130138496635 0.5243929066351292 0.27822210954366255 0.5202409748475123 0.29418304719661137 0.358572065786618 0.336241291970623 0.36272394934797614
57 0.22323221869748977 0.5176654222077682 0.2890350792949903 0.5147550409073952 0.29395142321220646 0.6259014987906939 0.2281485642915868 0.6288118517214686
55 0.29146269347529596 0.5409735178316087 0.33909670165485295 0.5435316991987659 0.32993278443962026 0.7141472435028585 0.28229877961416605 0.7115891035535177
40 0.7694838168556544 0.6409157235947842 0.7022195529484634 0.6371215325381134 0.708502553573112 0.5257567905150219 0.7757654732100718 0.5295509433125567
41 0.7187995140583325 0.7095241225529951 0.6692370962632594 0.715040030969204 0.6519055627313719 0.5593232092394745 0.701466499421258 0.5538073837882977
39 0.6710896063286782 0.37470487422734056 0.7167444007657195 0.36130072234082944 0.7541254263571773 0.4886145937974063 0.7084706815512618 0.502018628939251
38 0.6615966943396643 0.38221170025827567 0.7020360866442843 0.3810312029302182 0.7067560478826636 0.5427096444437904 0.6663166562433389 0.5438901283588028
27 0.93359375 0.8828125 0.93984375 0.8828125 0.93984375 0.896875 0.93359375 0.896875