6 0.32963433644590623 0.6630627007836037 0.27347985718608925 0.6526700539236833 0.2864920176692749 0.5823722549047706 0.34264575454562873 0.592764831278789
6 0.6739664490166888 0.5677695694324014 0.7228171672702501 0.5695951674695277 0.7199716267551821 0.6457300139487018 0.671120909207275 0.6439044287263145
6 0.632062146875 0.5079941859375 0.680437853125 0.5079941859375 0.680437853125 0.5734011625 0.632062146875 0.5734011625
0 0.27012711875 0.3110465109375 0.3079096046875 0.3110465109375 0.3079096046875 0.44186046562500003 0.27012711875 0.44186046562500003
43 0.33011001352986113 0.5656323888047248 0.2783304795110553 0.5650188114058698 0.28103435644811725 0.3369326748456866 0.3328122550972239 0.33754624250677095
57 0.2260797889090327 0.5741837860321782 0.2891814816732676 0.5651672916062415 0.3049087779875208 0.6752219496145102 0.24180710492248636 0.6842383488472373
55 0.330950247117471 0.7480988877111757 0.274621438080203 0.7459096698218475 0.28093476021103925 0.5835146835269326 0.33726175201798014 0.5857038665450721
40 0.7166274121237848 0.5496224065622658 0.7763878081018447 0.5556481109650118 0.7657672816114882 0.6609666840034195 0.7060068937503274 0.6549410383191024
41 0.7276612674345415 0.7346134353290787 0.6758272516673287 0.7366062353615132 0.6693852204163022 0.569043898079132 0.7212175468547457 0.5670511301116222
39 0.7213453698774401 0.4280284794733675 0.6696594237232603 0.4206623289768381 0.6864442537917057 0.30289594607646364 0.7381295377576862 0.31026204922421896
38 0.6631327693520461 0.34829866873970683 0.7106877888794543 0.34404747124172314 0.7282532756114506 0.5405289960463107 0.6806982647628956 0.5447801365977718
27 0.90390625 0.84765625 0.91328125 0.84765625 0.91328125 0.89453125 0.90390625 0.89453125