6 0.29638049391292043 0.355960350428491 0.25025989831556217 0.3502057164367854 0.2616276028061293 0.25910374114498425 0.3077478004366867 0.2648583497654402
6 0.35081975680611777 0.3678678671875 0.29508186120642677 0.3678678671875 0.29508209860352963 0.2837837828125 0.3508195303238608 0.2837837828125
6 0.3806977441656727 0.3908179182321399 0.362079890622681 0.4639926240937177 0.30511989406340945 0.44950085217570007 0.32373792680266433 0.3763264219436691
6 0.6412817277924887 0.35688043183766377 0.6977364693550498 0.3533584510163306 0.7024751200721084 0.42931214470131945 0.6460203801751732 0.4328341095356711
6 0.7062295122750584 0.40840841604071126 0.6849509266208997 0.36917367579768434 0.7313460683363928 0.34401279741545904 0.752624664465884 0.3832474207031355
6 0.7580328745466431 0.3258258265624999 0.7088523835587921 0.3258258265624999 0.7088525351909993 0.25675675625 0.7580327143809882 0.25675675625
6 0.7121310965623024 0.25375373415437463 0.7121312106519326 0.33933936368250606 0.6596720882411091 0.3393392736605186 0.6596721766474047 0.25375384734313755
6 0.2671244817272509 0.3416525539457073 0.2889949374521166 0.3440402784581753 0.2841811907655938 0.3881302331443265 0.2623107359513597 0.3857425145176508
6 0.2970491796875 0.3603603609375 0.3160655734375 0.3603603609375 0.3160655734375 0.3993993984375 0.2970491796875 0.3993993984375
27 0.34893138254574296 0.30766323565027764 0.30914271111475955 0.31180046453825394 0.29053089157616796 0.13280700212679974 0.330319129471377 0.12866979447057522
27 0.77972792753269 0.52072810489617 0.73620299177162 0.5305836707254916 0.7049729221619145 0.3926703496381395 0.7484970430826934 0.38281487894241367
43 0.300186313070526 0.35780239102194417 0.25256949419224384 0.35433660892755936 0.26899436692269774 0.1286841051494726 0.3166103143323653 0.1321498535714763
57 0.24557568233854 0.5148098297661727 0.17411684865214738 0.5082402233099327 0.18892849877602202 0.34714961434340647 0.26038583430670315 0.3537191517878483
55 0.2666884564675911 0.34069098153148997 0.32191168753683996 0.34872966074119516 0.2888361548177727 0.5759355157364233 0.23361295183156017 0.567896962675722
38 0.7574375675155807 0.3311194923618986 0.7075156150464181 0.3297569020382149 0.7140342970761822 0.0909455114451156 0.7639554251983327 0.09230808998698166
41 0.7812964191566607 0.5202010041572699 0.7330474994454335 0.5312377629971907 0.6927725136251865 0.3551781064454617 0.7410203625599934 0.3441414715918685
27 0.90234375 0.86953125 0.90859375 0.86953125 0.90859375 0.89296875 0.90234375 0.89296875