6 0.3309075353887465 0.49965534574978154 0.2923337409818032 0.5125809090149885 0.2658192771565382 0.433458680552692 0.3043926445211582 0.42053319563635566
6 0.2543867295579503 0.5239926570677562 0.29564194952968137 0.49957668252034837 0.33722012302519033 0.5698244915956292 0.2959650264690481 0.5942403005833932
6 0.37349901615118597 0.5074888296534558 0.35146330125462555 0.5412010784030286 0.2989561623260215 0.506882815842392 0.3209918468750175 0.4731707328124538
6 0.376777426240551 0.5628195553552974 0.3567079116965033 0.6117279293303362 0.3012619156904748 0.5889778013047294 0.32133152187498126 0.5400696859375423
6 0.42519766197347053 0.5039034782716647 0.42263060674372355 0.5627136713074322 0.3855549792091324 0.5610953287328984 0.38812220353293014 0.5022853132196329
6 0.3969665731401619 0.5683238344745869 0.4331357670436091 0.5731315081765851 0.42571004093304055 0.6289908863271261 0.38954085183956977 0.6241832373527001
6 0.6727778142875422 0.5564856728927381 0.690059746211773 0.6070226692959206 0.6369336099247676 0.6251877761038185 0.619651978753609 0.5746510351426921
6 0.6797752619843322 0.4912645691287334 0.6930103788822635 0.5387225610552441 0.6488307882559639 0.5510421797250891 0.6355958730235898 0.5035843604763695
6 0.7029221759530628 0.5367783191088377 0.6667192694637833 0.5212091302529559 0.6989754607267287 0.4462104614280413 0.7351779724003791 0.4617795521731856
6 0.7336923994622566 0.5776417164311723 0.6827040979042067 0.598107255225631 0.6636194213053841 0.5505634366246975 0.7146073247694176 0.5300979875958592
43 0.31677825992449016 0.51062319043309 0.2725086219835475 0.5057924784019919 0.29002022427391694 0.3453266181373629 0.334288945063804 0.3501572799030677
57 0.2209300326048833 0.49947216300815345 0.27168151429168574 0.504052854880301 0.25802805362366144 0.655311107741405 0.20727658058433462 0.6507304767186256
55 0.2708295136990273 0.5060731897762333 0.32282540450421493 0.5135605184824805 0.2985803660506008 0.6819138196247803 0.24658450105039265 0.6744266050334126
38 0.6731433784576666 0.353097264310437 0.7164144521748312 0.3511247790844782 0.7248464789772697 0.5360907961908394 0.681575407055675 0.5380632565263987
41 0.6758024040942701 0.5357346219679051 0.7221055586646798 0.5330796348632483 0.731421551487756 0.6955337780650466 0.6851184004983679 0.6981887249121294
27 0.9078125 0.86875 0.9171875 0.86875 0.9171875 0.896875 0.9078125 0.896875