6 0.448401122325663 0.7199434393539846 0.4484013748315192 0.6771568409272057 0.5341569213280764 0.6771571972384348 0.5341570601094645 0.7199434025498439
6 0.5609468090508472 0.6414603861097947 0.5568629265508207 0.6851024998655937 0.47706212851846885 0.6776355583776542 0.4811463243777325 0.633993797837747
6 0.5674062901682646 0.6040669810916545 0.5689671049877916 0.638543129132495 0.4996521656537425 0.6416805266194848 0.4980915878874157 0.6072046083059061
6 0.5763218835712678 0.6472680253197317 0.6137237573425409 0.673157136830223 0.5753815542640268 0.7285418330335924 0.5379798304013548 0.7026529036249164
6 0.6439718210343699 0.6236589462675193 0.634073345634647 0.6752957291620405 0.5721976721056308 0.6634356912326057 0.5820963879668852 0.6117992268841718
6 0.6438952736400552 0.3847241000901608 0.6438953645601941 0.4183168294381313 0.5915697539915072 0.41831683285017407 0.5915697706094534 0.38472421099828386
6 0.6318888409824694 0.38327400954753865 0.5882837524395654 0.4019437766097689 0.5630987719990799 0.3431238925914707 0.6067035899122857 0.32445419182657365
6 0.6145459565110514 0.3289268961120235 0.594317240213968 0.3628422374761283 0.525639102976811 0.3218805059022026 0.5458678148817171 0.2879652972193235
6 0.5436317875145278 0.3231595337045279 0.5524452303576481 0.37296972025742525 0.488860245062142 0.38421986543564757 0.480046998324724 0.3344098531760304
6 0.44258720937500584 0.2977369171874628 0.4741088059145113 0.2650314312970409 0.5270975969509664 0.31610071441179244 0.49557611304658167 0.3488060880712605
43 0.5342900836953959 0.6828293606290123 0.5294489184773283 0.7259428417531213 0.3535584745346796 0.7061933719165405 0.35840033882038824 0.6630807057098851
57 0.5345457058647298 0.749617697680988 0.567023816626488 0.6900313204739101 0.6811850899647425 0.7522455262934102 0.648708011908866 0.8118310142869394
55 0.5359249020449397 0.7085282365202452 0.5444069652031658 0.6566074844864019 0.7089248495201446 0.6834794715146717 0.7004438201818175 0.7353992971018387
39 0.29315301839039876 0.30803158441739464 0.2941853731937272 0.2634840109612464 0.4306988879700384 0.2666472222691194 0.4296668054497559 0.3111945322858087
38 0.3506548165659069 0.33785443684649896 0.3495866175161382 0.29174167180800487 0.5239441438188805 0.2877022234423586 0.525012718795665 0.33381460817012937
40 0.6447908991550548 0.19953742854238854 0.6715880472970639 0.26121910012365346 0.5513438652420746 0.3134567864298366 0.5245470881424126 0.2517754292982055
41 0.6838224480150075 0.268373429645608 0.6946376333697799 0.3213753115177926 0.5417284434108751 0.3525751161754632 0.5309136988910268 0.2995736124519104
27 0.8921875 0.078125 0.90625 0.078125 0.90625 0.090625 0.8921875 0.090625