6 0.48750910532839953 0.7078389233299082 0.49466567200590816 0.6578394216563455 0.575160938866702 0.6693592659532372 0.5680048477233868 0.719358337690367
6 0.5132006058314573 0.6608194882851343 0.5174662138938402 0.6101774436521588 0.5996367677162198 0.6170978132441499 0.5953715958396515 0.6677394493741801
6 0.4577793522942102 0.504622367319029 0.5295543911212235 0.5022432994589737 0.5305012074409206 0.5308058900393853 0.4587261688518538 0.5331849525471913
27 0.4576011516444396 0.5039392554370892 0.4591683871664145 0.5282374355994541 0.32138315989368493 0.5371228821744137 0.31981620529847987 0.5128249648477478
55 0.4858039005810042 0.7084918873717129 0.4915113238828326 0.6584986616659121 0.6802249290399232 0.6800388750284351 0.6745186088602395 0.7300310806372623
43 0.4876096142921824 0.6827681810331646 0.4854803595487738 0.7177784833935209 0.3054831117167396 0.7068310582260611 0.3076129887321031 0.6718214251624672
6 0.5420627462220864 0.3984013885015124 0.5238235335109493 0.340732730111096 0.5952752801669021 0.3181351550357249 0.6135146184803943 0.3758035717829782
6 0.5894276330545836 0.28676044621063884 0.591327236394477 0.3394581475619106 0.5071466821507329 0.342492178459535 0.5052472977432672 0.2897946812169453
41 0.682343603973095 0.2763053256663735 0.686554099246905 0.3297008985027057 0.5041319770328982 0.3440842089414777 0.499921972394759 0.29068908413004935
40 0.6282971630042766 0.24269287452746466 0.6078098941477492 0.2949040739260443 0.49393341630889154 0.25022031399197237 0.5144207815882282 0.19800934934753775
38 0.3161334297972189 0.32461078417734873 0.31613374213554835 0.2850064285431285 0.49999998315593075 0.28500726730717685 0.5000000095375299 0.3246112837619815
27 0.90703125 0.10703125 0.93046875 0.10703125 0.93046875 0.11953125 0.90703125 0.11953125