6 0.5119107452031812 0.6958431918095737 0.5065168434385896 0.7440956981248358 0.40924443626829543 0.733223199770077 0.41463878464480786 0.6849712152364144
6 0.5474225495993323 0.6448329964428359 0.5469068191624729 0.6957400616885716 0.45484177023013217 0.6948068802901192 0.455357973219634 0.6439002954233635
6 0.5654069024195678 0.6152756552381302 0.5654070600801333 0.6481612407092614 0.48982556957366796 0.6481612448423493 0.4898256510854253 0.6152758998077714
6 0.5031268421231516 0.6222796364082176 0.5069166869352557 0.5807449625848962 0.5778831156575279 0.5872195138786159 0.5740935647085053 0.6287539155082681
6 0.5501453203090705 0.679632284613304 0.5501456672045606 0.6248230543385296 0.6460755322922296 0.6248234235258076 0.6460757073584773 0.6796321341742165
6 0.5845733522264709 0.6253865699531781 0.5890457574873835 0.5886249260853477 0.6542014083232743 0.5965507954824353 0.6497292502738219 0.6333122137028719
6 0.611657007258259 0.4096369629046333 0.605789341800687 0.3734598612974106 0.6652894165171119 0.36380978835439154 0.6711571845260096 0.39998676021436674
6 0.577449637420159 0.3343750119897449 0.6294269142078974 0.300251548404037 0.6693313953124971 0.3610325328125141 0.61735422535628 0.3951558648290032
6 0.6438954661388152 0.3115274800674939 0.5998546893952152 0.3498966283409836 0.5456216365690807 0.2876485127661708 0.589662222771949 0.24927950524324505
6 0.5276270390007767 0.4147313614145692 0.5240747327787858 0.3826083668285788 0.5976255602524816 0.37447504617941124 0.6011779910181758 0.4065978995626688
6 0.5161042104485887 0.38511081167490263 0.5142277898924021 0.3504015559885878 0.5841924642265894 0.3466192417081437 0.5860690122228789 0.38132836405242937
6 0.45251437958495444 0.3116508193920293 0.4528712736664602 0.26400344779643437 0.5525434058807832 0.2647498596030585 0.5521867208677804 0.31239702713824025
6 0.570543544811585 0.2996980856115227 0.577177415246183 0.3478693999013696 0.4917966981090558 0.35962688751093974 0.4851630595886718 0.3114557849867035
27 0.5232116581875061 0.35792236608677597 0.5242400836159504 0.3790538128777873 0.3736918103835478 0.3863796114693679 0.3726635734876709 0.36524834354778857
41 0.7381204265286669 0.2598552951784384 0.7420102853258186 0.31521597353476677 0.5531007578180152 0.3284880488725885 0.5492113951785313 0.2731278290864833
40 0.5383778013029996 0.2609365632154673 0.5521006484754025 0.18500653936483458 0.6616074416054971 0.20479733822615911 0.6478849335351242 0.2807270657431241
38 0.36827754778028066 0.325144863652003 0.36396280021722305 0.2753448965341072 0.5563919288839543 0.2586724496224479 0.5607070619017804 0.3084719741742936
39 0.3216880280654095 0.3145167679832142 0.3089273069246019 0.2608155473653129 0.4594869903747849 0.2250393140611979 0.4722479489050784 0.2787402023397333
6 0.5390941692422757 0.46535555454492833 0.5402430009245336 0.4382071081605226 0.6124737925683803 0.44126333674100704 0.6113251015343621 0.46841164917633765
27 0.5029069734392806 0.6202255928805502 0.5030084313344787 0.6435006744098412 0.39395710590974886 0.643975144346477 0.3938558934615912 0.6207003037519188
27 0.4694767463504377 0.6499288497589767 0.4692594594429238 0.6857217533983583 0.37052874781738865 0.6851216499292375 0.3707463916065308 0.6493290997996629
55 0.517162066019182 0.7246324070177105 0.5215094948372325 0.6692516813434789 0.6964368719719687 0.6829807618398359 0.6920905602681842 0.7383604310899015
57 0.6534708914529119 0.7151286447677541 0.6596801266701959 0.7810454677716601 0.5544476589731175 0.7909553011734803 0.5482392859456695 0.725039271723955
0 0.403152228909903 0.7011768792832126 0.40686040033176596 0.7443523345193246 0.21817621612399307 0.760553199428124 0.21446902653804045 0.7173786763547054
43 0.5163669148577128 0.6938975231806165 0.5094172502490437 0.7444107421999882 0.352300068143677 0.7227960376041419 0.35925045256885824 0.6722836854855035
27 0.9046875 0.09609375 0.9328125 0.09609375 0.9328125 0.09765625 0.9046875 0.09765625