6 0.6568862305024368 0.3533912541374618 0.6580843012343394 0.40139766762141466 0.5858253867344274 0.403200673265186 0.584627520813001 0.35519446055919096
6 0.542062820603519 0.6906633954636039 0.605381244557293 0.6386174861540497 0.6394799499372539 0.6800959302504306 0.5761617903517617 0.7321415482748016
6 0.4849420697177038 0.5972969845236696 0.5408620602697738 0.6219892780332053 0.5144954766309411 0.6816935506292359 0.4585755812499883 0.6570014140624931
6 0.5062542820949147 0.6658566845668654 0.5028611073146294 0.7100203185686492 0.42529916210423835 0.7040615106686515 0.42869266405091366 0.6598982373073016
6 0.570065185790213 0.41185171797679904 0.5720328400170729 0.44150457719446945 0.5047651306850867 0.44596774176614634 0.5027976145895536 0.41631501257969505
6 0.5516136207355657 0.3871204091365858 0.5545456876437811 0.41466601068766573 0.4918668070571357 0.42133729196104364 0.48893485644782686 0.39379179689843397
6 0.474591366300956 0.4018674856208694 0.4629360434242926 0.35396038112903083 0.5206717614360059 0.3399144115369675 0.532327192938169 0.38782135637587595
6 0.5079862140438536 0.3077836717049629 0.5092295804513469 0.3512210015409121 0.4356780000256322 0.35332609074914634 0.43443479859524814 0.30988892222543174
6 0.6372863659059931 0.33724536590816756 0.6037358304196232 0.37474565472085497 0.5425555360266117 0.3200108917178621 0.5761059580219126 0.282510756057039
27 0.49491271999954733 0.39603956547846636 0.494912819907654 0.41796322420495735 0.37209296482944865 0.41796328345298184 0.3720930319063882 0.3960397935622603
38 0.507267359971479 0.30905226568529065 0.5072675273709137 0.3514852285801717 0.33430223338586984 0.3514850963968989 0.33430243537998194 0.30905251388002936
39 0.4230800647127353 0.2848834827902935 0.4211685940368852 0.32809976608927066 0.295921313740223 0.3225597684531786 0.2978330231853761 0.27934374247178023
41 0.7220373954653496 0.27316948496869303 0.7336269729460128 0.3272032986231867 0.5524809112281446 0.36605450889732066 0.5408918848958137 0.31202116628388094
40 0.6573060986313521 0.22412065039501905 0.6747320136751114 0.27439677666289247 0.5572291963313774 0.3151224242338722 0.5398035832888581 0.2648465540889944
43 0.5065005254241441 0.663763065115116 0.5051124101871665 0.7080011867628337 0.31009861292795904 0.7018807368491549 0.31148759358825373 0.6576435243010557
0 0.47817670011397695 0.7118765099010153 0.47049734266067844 0.751329934045235 0.3570695231475156 0.7292545315713459 0.3647492555694498 0.6898016080888151
55 0.5431356017813869 0.7064685463056862 0.5549589149148915 0.6466695562645057 0.7269891442588232 0.6806774874038395 0.7151671058893498 0.7404753464393915
57 0.6553533828021045 0.7161595171271967 0.659573281705093 0.7805665292393206 0.5631672435093833 0.7868809854332627 0.5589480989096955 0.7224746855183609
27 0.89375 0.05703125 0.925 0.05703125 0.925 0.06640625 0.89375 0.06640625