6 0.42799996080134406 0.5443999954232325 0.42800003883087356 0.5195999493385483 0.48799999329162347 0.5196000864764766 0.4880000358466532 0.5444000109434808
6 0.49610896975207197 0.43614752273370266 0.49440964665996034 0.465035851691109 0.4352730480898117 0.46155724558845035 0.4369724809540685 0.43266903372786797
6 0.4503998058092975 0.6496000123951747 0.45040005796352034 0.5963999245050874 0.5191999122066591 0.5964002550178844 0.5192000083590074 0.6495999915749681
6 0.44604216141647157 0.580596785724807 0.45021344673773456 0.638984775492638 0.3705058005785986 0.6446780474069418 0.3663349794642272 0.5862904980169805
43 0.49439992054203685 0.3384000152048834 0.4944000974460323 0.2927999494944114 0.672799947298131 0.2928002588052669 0.672800162859744 0.3383999148926676
55 0.49212135365689846 0.2983966950957755 0.4877179060644039 0.3538526409189481 0.3043339135157339 0.33929070080536644 0.30873780936894946 0.28383527228830735
57 0.4893087583278657 0.23187513516716066 0.49208010530571755 0.29653373693251506 0.39178423243981797 0.3008320946997304 0.3890131601001485 0.23617375539535745
38 0.635999462553059 0.6495993501533956 0.6360000827359045 0.6984000701945324 0.46719983700154444 0.6983999728651841 0.46720006071313946 0.6496000786833557
41 0.3132322016308535 0.704586673877397 0.30914181859770906 0.6462427027236561 0.4649230783965095 0.6353215384266914 0.4690143204463766 0.6936646010620635
40 0.3485183518574786 0.7644704676478099 0.33289281021291117 0.7019766794713581 0.43745688820376927 0.6758360775436107 0.45308291825222113 0.738329123968151
27 0.0765625 0.9078125 0.1046875 0.9078125 0.1046875 0.909375 0.0765625 0.909375