27 0.3455830390625 0.1673699015625 0.3724381625 0.1673699015625 0.3724381625 0.34739803125 0.3455830390625 0.34739803125
27 0.7950544164717712 0.6529181179968085 0.7418098684785264 0.6604419419926711 0.7199018151263772 0.5054140110314104 0.7731448765624691 0.49789029531250434
6 0.2757614425986503 0.5185851913040286 0.21126589097741544 0.5074110045242288 0.2283828097992 0.4086241983190872 0.2928774797628648 0.41979830764770243
6 0.37588074573784525 0.44820987174943683 0.3305010343090089 0.44645595155820095 0.33478853103781603 0.33553786222825505 0.38016763845359947 0.3372917706900546
6 0.37505783438518847 0.49200329290023204 0.3319942422068607 0.5577465493206885 0.2515332673050352 0.5050459596335459 0.29459677278748586 0.43930318086410625
6 0.2289753468901381 0.326300984375 0.19575964373177612 0.326300984375 0.1957597366316577 0.26582278593750003 0.22897525953010245 0.26582278593750003
6 0.24078735052864886 0.33546853143784655 0.22644779381892022 0.3302285129835322 0.23651536768841197 0.3026790489516384 0.2508548874124017 0.3079190599631977
6 0.184452296875 0.3881856546875 0.228975265625 0.3881856546875 0.228975265625 0.457102671875 0.184452296875 0.457102671875
6 0.7809589201424387 0.5198099848996913 0.7489760797266172 0.5305228902261377 0.7290622532065072 0.4710752783694904 0.7610448180598723 0.46036242286397033
43 0.2558655833275907 0.14903480336390337 0.31258045398305967 0.15701395434609913 0.27865725605761327 0.3981311773847901 0.22194240403553067 0.3901521092057633
0 0.2229806668526635 0.3375547033579097 0.1627073081939443 0.31811230884246466 0.22466738733839975 0.12603532988943722 0.2849399311739944 0.1454775804014425
41 0.796413542634582 0.6532178763147799 0.7337200373375481 0.6613641710956832 0.7035952863334387 0.42953797019091483 0.7662864001024445 0.4213918328844371
40 0.7765993568982594 0.35110226997266863 0.8593823026126302 0.3584423827590846 0.8449572576768105 0.521121595275585 0.762174321691873 0.5137815619557478
55 0.225281502851999 0.4051193971706074 0.29127134925829523 0.408803400890632 0.2779936227302642 0.6466234681259049 0.21200378126616215 0.6429395333780882
57 0.12495622172116327 0.4867525957963606 0.1310468719148048 0.3429513357850301 0.23269811777890936 0.3472567646379111 0.22660844558402005 0.49105706459623005
27 0.9515625 0.9046875 0.953125 0.9046875 0.953125 0.9265625 0.9515625 0.9265625