27 0.4688826404358224 0.4651162796875 0.4494342251191483 0.4651162796875 0.4494343923223596 0.33212209375 0.4688825036325852 0.33212209375
6 0.44768473323563285 0.46210042531648776 0.4711660919822407 0.4623790664450992 0.47023552025223125 0.5407934525426962 0.44675416154143477 0.5405148130855044
6 0.3801177931463826 0.5181110105775799 0.36916642877918093 0.587377179008933 0.31521139331903214 0.578847113803969 0.32616301164046035 0.5095812612565055
55 0.2811188448043822 0.48042530213509876 0.335588358138466 0.49377510385944745 0.2938611188642426 0.6640135262930686 0.2393916782193628 0.6506639271145604
57 0.23762518304693003 0.43108081907600093 0.29613322054660784 0.4511229726411088 0.2514578577930706 0.5815316520226907 0.1929499232071521 0.5614897106443963
43 0.324373576303401 0.4743589875725922 0.28151158517709973 0.4722735981899333 0.28973999891422864 0.3031704889186849 0.33260111436538864 0.3052558566685936
0 0.2841113099098038 0.4368112217331186 0.23920820008618193 0.43072718025908596 0.26061382925968246 0.27275376315828076 0.3055161601414511 0.2788377503993488
38 0.6651876807330837 0.29348299649368353 0.7079006589566461 0.2944725965751006 0.7037443902102041 0.4738575316288675 0.661031412208672 0.4728679420083667
39 0.6809053553483864 0.24491268058807278 0.7237162320817561 0.23991362321522755 0.7466964182273159 0.4367049740301576 0.7038855510166968 0.4417039796770597
41 0.7358532063824441 0.6309458295205076 0.6818749458660704 0.6392221742467478 0.6566024086541802 0.4744060740571627 0.7105792038281606 0.46612984245822847
40 0.7190010422445994 0.4500851427850071 0.7878111050415555 0.45360912136465614 0.7820348912774762 0.5663885053066967 0.7132248305399571 0.5628645573489678
6 0.662104387768295 0.49815577847943615 0.6185620515002483 0.4995680946573956 0.6160259505795693 0.4213757353575484 0.6595678041580868 0.4199634270776481
27 0.93203125 0.859375 0.93671875 0.859375 0.93671875 0.896875 0.93203125 0.896875