6 0.5391282813189946 0.6584024323845638 0.533277259756801 0.7095049536513894 0.44991169334264214 0.6999607278336514 0.4557630984010075 0.648858649342113
6 0.49270626267718853 0.701974315396508 0.48219526639979904 0.749973578830858 0.40802529645691266 0.7337338197986507 0.41853657439571634 0.6857349591027682
6 0.5261968999132023 0.6654212185110945 0.5749261627073565 0.690454870478188 0.543266877870451 0.7520717612323373 0.49453773961749903 0.7270382959696553
6 0.49563795028871027 0.5598864416043465 0.4959989548866588 0.5309676002720861 0.5707138456980374 0.5319000095116633 0.5703530228713589 0.5608186732531799
6 0.6388081116002695 0.5724892894221302 0.6388082645053146 0.6074964849494364 0.5719476509489141 0.6074964521084173 0.5719477083780475 0.572489466143316
6 0.4919437112160949 0.5935309443983774 0.5582393306668791 0.5917383448829945 0.55919965258704 0.6272499159760044 0.49290403330132904 0.6290425095686607
6 0.549305257415881 0.6285290571155024 0.5474115079654212 0.659664000474055 0.47953752202272426 0.6555358668465381 0.4814314645223021 0.6244011315823444
6 0.5463290773514018 0.6231240980217058 0.5998814506305052 0.639427526220269 0.5826966764977897 0.6958674407113346 0.5291443442538366 0.6795641088554673
27 0.3306213988990976 0.6819307728889139 0.3343042205850679 0.643314321558779 0.46474467135954 0.6557523302040124 0.46106240840128976 0.6943682577070465
6 0.5699902766320974 0.4396868448143644 0.5706670284920392 0.46749933548039563 0.49940221657504935 0.4692330691622608 0.4987256050445694 0.4414207165896042
6 0.5216891529568102 0.34660329046248783 0.5234336671646815 0.37408932223658664 0.4680926190766286 0.3776015245579254 0.46634819384928505 0.35011557793794684
6 0.4288487349182333 0.3505881332149231 0.430813057884734 0.3061847656296997 0.5055454801868109 0.3094905861844741 0.5035813304857584 0.3538937906234891
6 0.5727303351056889 0.32087645834792544 0.5825107545970241 0.3696908749934489 0.518347056110656 0.38254593888882416 0.5085668310862275 0.333731691019855
6 0.5562860889788226 0.3346735294339337 0.48830993182878046 0.33206225936060285 0.49024471587119933 0.2817010760487981 0.558220552305329 0.2843123399647461
6 0.4821845560793463 0.28831029426996757 0.4638662046886566 0.3268136847856702 0.3962808521578154 0.29465998870316806 0.4145992313841589 0.25615672512641713
6 0.5393345085183228 0.3756037615659827 0.5924854362694987 0.36866837214611753 0.5970931556717005 0.4039790937009191 0.543942230990524 0.4109144684179138
41 0.4887849915780862 0.33282997380570123 0.486358099072163 0.28294801168965933 0.6577905784611175 0.2746071613714297 0.66021784592931 0.3244887202409864
38 0.4762728703844914 0.25911292211176545 0.48352922298045087 0.3043731827671275 0.2958682018482932 0.334458336936096 0.288612290307924 0.2891984812014503
43 0.48948981454725526 0.6991518552625505 0.48320809628603456 0.7456281092407825 0.328465739915373 0.7247149232287058 0.3347481151589591 0.6782394642915636
0 0.4449118095118365 0.7447708013277017 0.42390401013267365 0.7989844117094473 0.28041502626683723 0.7433903260455342 0.3014232058469588 0.68917766298332
55 0.49663348451144884 0.7310826628135874 0.5019375687807042 0.6759761776203952 0.6778157493836261 0.6929011786521266 0.6725128086515042 0.7480066025548658
57 0.6197649850819289 0.7353921434280929 0.6184003835307976 0.7914944338879751 0.5071276936969298 0.7887871715415499 0.5084930007013782 0.732685597621126
27 0.87578125 0.07578125 0.89765625 0.07578125 0.89765625 0.08203125 0.87578125 0.08203125