43 0.3066956612162812 0.5418830179792075 0.26309646174081536 0.5394610061589072 0.2718871592147707 0.3812382878643339 0.3154853587917614 0.3836602712794102
0 0.2559430181310063 0.33717337427607785 0.29644511079209224 0.3418983718551345 0.2803572494757418 0.47979492744844254 0.2398551637932087 0.4750699709069705
55 0.2784 0.5392 0.3292 0.5392 0.3292 0.6928 0.2784 0.6928
57 0.28025127212049483 0.6324741268189681 0.21916465057154255 0.6345803499931324 0.21579087165275723 0.5367243123740939 0.27687644252819155 0.5346181071721599
6 0.32975546810484957 0.5628241893661692 0.37603321453786975 0.5648360584817421 0.373336600133257 0.6268580633319991 0.3270588544214661 0.6248462055020533
6 0.6549796891672486 0.5506011334989671 0.675828710064593 0.5929077391239801 0.6176000000000386 0.6215999999999762 0.5967512659020713 0.579293638753195
6 0.6416001036017178 0.5631999999999999 0.609599943230478 0.5631999999999999 0.6096001248923812 0.4992 0.6415999529085639 0.4992
27 0.6157935493666855 0.4150253218973505 0.640160243149694 0.4162748123480513 0.6352815767190805 0.5114092373313122 0.6109148835404312 0.5101597552805127
41 0.7104005001912128 0.688 0.6599993761491305 0.688 0.6600002164349235 0.5296000000000001 0.7103998925985024 0.5296000000000001
40 0.7147737205935982 0.5351193315832967 0.7746723858562063 0.5390596480344058 0.7680186818646462 0.6401956031926528 0.7081200200088915 0.6362553224541033
38 0.6832 0.38079999999999997 0.728 0.38079999999999997 0.728 0.5328 0.6832 0.5328
39 0.7528001379098441 0.464 0.7127998985511113 0.464 0.712800193838234 0.3336 0.7527997973160154 0.3336
27 0.91328125 0.85390625 0.91640625 0.85390625 0.91640625 0.88203125 0.91328125 0.88203125