6 0.45746040442759295 0.34776942590381615 0.45807266507597433 0.30492091191821635 0.5240819417729199 0.30586407818388606 0.5234698241163187 0.34871244872843626
6 0.4408 0.3484 0.5112 0.3484 0.5112 0.3936 0.4408 0.3936
6 0.36880829800031734 0.33496047332206713 0.4172096447761078 0.3668720107933579 0.37960124470816936 0.42391141116331815 0.3311999999999671 0.39199999999998747
6 0.3979185272118002 0.62981696962679 0.4280621415099404 0.6876843224755678 0.36934315248981875 0.71826695711311 0.3392000000000053 0.6603999999999977
6 0.44880000000000003 0.6548 0.5232 0.6548 0.5232 0.7024 0.44880000000000003 0.7024
41 0.2688316606858052 0.7820634529988196 0.255817143345098 0.7260860903003274 0.43786392292179244 0.6837661613259922 0.4508792535129942 0.7397423824810786
27 0.22555409115921066 0.7302938729048576 0.21248120591008046 0.6825995621544464 0.34052693662192723 0.6475071913313498 0.35360022787506296 0.695200831322321
38 0.6457878678769475 0.7100654838552353 0.6427155324383875 0.7509146656204648 0.4663113111241728 0.7376466537404501 0.46938437686083034 0.6967982509999581
43 0.45956261189223824 0.3509445312299253 0.45842221680322837 0.30646087842851993 0.6378732526168278 0.30186008557797417 0.6390140349183184 0.3463433291545349
55 0.432518547978475 0.3154454362504327 0.4216405920840316 0.3675852725287775 0.2371304348199601 0.32909117757290796 0.2480087337777377 0.27695184635408865
57 0.4550734305576043 0.2360872126867373 0.4521134842395895 0.31305053860579113 0.3579603584284996 0.3094292266733825 0.360920596254914 0.23246620164580856
27 0.07265625 0.94921875 0.09765625 0.94921875 0.09765625 0.96171875 0.07265625 0.96171875