6 0.29639999191147126 0.5143999991256449 0.33773318058217683 0.5188680543240352 0.33122917537025387 0.5790300463539696 0.2898959905015772 0.5745620138225533
6 0.3383999879811199 0.5335999973961636 0.3856742895526395 0.5438417916321368 0.3723105529342092 0.6055203862617268 0.3250362696580851 0.5952786483669361
6 0.5528530998337828 0.6297526754444338 0.5270214647676994 0.6311876112707605 0.5237686447393344 0.5726349279806503 0.5496000000000549 0.5711999999999992
6 0.6654482465602314 0.5131280487578453 0.70286476010142 0.5127462829276848 0.7035968768086605 0.5844939395856359 0.6661803633011232 0.5848757031147274
6 0.681200024369673 0.646400043657475 0.6552362612341085 0.5998866096948267 0.7066393887477034 0.5711966219717401 0.7326031640528754 0.6177098057594232
6 0.6366402733826817 0.6716799169530192 0.6125579797306955 0.6235208755936614 0.6672795961932252 0.5961602221925012 0.6913619385627499 0.6443189816258381
55 0.28514672388416784 0.5812676040137624 0.3326280618725832 0.583713277001248 0.32366979646451455 0.757610618948083 0.27618846184577706 0.7551649892059714
57 0.22295353194920153 0.5706820236592965 0.2863988637759576 0.5740208432741651 0.28086963057887715 0.6790770474657514 0.21742430148742642 0.6757382613625734
41 0.742868206261619 0.7136603509468199 0.6961949501222762 0.724666852161518 0.6633478578461336 0.5853944655360876 0.7100198319260471 0.5743881229026065
40 0.7861135319486721 0.6744276067637824 0.7292611535619926 0.6876915618355905 0.7015655886306149 0.568993440916994 0.7584167097392083 0.5557296382315091
38 0.7032001947814024 0.5831999999999999 0.6655999227542679 0.5831999999999999 0.6656002694584231 0.4288 0.7031996164348584 0.4288
39 0.677065976189624 0.39072802524899786 0.721882243198138 0.383833669582361 0.7446983180142297 0.5321390743370166 0.6998820681388906 0.5390333571396175
43 0.31216655141452065 0.41165012083510727 0.3562838321245181 0.4185612763340601 0.3314361617835857 0.5771648914352697 0.28731889984362624 0.5702538199908315
0 0.29149374709879794 0.5209420765107307 0.2598945808215376 0.5167455863768973 0.27504676242313053 0.40266111267466487 0.30664541770715914 0.40685756815885665
27 0.90859375 0.9015625 0.92109375 0.9015625 0.92109375 0.9234375 0.90859375 0.9234375