43 0.4816138103035428 0.3193205939172717 0.48381276239342696 0.27535035144370024 0.6517127384313426 0.2837464459476873 0.6495141440306043 0.3277163372582881
0 0.519597382283564 0.27783380627180937 0.5261421182833601 0.23618783874883528 0.6795535636058503 0.2602959712098974 0.6730091289338134 0.3019416630417687
55 0.46265973761978785 0.2927479771329913 0.4535488317467298 0.3413401756711104 0.3120964166188287 0.3148184352458526 0.3212075658065032 0.266226568369114
57 0.4710653076364224 0.23454629731878837 0.4654733227084762 0.29046727397103317 0.3716910232576538 0.28108914183329464 0.3772831934430769 0.2251683706572025
6 0.453515594641658 0.6762267511833875 0.44728847743374445 0.629972584589022 0.5211190780855759 0.6200341498481063 0.5273464802029366 0.6662879710953831
6 0.4113576200678608 0.5995208076996481 0.4384006125033011 0.6535997108750904 0.3790425800485764 0.6832785509314738 0.35199999999997544 0.629199999999961
41 0.3132650696974224 0.722005307731448 0.3066533871055981 0.6697140187152456 0.454763391254005 0.6509890195360468 0.4613757708176536 0.703279489042207
40 0.4572215335247165 0.714347942469906 0.4520503890709051 0.7846742390222233 0.3588301677059462 0.7778200461082233 0.3640019972807522 0.7074944987233582
38 0.47519968805079316 0.7132000465561344 0.4752001470957339 0.6675998749477848 0.6519998290059448 0.6676005147622598 0.6520002167394523 0.7131998362703622
39 0.6282214917935107 0.6924982359008791 0.6355127195406567 0.7350204364261068 0.5082139410758373 0.7568434286647524 0.5009233967957698 0.7143218327935507
27 0.06953125 0.9203125 0.08984375 0.9203125 0.08984375 0.928125 0.06953125 0.928125