6 0.37539781448731446 0.6098286095102908 0.3400699361702664 0.6499327342834768 0.2848204871272628 0.6012684535594872 0.32014816873663676 0.5611646029428982
6 0.3540981943372117 0.5943366824303029 0.4020976073791189 0.599413205299831 0.39406340341338364 0.6753689351298796 0.3460639962648884 0.6702924496782379
6 0.6078501050006935 0.6933140000023239 0.5767963626102528 0.6513481153861661 0.6288472032073287 0.612836724332722 0.6599008491108407 0.6548023455095496
6 0.6471004357804304 0.6635174593790302 0.6220648014856351 0.6199645292841056 0.6754793610551815 0.5892637233383863 0.7005149983374395 0.6328164014479648
41 0.7101487350836351 0.7388083141991849 0.6616369074638442 0.7486263156446002 0.6320635293758414 0.60251848515261 0.6805739355911555 0.5927006312480059
40 0.7122221240131239 0.6948569211034302 0.6634899588702865 0.6769062988131239 0.7118483395411204 0.5456418263737355 0.7605793278469264 0.5635922078583753
38 0.678974415445623 0.5923333548228492 0.6363402613761764 0.5908517677446842 0.641905671246036 0.43072962341619453 0.6845387344268374 0.4322111912059338
39 0.6261991603499837 0.39296269527277766 0.6838342369477459 0.3706385675984799 0.7353263846443951 0.5035703890344938 0.6776914274635146 0.525894297136448
43 0.3504864769657843 0.5701544503713517 0.30671751780494105 0.5714220023793126 0.3020085012827849 0.40880865268135963 0.3457763965867571 0.4075411161131191
55 0.31570611380834634 0.5595188471400351 0.36801427137970677 0.5719470550218464 0.3316413775687579 0.7250159015929529 0.2793332849835224 0.7125878837951101
27 0.91796875 0.86328125 0.92265625 0.86328125 0.92265625 0.88828125 0.91796875 0.88828125