76 0.366728746875 0.527639125 0.3932283171875 0.527639125 0.3932283171875 0.5865248703125 0.366728746875 0.5865248703125
76 0.41957807821529514 0.5784543608719104 0.3906207160506483 0.585253219386797 0.3763806322079972 0.5246077459008102 0.4053377008001462 0.5178089234863921
28 0.40522042392285584 0.5192119274729812 0.3967502113169985 0.5202847672553128 0.3813509557310226 0.3987132648938836 0.389821021806938 0.39764043463175364
28 0.35847723124993536 0.4153617328125041 0.3640192329759202 0.4147810587707749 0.3756169345482476 0.5254634054826426 0.37007493354792587 0.5260440748795733
75 0.4462129452518866 0.5076841389395319 0.4588423695096253 0.5065944046676144 0.4638889617200448 0.5650766837099244 0.4512595381480651 0.5661664127690625
75 0.47250602086990057 0.5605096675527835 0.46579712571553955 0.5609659279771888 0.4624984034917361 0.5124651698881659 0.46920724557639915 0.5120089112735811
76 0.5045207294713236 0.5734566800837816 0.46892854155646546 0.5720241024816386 0.4724423651730376 0.4847370475710755 0.5080340534919969 0.48616961511968065
76 0.529194038538094 0.575049480250825 0.5064245611412161 0.5758237385743025 0.5038340409037119 0.4996437392254671 0.5266032362268334 0.4988694856817463
76 0.4864625118564163 0.5073287492861488 0.5067100159239999 0.5074618590636253 0.5062871452323634 0.5717797282521021 0.48603964117228315 0.571646619178995
28 0.5277758318634369 0.49945245990549847 0.5184121460854385 0.4987584012353756 0.5264916683947831 0.38976415460059255 0.5358552109374841 0.3904582078124992
28 0.46763291093748194 0.3821570328125024 0.47623376950696183 0.38094536443863664 0.49338216016985825 0.5026638644262764 0.4847813036416255 0.5038755226266305
76 0.5421437362053894 0.5043544018971403 0.5539856254243887 0.5049382799331597 0.5511853692376008 0.5617267303414218 0.539343480215166 0.561142854998277
75 0.5375608050618439 0.5640911166036756 0.530280653753266 0.5642081675694453 0.5292573599454045 0.5005658253382399 0.5365374343750773 0.5004487749999993
76 0.5550428103052809 0.5116926159653117 0.5616788706547595 0.5115001464070471 0.5631212160657242 0.5612257882416913 0.5564851557500106 0.561418257018354
76 0.564167465625 0.50874995 0.58395193125 0.50874995 0.58395193125 0.5717005265624999 0.564167465625 0.5717005265624999
28 0.5548945072664537 0.49506714710400235 0.5492434757165938 0.49490741790822346 0.5523765120434518 0.3840725985979261 0.5580274578125 0.38423232656249845
28 0.5912019471603571 0.35283685488967914 0.5981102875132365 0.3535325091193305 0.5819913720785053 0.5135961842507761 0.5750830328125858 0.5129005375000038
67 0.5886467346222162 0.5676001616596318 0.615481406366257 0.5196380506217407 0.6469615707142111 0.5372495890120573 0.620127069768273 0.585211552260439
67 0.647826193782862 0.5893710158881044 0.630621319225952 0.5899769414099074 0.6291705850452445 0.5487864545822528 0.6463753359374778 0.5481805312500012
67 0.6855465617057916 0.6030975119750515 0.6494546230610467 0.6096648398341583 0.6365965097238586 0.5390068118813611 0.6726880068944183 0.5324395252853127
28 0.6917668731143749 0.42444828563158343 0.6991438696024943 0.42589678719030166 0.677009356413464 0.538616821942956 0.6696323634076862 0.5371683326700406
28 0.6726409515304113 0.534345240986042 0.6679418350445303 0.5342880312064662 0.6693063285929384 0.42222216882436964 0.674005367187533 0.42227937812500005
28 0.6634309109374499 0.5274275937500009 0.656774826459241 0.5262539243196442 0.675195038220636 0.42179749952139933 0.6818510239904754 0.4229711601030802
75 0.6806827977292187 0.678000626019585 0.6750531744844466 0.6785052823282054 0.6734960013834552 0.6611367105498405 0.6791256047333718 0.6606320551380286
76 0.6794631515624587 0.6443358078124882 0.7051232747512586 0.6245678922529989 0.7201980993869483 0.644133646503619 0.6945380184971555 0.6639015140950901
75 0.6084495066095315 0.6320643199889847 0.6160591330843772 0.6316693880845893 0.6174860317579487 0.659159697336626 0.6098764053666628 0.6595546281708459
67 0.5769632384966599 0.6157582340507329 0.6043426853730125 0.6104364750446253 0.6208506105193692 0.6953559782508879 0.5934711768537682 0.7006776914597661
28 0.60596843348128 0.7960225106126628 0.5983439546099589 0.7964521150805368 0.5927523730912299 0.6972303714714024 0.6003766796875425 0.6968007718749974
67 0.41561312256772 0.6776186137333635 0.3920461286164709 0.6743651519188697 0.40058315729606875 0.6125347023205612 0.4241498652378368 0.6157881440663564
25 0.4113419396567224 0.7055902594457554 0.4045034186722205 0.7044955735250429 0.4153802056106315 0.6365579279291725 0.4222186323470396 0.6376526061670322
28 0.410714946122539 0.6903819448452498 0.4155711347234501 0.690701169708096 0.40859458978184193 0.7968142257155251 0.4037384015624639 0.7964950046874982
67 0.35775292648668255 0.6931027431681561 0.31727673623333885 0.6936896917541228 0.3163017455823365 0.6264426142162758 0.35677738859237706 0.6258556695996939
28 0.3483978701988235 0.6684836383799554 0.35898543369216895 0.6688655808301104 0.3546821257209558 0.7881359779999009 0.34409456250000403 0.787754040624999
28 0.3144638991412876 0.7901089779990182 0.30829994074917977 0.7887782979902763 0.33024240619806733 0.6871544067459212 0.3364062267286272 0.6884850714458894