6 0.32375790813136973 0.5778468601269429 0.3517402083404022 0.5474557307973631 0.406034147240689 0.5974411982369412 0.3780520536867016 0.6278321273807688
6 0.34317524672712807 0.5458305503115476 0.3515628994767894 0.48852133869067543 0.4064366978458338 0.49655191206175014 0.39804932619347255 0.5538608716692537
6 0.3964 0.4992 0.4384 0.4992 0.4384 0.572 0.3964 0.572
6 0.6160301589997061 0.5745446402187429 0.574765615062006 0.5696904199205813 0.584830136739356 0.4841448411368718 0.6260941068790089 0.48899902707117815
6 0.6648032972158262 0.4793665158955172 0.6854381788861019 0.5185694333173297 0.6285608986806892 0.5485047516997605 0.6079262473675726 0.5093020319124735
6 0.5875483077936678 0.5814694644883928 0.6177661649420543 0.5797908799576688 0.6206104697708952 0.630988423609278 0.5903926132939432 0.632667000199607
6 0.699199906414492 0.44559992066146714 0.7294139686260905 0.4712143116414975 0.6787914102310424 0.5309228680334217 0.6485774859723961 0.5053086264328147
27 0.3479287762443164 0.7290347685348834 0.297882420632277 0.7124830961239206 0.33799999999996544 0.591199999999998 0.38804518783490494 0.6077514651302189
0 0.2654403887307808 0.3163854265117673 0.31489219135073654 0.30755518511133484 0.34112191402732606 0.4544428363033774 0.291670132178524 0.46327299972859404
43 0.3512867701654159 0.5293218480694328 0.3029109707662201 0.5218221868945161 0.3271224272936024 0.36566271611891366 0.37549718153923095 0.3731622937191429
57 0.25906803407599455 0.5114544259695126 0.32097471362931174 0.5363655215543863 0.2696407951444826 0.6639224668520903 0.2077342850589048 0.6390116779253474
55 0.29487527522007895 0.5196630596808737 0.3419158082356262 0.5210383507302502 0.3368126213983942 0.6955698021157325 0.2897720892918869 0.6941945331830432
38 0.6452086710116873 0.3435658511329443 0.6941505005348745 0.33801609874992944 0.715006652591569 0.5219315412810329 0.6660648354358045 0.5274812253390394
40 0.7809288354394539 0.6368173098894244 0.7295845780901118 0.6516266848665702 0.6923742057895197 0.5226295009022472 0.7437173084500728 0.5078203036941149
41 0.7363364179500422 0.6900112411227067 0.6859998382001322 0.6983997668312598 0.6589729725061488 0.5362372183827601 0.7093080722717104 0.527848816840372
27 0.91875 0.90546875 0.9234375 0.90546875 0.9234375 0.92265625 0.91875 0.92265625