6 0.5467356967847081 0.7160901197887679 0.5546348586668728 0.6673946098445741 0.6135020803945963 0.6769424198605186 0.6056032654885257 0.7256376194351203
6 0.6362378380057407 0.6839511174767403 0.564541677729494 0.6721644567903149 0.5741765143302473 0.6135677670242068 0.6458718502240117 0.62535435857048
6 0.507939407858089 0.6268899939876219 0.5663077321980836 0.6430363705496316 0.553027845701763 0.6910361517089599 0.4946595542594423 0.6748898559466402
6 0.5236022875595836 0.40082873798528507 0.5216997417545599 0.35390555626945214 0.5830423514260019 0.3514184233800109 0.5849450557401497 0.3983414410255368
6 0.5804651095015743 0.3624772321359009 0.5563323410669909 0.31051851577311657 0.6099949719958886 0.28559517927796657 0.6341277760595858 0.3375537405064898
0 0.5098577049334381 0.7200996856829126 0.4987844449688055 0.7624180049794237 0.337813015163988 0.7203022450997651 0.34888676821447007 0.6779846977639307
43 0.5470984759379007 0.6829205973657682 0.5430353313698788 0.7219683607981613 0.3393599144091013 0.7007756901194883 0.3434237970971026 0.6617287868632554
57 0.5167903546787329 0.7939944175984176 0.5206342467246259 0.7097564461705259 0.6248759055243909 0.7145123550022916 0.6210330675046407 0.798749306618602
55 0.5485426563620877 0.7181688200444462 0.5506196537270398 0.6712308388835901 0.7391338901319386 0.6795701686161388 0.7370578773758325 0.7265071946600345
39 0.3497508688438984 0.333568217605286 0.3451773043115054 0.29479257429198624 0.5229079534564107 0.2738294050569875 0.5274817944736014 0.3126047212450987
38 0.366897786640493 0.352038823603559 0.36730330229136143 0.31013839345954 0.5635055771194857 0.3120364995148217 0.5631004845864709 0.3539365044986179
40 0.6968050722276757 0.24134465578736658 0.7024541299912244 0.2920028189974148 0.5186089200785773 0.3125025119889767 0.5129602897159202 0.2618447287944396
41 0.7303016153315411 0.27960495010198166 0.738132202832503 0.33025548585954234 0.5649170540914383 0.3570327479980402 0.557086946847221 0.3063826362177792
27 0.8921875 0.08203125 0.9078125 0.08203125 0.9078125 0.08984375 0.8921875 0.08984375