6 0.32278581018965724 0.4638261207135795 0.28068874161965596 0.4604173308754227 0.2870031054857236 0.38244499727219317 0.32909974662447894 0.3858537695827097
6 0.311089319013945 0.4696882439604152 0.32797262310646147 0.4131817978647528 0.381626284533354 0.42921179073045806 0.36474323390211794 0.4857180207133573
6 0.35447822643948257 0.5272331834983606 0.3285601908513627 0.5743366943735568 0.2694563768948228 0.5418182631891756 0.29537442857576934 0.4947150104450564
6 0.37239044506929986 0.6054403580867033 0.31806155524816404 0.5878440712682694 0.3393022325868742 0.522270600981906 0.3936305270090088 0.5398667836125254
6 0.416287057718705 0.45212460573975655 0.4428165868287124 0.4516090414769316 0.44434422993606404 0.5302118342318508 0.4178147009171198 0.5307273954633195
6 0.4682204316135312 0.5399709296874999 0.44173720884361956 0.5399709296874999 0.44173737402138613 0.46366279062500004 0.468220288704174 0.46366279062500004
6 0.4638082251941569 0.46351098684813835 0.5004946122695628 0.4614140906078495 0.5051609042557175 0.5430474685945655 0.46847451827977693 0.5451443516880566
6 0.5291861794158876 0.5440078465810768 0.4964798729196218 0.5431715332872362 0.49856346854733147 0.46170305427249375 0.5312693628858369 0.4625393622592004
6 0.5247821534703689 0.4607084278977264 0.5482619893973606 0.45886851861472433 0.5539618629832148 0.5316016768320536 0.5304820282213996 0.533441575958409
6 0.4870598337930687 0.5766463863127879 0.5064350023353654 0.5775876770376459 0.5038054050417031 0.6317084167301094 0.48443023683614683 0.6307671306948286
6 0.5930705472952695 0.6302443845350063 0.5673145511856319 0.6295083376395637 0.5692188932096087 0.5628839295162781 0.5949745764631871 0.5636199719283641
6 0.6194498579199035 0.43118112486445687 0.6255131966984209 0.4959879604485471 0.5916523247947225 0.49915565209840124 0.5855891543435519 0.43434897196036926
6 0.565324859375 0.44040697656249994 0.6006355921875 0.44040697656249994 0.6006355921875 0.5094476734375 0.565324859375 0.5094476734375
6 0.6161540334604751 0.5864195727673841 0.5963013749575339 0.5365867532010264 0.6526654546759119 0.5141342082304255 0.6725182098865616 0.5639667738459486
6 0.6697245592215495 0.5582631710894124 0.6379411984855778 0.5273801721375923 0.6901823295770555 0.47362051889522877 0.7219654984222643 0.5045033382828326
6 0.6606637853057009 0.4149707595102125 0.6769714022041171 0.46375922217039406 0.6278096813834964 0.48019041703953685 0.611502268677782 0.4314021287080507
6 0.6543797380154501 0.394920648245386 0.7018041908905843 0.3878310866702632 0.7111935431877328 0.4506363467944517 0.6637690967340859 0.4577258793712087
27 0.32727524423251 0.4096622814677981 0.2950003075877703 0.411025848093187 0.28983178676935495 0.28868872698711046 0.32210630158522235 0.2873251693118803
27 0.37036695254664664 0.43080956221799566 0.33020404871433584 0.43520007663995797 0.3157395267327274 0.3028859778053917 0.35590186199431173 0.2984954938669586
27 0.3298021257394339 0.5719476546195009 0.3745826867046844 0.5782534591769685 0.3561451156708699 0.7091716006458181 0.3113645717628515 0.7028658782778485
27 0.5267697272719261 0.34015358833858866 0.5465411338568629 0.3399262287685064 0.5480225984374556 0.46875000000000006 0.5282511918915134 0.4689773577952205
27 0.5970404476923932 0.7268736415907111 0.5740716127402266 0.7279894904905823 0.5688207443857891 0.619914500056642 0.5917890721517551 0.6187986634700987
27 0.7296537440957991 0.629498875668187 0.6817502865329743 0.6393171309118857 0.656546749398558 0.5163588383638357 0.7044491531249832 0.5065406968749993
27 0.6267059457010191 0.29474456882163025 0.6664809486630929 0.2969291168214264 0.6590072070795259 0.4330015952684901 0.6192322051510928 0.43081706394150154
27 0.6540778709817232 0.268909031286575 0.6968639293113483 0.2670649435055621 0.7030967727295092 0.4116733671451657 0.6603107154910504 0.41351744143889513
43 0.3241756701607983 0.4653301748131179 0.2816791484249279 0.4642141220841512 0.2864461756723813 0.28272744763028274 0.32894180991922894 0.28384348861970643
57 0.20528652457483076 0.4771611586055548 0.27581812070661726 0.46314303472536233 0.2990486401141652 0.5800170723432331 0.22851708078837873 0.5940350616772315
55 0.2891529286413288 0.493544348755332 0.34244158871501895 0.5008887399307655 0.319542880294307 0.667018702559439 0.2662542407787214 0.6596744200354726
39 0.6927996396426579 0.2526834119904535 0.738886121741416 0.2516882311790493 0.7425260061597783 0.42024478669905874 0.6964395245514652 0.42123995884156606
38 0.6533347692784446 0.26958365919819816 0.7009176189851587 0.26779153887679064 0.7079980413258227 0.45577822375780525 0.6604151930260969 0.4575703255150127
41 0.731160838999358 0.6305217932867042 0.6786415679696347 0.6405672799397915 0.6488352809798243 0.48474763711455293 0.7013531769717929 0.47470228543308224
27 0.92890625 0.909375 0.94140625 0.909375 0.94140625 0.9265625 0.92890625 0.9265625