6 0.38786450901920944 0.5103687150452765 0.3681799546709499 0.5543613100642606 0.3144276769199905 0.5303115966455919 0.3341122888831478 0.48631920844085524
6 0.33222982929714817 0.5912392266125092 0.3584259474667988 0.5541504695941756 0.41580693639252786 0.5946749728636993 0.38961108019952917 0.6317634952205623
6 0.603813559375 0.5297965125 0.6366525421875 0.5297965125 0.6366525421875 0.5872093031250001 0.603813559375 0.5872093031250001
6 0.6795606362437638 0.5651347681321318 0.6334744071044724 0.5730372138930759 0.6230526487767065 0.5122628691928806 0.6691384171874688 0.5043604640625032
6 0.6504236333568088 0.6090116622827344 0.6504238118075136 0.5559592550995927 0.7033897795502071 0.555959425303178 0.7033898503711953 0.6090115837080272
6 0.6341739182947776 0.5826620480067739 0.6410255131529539 0.5932028247629874 0.6280939023424708 0.6016075650537491 0.6212423240880298 0.5910668029388997
6 0.6559964735695303 0.5706012036266215 0.6692659002151231 0.6175683169431883 0.6106841391861053 0.6341170160024672 0.5974150184979408 0.5871501642056629
0 0.2960581688455477 0.4539689018428868 0.2522160194631624 0.4416144678323649 0.28797137855485744 0.31473710494128754 0.3318128749825746 0.3270914400699797
43 0.3262266506527567 0.52835470111221 0.2829528260516554 0.5232059126713484 0.3033718859868486 0.35160741825516 0.3466446998493211 0.3567561451415144
57 0.31130216604947236 0.6380962885585155 0.24920733464523437 0.6409025441996523 0.24414474532500208 0.5288776366586271 0.30623834529785654 0.5260714088163211
55 0.29843933757990726 0.5488687944154387 0.3498378609328938 0.5474815332728235 0.35390395551439724 0.6981152508789294 0.3025054329056047 0.6995024923808835
39 0.7253199963121233 0.45716166682397363 0.6843664739840278 0.4581820503466918 0.6797998836001398 0.2748870519857427 0.7207525048346497 0.2738666802258966
38 0.6422064921332549 0.3914369180185266 0.6881870039183013 0.3807637108636334 0.723202287947629 0.5316016689081896 0.6772218165741606 0.5422747594413725
40 0.7001930166152306 0.547099272424958 0.7597451962880086 0.557948718818069 0.7397247538428928 0.667828118551424 0.6801726038761444 0.6569787844608215
41 0.6947055953082781 0.7202334410600724 0.6418977810532169 0.7169443458401028 0.6521136805374681 0.5529606075045951 0.7049198535568166 0.5562496522065112
27 0.87734375 0.890625 0.90078125 0.890625 0.90078125 0.90625 0.87734375 0.90625