6 0.3610569410265043 0.4095309000129659 0.3321111990856025 0.4471600644970245 0.282495002970677 0.40899529562182957 0.31144067812499543 0.3713662796875084
6 0.34517610615125704 0.378521030949549 0.39223950731741297 0.38423748272413594 0.3835401687480271 0.45585524648366904 0.33647677225667394 0.4501388208798192
6 0.291313559375 0.444767440625 0.3379237296875 0.444767440625 0.3379237296875 0.5181686046875 0.291313559375 0.5181686046875
6 0.3988510047155387 0.5005433629703141 0.38082315306178316 0.5433637999631481 0.32315640182991956 0.5190872156915498 0.3411843235044216 0.47626698660457023
6 0.4120763434741548 0.4861918609375 0.3802965342359812 0.4861918609375 0.38029666491229364 0.42805232656250003 0.4120762162366418 0.42805232656250003
6 0.5829802265625 0.4295058140625 0.618997175 0.4295058140625 0.618997175 0.48982558125000003 0.5829802265625 0.48982558125000003
6 0.6519388158091033 0.46577220045136425 0.6039585056809074 0.4646621510652262 0.6056479867629605 0.3916510267660065 0.653627833780206 0.39276107074900646
6 0.6535931960969492 0.3737937234480332 0.6976511611803744 0.3795018943542318 0.6883424426656575 0.4513467188721038 0.6442844827098497 0.44563857403505724
6 0.7096390318455406 0.5229275244089482 0.6549273383773198 0.5244042557487338 0.6531016374057117 0.4567590845328984 0.7078127792128726 0.4552823606381001
6 0.6028624193410224 0.4983519896328318 0.6577889533837151 0.489012162841962 0.6700624902535992 0.5611856262936582 0.6151359701123056 0.5705253978576634
6 0.6207719958504185 0.580748809647606 0.5832921696636504 0.5850332382194184 0.5758885154185691 0.5202707865504141 0.6133679325831736 0.5159863817041312
27 0.2909604158987804 0.49055232217866873 0.33005803687910884 0.4953582578129139 0.3135081237757049 0.6299840732845323 0.27441051270704975 0.625178193509606
27 0.3344384820951518 0.24019696959869927 0.3719451386498349 0.24743943149059705 0.3428446327579877 0.3981383609662142 0.3053379920536372 0.39089595358336204
27 0.3887712874901581 0.40116279062500004 0.3474575925990848 0.40116279062500004 0.3474579322307818 0.26308139531249997 0.38877107776261255 0.26308139531249997
27 0.5890337477487719 0.2971256431893113 0.6173467927069396 0.29804270983547165 0.6127056993209408 0.44132403585618296 0.5843926546874627 0.44040697656250016
27 0.6023337372510014 0.28256536413402095 0.6426775462455225 0.28040921808590796 0.6498417761217752 0.4144551483120265 0.6094979684412465 0.4166112790189478
27 0.6431576931526024 0.25741002143254227 0.6850407835063379 0.2558111494892109 0.6904183684766849 0.39667512492888046 0.648535279046655 0.39827398586525503
27 0.6893881173377849 0.6781507564458955 0.6412599652674089 0.6877632492405685 0.6139493681793056 0.5510367795437395 0.6620762703124683 0.541424417187508
6 0.30082948457970815 0.34639588493475487 0.2845781029570844 0.33652601673600735 0.30481307648688016 0.3032089485768592 0.32106440997847585 0.3130787978017112
0 0.31338668205626163 0.39066402007611556 0.2718956692702932 0.3832587357301 0.2960183963854206 0.24810814549216179 0.33750888539736934 0.2555133829083769
43 0.34671685684520526 0.4415190609082106 0.30082119500673343 0.4382266275713953 0.31497738208997816 0.24090911348618865 0.36087208635137813 0.2442015119153719
55 0.2926018909021195 0.4424098228180222 0.34304372687267914 0.4473111151048709 0.3253541668560729 0.6293493502153593 0.27491234096430617 0.6244481301736488
38 0.6363517042990452 0.2571178670696848 0.6801812853441334 0.2531560308730044 0.6975750122905993 0.44557541144094326 0.6537454372677303 0.4495372061591659
40 0.7026963915883471 0.4366608417276173 0.7733311533658025 0.4316142052302173 0.7822233637225509 0.5560643506155 0.7115886069152566 0.5611109392068785
41 0.7226025656847241 0.6329497843797631 0.669295944665464 0.6380068209880942 0.6525884562348665 0.4619006252151488 0.7058935646407463 0.45684365929020815
27 0.88984375 0.90234375 0.89921875 0.90234375 0.89921875 0.91796875 0.88984375 0.91796875