6 0.39210095743260354 0.5972085679641643 0.3564086027330404 0.6336409732665643 0.29506605159576793 0.5735504339414447 0.33075814114431523 0.5371183070931295
6 0.2730600606182634 0.4932586549388636 0.29719999999997526 0.4479999999999821 0.35128412922415464 0.4768452581140102 0.3271444290347745 0.5221037073741777
6 0.3367998663088656 0.5440000455997309 0.33680002992002755 0.4759999941244303 0.38479995094655806 0.4760001750913348 0.3848000421320421 0.5439999694293622
6 0.3667167989910922 0.5760319382546538 0.4202614170146717 0.5813858145136367 0.4140752447735849 0.6432474266049335 0.3605306312740595 0.6378935812703918
6 0.5590283628525867 0.6018159358648812 0.526764109979581 0.6027120775452482 0.5240778787581348 0.5059978010734513 0.5563415977397881 0.5051016668808643
6 0.6462529751410102 0.6497459241003104 0.629202291644333 0.585812643879302 0.6864890164506505 0.5705363006295973 0.7035399222949081 0.6344692286713542
6 0.7237143596281612 0.529246075886691 0.7567363051099392 0.5561634078573502 0.7035601286913788 0.6213927638079749 0.6705383617202187 0.5944756290016722
6 0.6636 0.4784 0.7152000000000001 0.4784 0.7152000000000001 0.5464 0.6636 0.5464
6 0.7495998837895286 0.43919986166402103 0.7791273724533312 0.4743490423911512 0.7254490404525313 0.519438780150991 0.695921743986446 0.48428978030738057
43 0.33919975284948123 0.30719981908411137 0.33920006287041815 0.519200105261072 0.2923999158239212 0.5191998185488452 0.2924002341466121 0.3072001721429687
55 0.32044127683775514 0.5417532832717291 0.3822364154441402 0.5558127037504109 0.3422159567296603 0.7316935636401483 0.2804209004777931 0.7176343868309288
38 0.7071124693133015 0.30992156253946895 0.7560364330287257 0.30946004145497685 0.7579974026214131 0.5173245718104713 0.7090734390394573 0.5177860867850228
40 0.7469986271893276 0.5536342430851026 0.7980138843672648 0.5556477749129177 0.7920410555992703 0.7069593414550783 0.7410257999678151 0.7049458388110715
41 0.7743788448965461 0.7246809969361557 0.7139144805925071 0.736215653233619 0.6768648226104688 0.5420209614390531 0.7373269723673275 0.5304865202159513
27 0.953125 0.92734375 0.9609375 0.92734375 0.9609375 0.94765625 0.953125 0.94765625