6 0.37098107945735137 0.573590283950913 0.3573302321576648 0.6322561854073421 0.3073637142725829 0.6206305968624434 0.3210147499831919 0.5619649671817437
6 0.34328655266642727 0.5472581087434986 0.34724821648956095 0.4894383935581205 0.39398840132184887 0.4926406744280336 0.39002696537079373 0.5504601752393637
6 0.383309759375 0.5094476734375 0.41407355 0.5094476734375 0.41407355 0.5654069765624999 0.383309759375 0.5654069765624999
6 0.4091230546875 0.5036337203125 0.4451909484375 0.5036337203125 0.4451909484375 0.567587209375 0.4091230546875 0.567587209375
6 0.6486965844027281 0.6370779900822292 0.597298385189788 0.6398563934405043 0.5936172499842769 0.5717601706744744 0.6450148023657221 0.5689817848887124
6 0.6435463016565564 0.6218252958069702 0.6388627300448206 0.5603007267361861 0.6885343247543005 0.5565198659785237 0.693218147625771 0.61804416167181
43 0.3474043750773035 0.5475559680870286 0.3074951867595246 0.5467117593210049 0.311216302264711 0.37083609349182894 0.35112451630300257 0.37168029200196256
57 0.24952167486287635 0.562294100939309 0.3157117852802003 0.5616369195022636 0.31675806170221676 0.6670044390307145 0.25056795130660703 0.6676616140206048
55 0.3171983683248527 0.5645323269224487 0.36475600586356904 0.5687391059514934 0.3496512740224489 0.7394775989291413 0.30209364565132546 0.735270890632228
40 0.6902946399786742 0.5505403807469639 0.7673463315159097 0.5544863145891608 0.7617484511406474 0.6637835287596129 0.6846967621346494 0.6598376348726201
41 0.7116722734813266 0.7227659704522412 0.6626258411181425 0.7303317413171495 0.6372245555769496 0.5656808165916002 0.6862693731687841 0.5581151744828041
38 0.6444048010257575 0.3685289769883321 0.6861835199928237 0.3683663642191156 0.6868737862909029 0.5457002688510444 0.645095067334978 0.5458628796082603
27 0.903125 0.8578125 0.9171875 0.8578125 0.9171875 0.890625 0.903125 0.890625