27 0.5751999999999953 0.6971999999999472 0.5779114435152906 0.6553829663262778 0.6879225401255553 0.6625146031396344 0.6852116010403506 0.704331166412272
27 0.7332018476803341 0.3284165795057369 0.7384707585663364 0.36880798915766855 0.615416559625146 0.3848588256690169 0.6101479504330882 0.3444676914202582
27 0.4312456325343419 0.36448080489475393 0.43774325710933226 0.3371238916192479 0.5168224538319919 0.3559054610045621 0.5103249710061846 0.3832622505053893
6 0.5920000335786426 0.6627998775500991 0.5815216762555337 0.7010107149560223 0.5347604455707824 0.6881891735584433 0.5452389216355868 0.6499785239058256
6 0.5497813795752791 0.6270494178557836 0.5493520395596079 0.6700134393139215 0.39740289695305364 0.6684942286619896 0.397832874768028 0.6255308739884163
6 0.561895052854311 0.6450879332645545 0.5494654783752821 0.6277966347098025 0.5817253947244581 0.6046098803219244 0.5941549478962997 0.6219011135361728
6 0.581019397045452 0.5984263911271027 0.5802209898746469 0.5808626670935507 0.6006333846261214 0.5799348614752262 0.6014318224407589 0.5974985532850762
6 0.5593452142559272 0.39421417375505396 0.5567876979195034 0.34817840098385117 0.6693735253276145 0.34192385370988365 0.6719313142842793 0.3879593255602965
43 0.3448 0.6684 0.5296000000000001 0.6684 0.5296000000000001 0.7108 0.3448 0.7108
55 0.5334741886832717 0.697465633350201 0.5360061638419893 0.643818805395719 0.6888498846653874 0.651031038652962 0.6863187918144149 0.7046770119870482
57 0.5846744145605953 0.6872500344434628 0.6261664269646872 0.7385235232844982 0.5657509297064962 0.7874049939300983 0.5242594020601246 0.7361319538399185
38 0.41103082660060863 0.3372145448715093 0.41192726455631146 0.29898484891202914 0.5885924114251111 0.3031265926920284 0.5876963119771972 0.34135596504723814
27 0.8734375 0.1203125 0.9140625 0.1203125 0.9140625 0.13125 0.8734375 0.13125