27 0.3027999548482967 0.5751999970738623 0.3446169287246903 0.577910022151928 0.3374865546662704 0.6879220725571763 0.2956695836116978 0.6852120764456875
27 0.6715836451902533 0.7332026142602942 0.6311916666539901 0.7384704278526346 0.615141365232148 0.6154157344721822 0.6555323172693761 0.6101479890969609
27 0.6355190288978747 0.43124597907614937 0.6628760402559237 0.4377428358221749 0.6440946442303357 0.5168224763739927 0.6167376460526839 0.510325657480093
6 0.33720006423607174 0.5920000176113859 0.29898854338978254 0.5815236929408478 0.31181061654694986 0.534761392389011 0.35002184228017086 0.5452376747577315
6 0.37295041224990655 0.5497814899464976 0.3299863516556343 0.5493518828880588 0.33150630321711105 0.39740307620062604 0.3744693596081561 0.39783267803011263
6 0.35491155113015793 0.5618943014837199 0.3722041398465308 0.5494665168584946 0.39539051882388776 0.5817259608050301 0.3780979664377355 0.5941537024325765
6 0.4015736072412892 0.5810193583744724 0.4191373227851045 0.5802210917429775 0.42006515586797377 0.6006334198463193 0.40250144042443026 0.6014316850102027
6 0.6057858410380277 0.5593450491584181 0.6518215493609887 0.5567877761836545 0.6580763397327019 0.6693735625714391 0.6120406337206532 0.6719308088232547
43 0.3316002329820549 0.5296000000000001 0.2891998732624188 0.5296000000000001 0.28920047073324895 0.3448 0.33159975245973783 0.3448
55 0.3025341509254531 0.53347426712395 0.35618089876686554 0.5360044773243573 0.34897131021682526 0.6888493731936882 0.29532456463311973 0.6863191988488236
57 0.3127519173752944 0.5846765635404271 0.2614730599881341 0.626162016536771 0.212589699698583 0.5657446528161288 0.2638681069336144 0.5242594874430782
38 0.662785171834571 0.4110309161368088 0.7010141741528741 0.411926835891255 0.6968736165890732 0.5885922943965929 0.6586446145123546 0.5876963868311448
27 0.86875 0.8734375 0.8796875 0.8734375 0.8796875 0.9140625 0.86875 0.9140625