6 0.6020080124569631 0.5948432373873542 0.5846804658308429 0.5526922788693951 0.6299504826931752 0.5340843200077531 0.6472780937118614 0.5762351031468352
6 0.2850376748125427 0.5573376200854128 0.28763530533547055 0.5339578920946321 0.3161454744662251 0.5371252613866857 0.3135479050916956 0.5605049332744838
6 0.3588002235993599 0.5482813553786534 0.37127054579502783 0.5470679514509862 0.3739497370972913 0.5745997673780194 0.3614794153116918 0.5758131684359528
6 0.29923688658936953 0.6041535987352682 0.33068213983835903 0.5924249440828319 0.3474680083356816 0.637423775542475 0.3160227832001965 0.6491523768374309
6 0.3711376828578068 0.6571189069874577 0.3431772731150886 0.642108888424294 0.35949721745487295 0.611712306203834 0.387457476360737 0.6267222750644167
6 0.6102634112316991 0.6122270091010553 0.651162276683408 0.6100161735265069 0.6537323863199163 0.6575556434174671 0.6128335216959613 0.6597664688248697
6 0.7066298056031428 0.613817683282108 0.6840196039632929 0.6380177841612856 0.6672748281466738 0.6223748618662255 0.6898849859543361 0.5981748129799608
27 0.47150515620023725 0.5450481524439377 0.45274282767627483 0.5463201437055639 0.44458052618915644 0.425929895831826 0.46334252732094683 0.42465791556499816
27 0.4741867046875 0.42732558125000003 0.49469589843749995 0.42732558125000003 0.49469589843749995 0.5603197671875 0.4741867046875 0.5603197671875
6 0.48850282924558996 0.553526646494961 0.48394115642372526 0.582378442486523 0.45655866592596794 0.5780494324173356 0.4611203942361044 0.5491977051145094
6 0.4904526171875 0.56177325625 0.5010608203125 0.56177325625 0.5010608203125 0.586482559375 0.4904526171875 0.586482559375
6 0.5270079389664488 0.5910980870649627 0.5216790542416447 0.5907277205181837 0.5231454618216276 0.5696311738776744 0.5284743266990972 0.570001539732335
6 0.5176803390625 0.569767440625 0.5205091937499999 0.569767440625 0.5205091937499999 0.5828488375 0.5176803390625 0.5828488375
57 0.288651480015119 0.7170665686973056 0.22271454777489907 0.7132552892389381 0.22951016652007183 0.5957178838719618 0.29544556013024703 0.599529118935015
40 0.7076560640444995 0.607503032201156 0.7751132591010901 0.6023212810246932 0.7838072978838682 0.7154879486660359 0.7163501104092802 0.7206696408462043
55 0.30075772606528517 0.5891298703606681 0.3522720169793274 0.5991546408320092 0.3176190349931858 0.7772021019420133 0.2661047990835641 0.7671775195020615
43 0.3276819483667168 0.580592290046431 0.28049078445951636 0.5767657169678487 0.2939939101811433 0.41025952262400006 0.3411838898186943 0.41408604744097754
0 0.2918348832808988 0.5394299101039466 0.24860180924304132 0.5366622587949418 0.25777854036311965 0.39333172878330924 0.30101074088759106 0.3960993521682638
38 0.6570421067024199 0.395605020398347 0.6995345707210845 0.3949878967561329 0.7022356387112723 0.5809592390323587 0.6597431749706857 0.5815763540695694
39 0.7378280913534354 0.5554047178257179 0.6984812408816197 0.5566011677550008 0.6938899637266331 0.4056102538543761 0.7332359273411839 0.40441381759607264
27 0.88515625 0.87421875 0.89453125 0.87421875 0.89453125 0.89140625 0.88515625 0.89140625