6 0.39927837461709714 0.6016975673936537 0.38529861639199225 0.6319839420788167 0.34250620721127234 0.6122336355127197 0.3564859989778597 0.5819473917519108
6 0.42285163624706 0.6228540991295043 0.41215448781565556 0.6429090265047126 0.38543437744044695 0.6286583600233139 0.3961315316803393 0.6086034903016414
6 0.4640954323358528 0.5413359883046772 0.4866091502282188 0.5397280221816495 0.4910964553382655 0.6025503199403234 0.4685827383773358 0.6041582772344882
6 0.6133349184947292 0.5783832910487511 0.596066389237194 0.5973097981735755 0.5715315376477292 0.5749264264036198 0.5888000232738477 0.555999974491514
6 0.6502572944552867 0.5054088219215833 0.6748938296558435 0.5615199026866942 0.6210792972630088 0.5851456290537919 0.596443083952181 0.5290348213219085
6 0.6980616554194512 0.49558373361924174 0.7039104053410483 0.5470465514171301 0.6581914276827092 0.5522418777249426 0.6523428840756651 0.5007792476330599
6 0.6387803020937781 0.5954243444981723 0.645961902770182 0.6600487998075419 0.587966223029639 0.6664925604050018 0.5807850162001387 0.6018684620656468
27 0.6975021520951259 0.5010595316582249 0.6559481438931698 0.5079060815404811 0.6349271653475625 0.3803288180105811 0.6764804730825063 0.373482326693886
27 0.6228163325366722 0.3851093467342441 0.6645690696882411 0.38877828171291207 0.6521527329042556 0.5300688995074779 0.6104000000000269 0.5263999999999984
27 0.46600000366856875 0.551200093546207 0.4609990641591821 0.42367841833003617 0.4813988778568046 0.42287850914885866 0.4864000000000033 0.5503999999999727
43 0.3301510189257897 0.5421764727629851 0.29048803688272073 0.5402947679177537 0.2995767275332355 0.34874788061217965 0.3392386406071637 0.3506295594441221
38 0.6433269960413099 0.37752264555179715 0.6888773734032156 0.37372704141818763 0.7033958846624273 0.5479505411879289 0.6578455136099137 0.5517460978442735
41 0.7037994439123167 0.7419541641244272 0.6525474630573171 0.7477154994373436 0.6332574386799479 0.5761303723378466 0.6845076898896423 0.5703691340423921
40 0.6812550793808896 0.6730715395905493 0.6958939467417622 0.5653912375127492 0.7773593981562499 0.5764652796061157 0.7627214747152493 0.6841447155543345
55 0.3093330705656854 0.5586580991812233 0.35601166385697525 0.5629287971860684 0.3410103198696106 0.7268737338437238 0.29433173606287255 0.7226031041156626
57 0.3030157331852479 0.6873229923348569 0.25467498276987044 0.6846376970502079 0.26279644909084254 0.5384666209445026 0.3111359059159895 0.5411518806636255
27 0.86640625 0.921875 0.88515625 0.921875 0.88515625 0.9515625 0.86640625 0.9515625