27 0.6296794798482779 0.6184009982122355 0.6731218511032466 0.604757260735988 0.7079477766859554 0.7156302630180476 0.6645054763581584 0.729273837863548
6 0.6605060171905279 0.5532552542550823 0.6903675262954039 0.602782195519624 0.6354314000000159 0.6359011624999896 0.6055702164377408 0.5863745041144145
6 0.6796322648751811 0.6053779206153707 0.6461301441047453 0.5760994308662208 0.6962098167074373 0.5188011023894641 0.7297116873638743 0.5480794065013803
6 0.734794899490339 0.5167150860399833 0.7347949787891821 0.5777616548786171 0.71428569416355 0.5777615997336785 0.7142857186946685 0.5167151337444938
39 0.7511276072563078 0.47732350482845787 0.7262259066329761 0.48178712972706506 0.7056286205215656 0.3668844497881678 0.7305299443632975 0.3624208601477904
38 0.7265719921412028 0.5091487134575642 0.6849961552160266 0.5120206214606153 0.6722941129561377 0.32814009077479805 0.7138689456488692 0.32526821827467406
40 0.7856484187236674 0.6329287592626457 0.7363887640457278 0.645292029230074 0.6984170484577135 0.4940126660874265 0.7476754549805946 0.48164955955945865
41 0.7494530008543734 0.6739304092859832 0.696894979682952 0.6891175257044937 0.6534373475911934 0.5387389168691937 0.7059939755450841 0.5235520114720934
43 0.33850799249125885 0.5175219631694031 0.2974332618309745 0.5173070788182415 0.29843742288790054 0.3254888635633138 0.3395111329904239 0.32570374522924134
57 0.27038887052322025 0.4946704270753241 0.3176147001481695 0.5033149094693644 0.28985623306061825 0.6549482714123012 0.24263043563780684 0.6463039053574096
55 0.3143044299850999 0.5257219496947381 0.3648368179501631 0.5385232541125402 0.3259813043999884 0.6918867013775629 0.27544898438441123 0.6790855829836592
27 0.9234375 0.8765625 0.9484375 0.8765625 0.9484375 0.9171875 0.9234375 0.9171875