43 0.31397043397714697 0.5240573530407789 0.27251902164493913 0.5223767449762811 0.280035854966286 0.3370033129810734 0.3214862429178993 0.33868390002176674
6 0.2733380484375 0.444040696875 0.3161244703125 0.444040696875 0.3161244703125 0.523982559375 0.2733380484375 0.523982559375
6 0.3607893859775686 0.5470989573339433 0.3167170878498382 0.5494814203626789 0.31238235803618863 0.4692963700167681 0.35645409490621205 0.4669139224533759
6 0.35711834126550457 0.5048894592131974 0.3896980828761798 0.5063990553036485 0.3869217710214343 0.5663116396150021 0.35434202990779795 0.5648020509209104
6 0.4160097758226584 0.5778701052413875 0.3811725428161026 0.5750452751267664 0.386035399454272 0.5150812198534181 0.4208722855207725 0.5179060358434593
6 0.4114894652212797 0.6042784691923228 0.44412824611106316 0.6102330468682782 0.43356190603026334 0.6681432452205445 0.4009231341568693 0.6621887014061804
6 0.38016613467107163 0.6016769303441047 0.4141295739977977 0.6093878649323985 0.4027040187847888 0.6597066587793136 0.3687405918958575 0.6519957622259586
6 0.3159671827626198 0.6259512628243479 0.33635477390578217 0.5746337971325453 0.3913812852445062 0.5964925313599198 0.3709940267648335 0.64780971571155
6 0.2902943419994699 0.5520025457402215 0.3427497403356483 0.5738771098046452 0.3193069312500256 0.6300872093749962 0.2668516008612869 0.6082127645992584
55 0.2828624435886695 0.5527093442813517 0.3335476803260917 0.5572105078329223 0.3189576387985653 0.721482355413401 0.2682724110391064 0.7169812632079227
40 0.7658654558908893 0.6444011977959515 0.6958250422022729 0.6266536421104313 0.7235122849765503 0.517400300208502 0.7935513733235666 0.5351476805567089
41 0.733572792870973 0.686724001836808 0.6853796875847138 0.6940509909041368 0.6633667644255183 0.5492753942453201 0.7115585845127725 0.5419485035860331
6 0.6742648700383143 0.6054023597561031 0.6575970159269673 0.5622758595093481 0.7099485747123708 0.5420445895558583 0.7266165160077662 0.5851708819642392
6 0.6792449659687918 0.4595098927990844 0.7189881277429322 0.45693173946667454 0.7228296681353186 0.5161462936477773 0.6830865074929307 0.5187244355712831
6 0.6783010518341825 0.46993389874496017 0.6911460306101844 0.5244733565831927 0.6424568228952694 0.5359394068278998 0.6296120870326831 0.4814001604768162
6 0.6329561691940171 0.6344477049981171 0.6100626575918113 0.5894831128961038 0.6626384241418464 0.5627172349516502 0.685531974351079 0.6076815910081377
6 0.6249326518424141 0.6473195405520109 0.593630818006659 0.648588580536504 0.5911667874181603 0.5878140010954452 0.6224682658046277 0.5865449682941248
6 0.5814277312750846 0.49570540679327524 0.6158651370025154 0.4943469276773583 0.6183605115207911 0.5575993840927558 0.5839231062050203 0.5589578562804882
38 0.6802608070889846 0.353345015130108 0.7203165107091536 0.353126044131273 0.7212417783121055 0.5223731296742887 0.681186074725133 0.5225920981522849
27 0.921875 0.8234375 0.9359375 0.8234375 0.9359375 0.8484375 0.921875 0.8484375