57 0.28048553000769516 0.6779892003172823 0.21177402617479402 0.6748376533377188 0.21721106307290938 0.5563273245097483 0.2859210499022993 0.5594788368452757
55 0.28807019225462227 0.5784517185745127 0.3374064701622501 0.5828836825608684 0.3220876525240328 0.7533902368862379 0.2727513844013174 0.7489583487630702
0 0.29438810949500294 0.49427536831359875 0.2579732187444961 0.4916402352971383 0.26727393931537335 0.36312648780834933 0.3036882000822061 0.3657615974661226
43 0.3241235048295721 0.557257788432996 0.28162707147384936 0.5538583217068418 0.296134641661979 0.37252293228675887 0.3386299813319056 0.37592235492462034
6 0.2838813816072161 0.47457647495787697 0.32420140651845486 0.47121673575342743 0.33110622999629413 0.5540746437394286 0.29078620797622534 0.5574343609060171
6 0.4155999371946564 0.6048000380819402 0.41560003708286786 0.5391999835855982 0.4435999822771919 0.5392000805014694 0.4436000426519513 0.6047999741299692
6 0.5440159882192575 0.5518880096423466 0.5748720546863524 0.5562955717768666 0.5650159933678651 0.6252878601354966 0.5341599328049824 0.6208803256246019
6 0.6676744406136095 0.596824817564223 0.6212199028184386 0.6036556927913677 0.6102175926864675 0.5288379940635722 0.6566715286929821 0.5220071642336367
6 0.6604196206700408 0.504863113120227 0.7038517334084418 0.503876108056757 0.705620858072507 0.5817177732722516 0.662188745521803 0.582704771950535
6 0.6692675575490057 0.6689251325559777 0.6463367574053791 0.6079840153082839 0.7027245100415485 0.5867690182737255 0.7256554611607271 0.6477097908010471
6 0.6177178000167487 0.6851504352457697 0.5996711806984649 0.6294243747813697 0.6535849162884233 0.6119668287388541 0.6716317011836281 0.6676925824393088
41 0.7324887463413461 0.7781044782431786 0.6779985941775521 0.785273258306708 0.6529904322354696 0.5952058659949686 0.7074784825429106 0.5880372236157623
40 0.7076104626332835 0.5679030046772987 0.7842641622621613 0.565260084550745 0.7881453789568695 0.6778159566588197 0.7114916808001226 0.6804588485962577
38 0.6559361237054873 0.405282091048849 0.7002069392424346 0.40380651390109135 0.7061309705394478 0.5815290483268944 0.661860155982481 0.5830046053849272
27 0.896875 0.8953125 0.90625 0.8953125 0.90625 0.93125 0.896875 0.93125