43 0.6635175325800446 0.26873992522619994 0.6597265803685559 0.31961919785094345 0.46535963240387446 0.3051363530548389 0.4691509845196151 0.254257496230329
0 0.5019468321904696 0.26030265664302044 0.5007428291553424 0.21358489924188007 0.6861124564569536 0.20880739149075542 0.6873167610610835 0.2555248129975384
57 0.47681923493814793 0.2690675079007616 0.31341421113188517 0.25014751111649525 0.3206887908245335 0.18732448465239224 0.484093101761232 0.20624443951470814
6 0.4597885870820164 0.27046358956227423 0.4487783708846109 0.32865064419656154 0.3672678225227628 0.3132273241901287 0.37827819930396345 0.2550404892994521
55 0.4623394404844703 0.26520805778155876 0.45761956487820044 0.3255716431597267 0.2778146147888947 0.3115119984714349 0.2825349253820377 0.2511488947534414
6 0.36670507714552514 0.6317405004972594 0.4337493923897 0.6151566333239803 0.4465109254383606 0.6667418405481631 0.3794666402743587 0.6833256208295088
6 0.4631944012354552 0.6679377672195772 0.46790627205234614 0.7163480250509323 0.38558393049981987 0.7243589973194793 0.3808725212709305 0.6759491708522898
41 0.29901091229703525 0.7280124092658118 0.2961862251373759 0.6775654047682657 0.46622545796299164 0.6680442151439957 0.4690510043768654 0.7184903303715039
40 0.485211915718196 0.7117283968712504 0.4915144469265442 0.760650711417535 0.33821945612589843 0.7803943211819986 0.3319178752544758 0.7314728723195141
38 0.6597949107224395 0.6695078636227485 0.6619579317288071 0.7109825389442114 0.47520489597070537 0.7207182380911025 0.4730427348841886 0.6792443729649035
39 0.7252908689844162 0.7528288546874999 0.5174413124458397 0.7528288546874999 0.5174421796538127 0.7114568593749999 0.7252898091561519 0.7114568593749999
6 0.38694192613195355 0.30808415486463947 0.44715861560723624 0.32689486466568285 0.42837158631823513 0.38703354741678947 0.36815492577113673 0.3682229005852135
27 0.13125 0.94609375 0.1625 0.94609375 0.1625 0.95859375 0.13125 0.95859375