57 0.22544417546350815 0.4746407965002918 0.27848156137076785 0.47832703279900335 0.2683146944581267 0.6245947411808206 0.2152773126916827 0.6209085500497555
6 0.3160844423113076 0.595854811875852 0.25847250297408664 0.586044614874556 0.2730608187927146 0.5003826619654562 0.33067195708315467 0.5101927902259055
6 0.298833044605999 0.5823917776861451 0.33175423724435404 0.532611235456893 0.39289247838200936 0.5730396412898836 0.3599716463834284 0.6228198648005948
6 0.6333841956580955 0.6296520226564972 0.6065122077258138 0.5713233225157955 0.6675407389234351 0.543210368579005 0.6944128185884892 0.6015387272977989
6 0.7294417893224363 0.5989511037585589 0.6753618560212544 0.6051418920582124 0.6659273721107866 0.522731065760787 0.720006564339883 0.5165403196174081
6 0.67992954987551 0.5429100481762723 0.6300830513446272 0.5491461620608645 0.6197621299571665 0.46665339907283465 0.6696079852329149 0.4604173264606105
6 0.671042944396163 0.4379826404333158 0.7189132728285585 0.43572873631523285 0.7228820684033508 0.5200157190817449 0.6750117408827236 0.5222696092636174
41 0.7409631849083098 0.6979814148516145 0.6847837981613338 0.7042543132277341 0.6643830823279586 0.521560510697939 0.7205606890953504 0.5152877081846686
40 0.7694483112035186 0.5021801281902168 0.7694486673494794 0.647529197838045 0.7178215604375282 0.6475288458069544 0.7178218566488113 0.5021804216017265
39 0.6731597921564116 0.3152275702146935 0.7273474060685885 0.29405597946180223 0.7671179150081571 0.39584304115447944 0.7129303697645355 0.4170145063847356
38 0.6735985855623312 0.30805543448560263 0.7219706912065931 0.3084381134559386 0.7202634146671016 0.5242340592016852 0.6718913090230672 0.5238513855560417
55 0.2727448715701257 0.4991034046215406 0.3307438089499328 0.5079212935518268 0.30238256571692546 0.6944463770245766 0.24438366140054768 0.6856286372725656
0 0.2738909947066759 0.2312225915164321 0.3227848616688789 0.24014353719654516 0.2931664619359253 0.40247129628923656 0.24427261324126448 0.393550422150437
43 0.31935472742111415 0.5066979155311481 0.2695722604663615 0.5041125189932445 0.2802346195720702 0.2988323593023009 0.3300157842096496 0.301417721095984
27 0.87734375 0.82890625 0.89140625 0.82890625 0.89140625 0.85859375 0.87734375 0.85859375