40 0.7681095936217162 0.7306411339358472 0.7174565878284511 0.728450669230782 0.7242458355881354 0.5714914767966957 0.7748972909283793 0.5736819083014366
41 0.7291587969999682 0.7116953166289613 0.6759133214778785 0.7168761615200022 0.6600452360256668 0.5538059682587507 0.7132890474525766 0.5486252047153362
39 0.6645414605970927 0.2962071195602465 0.7149228795468616 0.28258894231445136 0.750718016437304 0.41501096542548976 0.7003366352358853 0.42862904114302924
38 0.6711575354094066 0.3632520233407197 0.7188772146616884 0.3643346855018343 0.7147247767495628 0.5473479068106045 0.6670050978046902 0.5462652584594553
6 0.703623558474078 0.47213163680475423 0.7335810726823411 0.5077595183032844 0.6821907584272822 0.5509671362369891 0.6522334428086651 0.5153394412307368
6 0.3281471918803618 0.6031976987680312 0.27504082968835064 0.5885567585429298 0.29042259249604285 0.5327697300231583 0.34352845832245293 0.5474105984092877
6 0.3885069820329363 0.5652173195587227 0.3777618427103562 0.6257103534584253 0.32392712836087867 0.6161486451761595 0.33467249760519735 0.5556559068740908
6 0.3682295719092963 0.5369696608015073 0.32347198063700944 0.5301647868108549 0.3316128137762462 0.4766259652584218 0.37637002951237264 0.48343080981232367
6 0.29135270682240844 0.4464586627270044 0.3325715283212958 0.44980102212704565 0.32671267365526546 0.522048849039052 0.2854938542996024 0.5187065076288487
6 0.5016523039726053 0.5675245050688852 0.47383587335309585 0.5678392319835986 0.4729634507617675 0.4907222014632524 0.5007795358994827 0.4904074765021686
6 0.5297030887186338 0.5712209296874999 0.5003535215985266 0.5712209296874999 0.5003536940363347 0.4912790703125 0.5297028786438887 0.4912790703125
27 0.4986369356315663 0.503633203287632 0.4772956880246966 0.5038480296935205 0.475795086921039 0.3547631150554502 0.4971359187715052 0.35454829074156746
27 0.5098338002754872 0.3696646822545598 0.5323112002234893 0.3704458247143647 0.5277057599864747 0.5029604549853423 0.5052283603798742 0.5021793193423044
27 0.36916550769331025 0.48328488215752263 0.3322406238324902 0.4844825555439754 0.3279152044190141 0.3511240206749133 0.36483948089323803 0.3499263569481704
43 0.3301380220387955 0.5231525211493125 0.2884370420945288 0.5234194789355165 0.2872326514135466 0.33519365635983683 0.32893252553981256 0.334926702283244
57 0.23267326718749998 0.5486918609375 0.28394625156250003 0.5486918609375 0.28394625156250003 0.7085755828125 0.23267326718749998 0.7085755828125
55 0.2845164674621401 0.533628344950591 0.3385669956653601 0.5362874680207381 0.3301009664310186 0.7083528559554875 0.27605044131803425 0.7056937761098593
27 0.95625 0.8453125 0.9703125 0.8453125 0.9703125 0.8765625 0.95625 0.8765625