57 0.32460229838920895 0.6460470187298227 0.26150919957194674 0.6743412606933968 0.20604141735623216 0.5506666847174365 0.2691331905498373 0.522372784720138
6 0.30218223427539215 0.5287045727735996 0.3481818096136067 0.5295984894004631 0.34663446025365374 0.6092152120419876 0.3006348851874918 0.608321301532199
6 0.4004396849289833 0.5741154069198371 0.3852682212044556 0.6419267857505944 0.3324912659591064 0.6301200031994882 0.3476629657251351 0.5623089591619725
6 0.3615337379936818 0.5054334330381939 0.3932978048823088 0.5033758280851972 0.39718361933546475 0.5633576016741436 0.36541955343238897 0.5654151965239514
6 0.4731638421875 0.6024709296874999 0.49223163750000004 0.6024709296874999 0.49223163750000004 0.650436046875 0.4731638421875 0.650436046875
6 0.49223163750000004 0.60610465 0.51235875625 0.60610465 0.51235875625 0.6526162796875 0.49223163750000004 0.6526162796875
6 0.5093498422082803 0.6056640111481547 0.5332764770636231 0.6033392154392629 0.538299238640775 0.6550270301918817 0.5143726054099034 0.6573518143415055
6 0.6658345981280718 0.5941588394403334 0.6781923549094699 0.6441884024085085 0.6350187615893219 0.6548511804644055 0.6226612490145271 0.6048218275594008
6 0.6671200884329664 0.5944861166562372 0.7044696670357098 0.5905168650631893 0.7108514861065487 0.6505612000617695 0.6735019110817575 0.6545304290332912
6 0.6376651928453612 0.5848035323643238 0.6093847519128985 0.5853531087343767 0.6082361939942302 0.5262483947833426 0.6365163465784462 0.5256988212515287
6 0.6759110767891343 0.5769448294963485 0.6342384397987644 0.5782101963645675 0.6320486686996674 0.5060931337216457 0.6737208032911894 0.5048277745549439
6 0.6737966824817931 0.5099760892252585 0.7147290706062677 0.5094079092251125 0.7155611066862093 0.56934361795894 0.6746287186344944 0.5699117951494512
27 0.4824766671639509 0.7563054332044624 0.46726439542317166 0.7552661865202133 0.4745762703124683 0.6482558140624988 0.48978819127489714 0.6492950486566015
27 0.506630648220721 0.759044954714762 0.48894517402811744 0.7582638939407907 0.4936440687499726 0.6518895359375004 0.5113291350994587 0.6526705876369521
27 0.5278590983814411 0.7458666447097761 0.5090380129544201 0.7447557668513618 0.5144774015624307 0.6526162796874982 0.5332981144046016 0.6537271464526061
27 0.39091024724780254 0.50416239970762 0.3668785312499949 0.5050872093749986 0.36246285198990336 0.390343480691958 0.3864942145611394 0.3894186775475937
27 0.6213596881965486 0.4002798241297603 0.6484267936309607 0.4021778137123789 0.6393990548053807 0.5309139262698456 0.6123319511614227 0.5290159538994401
27 0.6768861811370925 0.5124823397896134 0.6367430084792431 0.5059812770307739 0.6520077048750181 0.4117319627953558 0.6921503520225087 0.41823298234527895
27 0.7120244090361894 0.515106175660655 0.6790865927263212 0.513063288540214 0.6870315654972501 0.3849781928867952 0.7199688227782417 0.3870210630068053
38 0.7149899895604221 0.5702122115990201 0.6734882473864445 0.5696552129930483 0.6759520882044399 0.38613643903172706 0.7174527097430428 0.38669343006589724
55 0.3032352949546748 0.5266878415624179 0.35044923907355496 0.529851674113208 0.3388746069294939 0.702561697673223 0.2916606673259139 0.6993979160045888
40 0.7448069493921139 0.5755390404046974 0.7875904509452312 0.5911277654196384 0.7397574885434324 0.7223897932005235 0.6969740971568399 0.7068012827681198
27 0.6348719578041937 0.6508224542839304 0.6705508468750168 0.6453488374999959 0.6856926595696677 0.7440342225137219 0.6500137838304454 0.7495077811852018
41 0.7124442240998405 0.7296126949940944 0.6754378019911655 0.7315859177384351 0.668087135886708 0.5937383038947529 0.7050925531830217 0.5917651075934138
27 0.9390625 0.88125 0.94375 0.88125 0.94375 0.9171875 0.9390625 0.9171875