0 0.55977044729525 0.28964072089911963 0.5571092326543976 0.24998356666280605 0.7355826978086952 0.23800695887912254 0.738244175050113 0.2776638060328826
43 0.48713209341326547 0.3121226377804523 0.488365078520701 0.26652089214344227 0.6739599941225833 0.2715384989489336 0.672727398777397 0.3171398487632716
6 0.5452347384373297 0.31712701340777344 0.5374004921607138 0.36677198462996025 0.4555236201125581 0.3538515220223405 0.46335803673969167 0.30420675722000307
6 0.4417171566935849 0.33406112303229457 0.433024929655744 0.39414985085138876 0.36821736170065833 0.3847752168412287 0.3769097656044096 0.3246867106750159
6 0.43807545089453015 0.2638581920147216 0.47916130115299893 0.29682937080277116 0.4335276062105322 0.3536924217244903 0.3924418609374243 0.32072135781253
27 0.3909885168444589 0.33097547469298444 0.3769148129935047 0.37808120261961153 0.2686594246772529 0.34573855866904063 0.28273329213413945 0.2986330924097561
57 0.4929886592869934 0.23884587023844409 0.49141819367832795 0.2877302171028 0.3330375946638924 0.2826414685331135 0.3346083549299692 0.23375741927443866
55 0.47741717664837324 0.2880163630267402 0.47130696001181605 0.33971061701897703 0.3047592975220823 0.32002465494357524 0.31086985446950166 0.2683308153032368
6 0.4305225042968459 0.6069466563758861 0.4338761721425044 0.6574829787804632 0.35356158699494245 0.6628117054500149 0.35020833697285525 0.6122757819790393
41 0.2949288322058692 0.7164988515309805 0.29075324411337533 0.6664309219532513 0.458389317158435 0.6524509862035553 0.4625657044318814 0.7025180517563604
40 0.32131380157022704 0.7382744725468081 0.3247427696931027 0.6926712746934476 0.4735573271211706 0.7038581895610735 0.4701291564960002 0.7494606425144852
6 0.435136080045595 0.6323013831853187 0.43567672180677164 0.596760956348818 0.50515910475292 0.597817728396362 0.5046186980248422 0.6333579223806622
27 0.6338869324739562 0.6084539546016896 0.6327396126117719 0.6336074473967122 0.5021802328125204 0.6276520515625206 0.5033278464513842 0.6024988687659536
38 0.6869042952901054 0.663645403807942 0.6885325895850656 0.7063768605618124 0.4717648753189678 0.7146323338222529 0.4701375857351877 0.6719018321596745
39 0.7019716062528687 0.6789809125195456 0.7070806123479088 0.7243543187391513 0.5692529326183831 0.7398695653999727 0.5641446679330784 0.6944968287101312
27 0.20546875 0.92578125 0.23828125 0.92578125 0.23828125 0.93828125 0.20546875 0.93828125