40 0.7848907729367056 0.6851865508437017 0.7344618213841159 0.6956401627786251 0.7049379543100258 0.5532290986457469 0.7553655863105178 0.5427756265710012
41 0.7272813607550006 0.7262790887670046 0.6741827247566334 0.7307406093576723 0.6604144282039215 0.5668892331862524 0.7135114203263129 0.5624277801652716
6 0.7096021525709375 0.5588659036806909 0.7288414486524744 0.624821489966786 0.6739440640955081 0.6408329661614595 0.6547051681374114 0.5748777197444693
6 0.6055497174922948 0.5996150674275961 0.6602789276828389 0.5815682657278973 0.6799291205741156 0.6411533178051333 0.6251999597328677 0.6592000132778784
6 0.6333482682983913 0.50515172092517 0.6792439453921588 0.5066814395646141 0.6766091022401497 0.5857268807628963 0.6307134256262543 0.5841971721939728
6 0.2718292114336691 0.5999978986416397 0.2970853004471792 0.548965868455978 0.35205572487450354 0.5761683241255667 0.32679996217143525 0.6272000764359623
6 0.37600014647512126 0.6504000443811182 0.3202018020519972 0.6334934450956982 0.3382814342378424 0.5738313370067715 0.3940791833737194 0.5907378408978833
6 0.35673993625266576 0.577324493895873 0.3146447941152246 0.5754112556195619 0.3183019484432634 0.4949592001645726 0.3603965257541404 0.49687242540515336
6 0.7200001270315397 0.5664 0.6771998461454132 0.5664 0.6772001292371215 0.4928 0.7199998978771873 0.4928
39 0.654762756362743 0.3466939240006233 0.7096378145928384 0.3200306758313023 0.7669002507266214 0.43787626441353555 0.7120253310149565 0.46453930178401354
55 0.2898233934666905 0.549494217989995 0.33925408635639087 0.5532961129511643 0.32628007563164374 0.7219596228585374 0.27684938940763004 0.7181577895552621
39 0.6792294304963207 0.3783165211856717 0.7226621304985201 0.3790765373929841 0.7193461541922943 0.5685625083034731 0.6759134544715835 0.567802502783266
57 0.2593416554717578 0.5353784709622879 0.31363872364886447 0.5652387083637659 0.2566997423007251 0.6687635865921578 0.2024029030312704 0.6389036726439269
0 0.2919636209037435 0.456862982715125 0.2436125689422397 0.44690881707401314 0.2723265098536558 0.3074439917794351 0.3206767539510338 0.31739806946690974
43 0.3167801150145806 0.5533932838838038 0.2789314662667266 0.5544254483216511 0.2738062042973297 0.3664779635334615 0.31165381941536907 0.3654458135340188
27 0.92109375 0.8796875 0.93359375 0.8796875 0.93359375 0.9 0.92109375 0.9