57 0.44185237383817366 0.2626212404307602 0.4377513203972967 0.3110875581206751 0.30436554349932976 0.29980064117255956 0.30846684766004273 0.2513345960779067
40 0.42966976804279966 0.7011377697577961 0.4321984374140584 0.7504949526691149 0.33141115541582167 0.7556568305733776 0.32888306505844866 0.7063002015591704
39 0.4907927505076941 0.7274283045770028 0.48638425499825644 0.6911893170404573 0.5979803011458671 0.6776151115875828 0.6023891702076298 0.7138536653539451
38 0.409883485336195 0.700141459822268 0.4098838086275691 0.6630126261656855 0.6090114004772431 0.663013301177668 0.6090118444956261 0.7001413456150174
41 0.25888023037032326 0.7168017309965138 0.25426275399388487 0.6721398021530188 0.410591690733213 0.6559784837990397 0.41520981560427117 0.7006396919249537
0 0.4954772921987569 0.2936573149628955 0.5098427807308781 0.24277715866404428 0.6408001816893147 0.27975060824739745 0.6264350495579265 0.33063045688871795
6 0.4097193501646643 0.3300047569812896 0.41249403109395644 0.29008842852136074 0.4835714194010734 0.29502905020538417 0.4807968830456275 0.33494523894044187
6 0.3866167136339982 0.36910648417992553 0.329186289492327 0.3423532526903749 0.3538436400925775 0.2894242601864649 0.41127377299721957 0.31617741155807094
43 0.40906611185778274 0.33363560224257593 0.4072026110314937 0.2937166989052714 0.5920037811961265 0.2850897707730496 0.5938676104207161 0.32500829262025654
55 0.4106587375504205 0.3083962867362963 0.40472927668849934 0.35985210705388515 0.23882346700588641 0.3407340132898937 0.24475329000904367 0.28927863788627683
6 0.3844475955663711 0.5053040847423498 0.3844476955115397 0.4766617615726716 0.441860464062529 0.47666195156255503 0.4418604872579408 0.5053041496390374
6 0.3851744171875 0.5049504953125 0.4418604640625 0.5049504953125 0.4418604640625 0.5335926453125001 0.3851744171875 0.5335926453125001
27 0.06484375 0.9140625 0.10078125 0.9140625 0.10078125 0.928125 0.06484375 0.928125