57 0.20881439279639835 0.5475454194875222 0.26472839062205367 0.5374703335946426 0.28497022346186895 0.6497955060141528 0.22905625355781467 0.6598704875378678
55 0.2804100316639051 0.5370628435396799 0.3309734390787753 0.5465241152992042 0.29775250684667753 0.7240450265874615 0.24718914523305102 0.7145839174894176
39 0.670438471875 0.2892441859375 0.7181753890625 0.2892441859375 0.7181753890625 0.38735464999999997 0.670438471875 0.38735464999999997
38 0.7116352547673159 0.5309010924283145 0.6699504678263111 0.5349572604873831 0.6469830212480474 0.29893164461879207 0.6886664496767025 0.2948755469095875
40 0.7637032739457936 0.6653021047446005 0.7047359368464186 0.6425682528433768 0.7401548260276058 0.5507101411090254 0.7991211946780368 0.5734437848239543
41 0.7475777695907482 0.725036923840264 0.6929400639511414 0.7330299777698231 0.6659866707233277 0.5488031976329693 0.7206224773300391 0.5408102827541262
0 0.2683402696812891 0.2845916467678959 0.31623855182567695 0.278981249067524 0.3281795493533082 0.3809233181875391 0.2802812722376302 0.3865336867397908
43 0.32150745932187874 0.5189376240927912 0.2815925141759408 0.5168318503319178 0.2922797764193774 0.31427958408363116 0.3321936304001838 0.31638532784159873
6 0.389110575791733 0.5909081075350275 0.3646663177199798 0.6444244722671022 0.3066595365185094 0.6179318032846413 0.3311038762916496 0.5644157512882563
6 0.3995757618669131 0.6598837517452728 0.36140157734803324 0.6465500882155176 0.3799464647173636 0.5934631111424448 0.41812028074843965 0.6067967049548292
6 0.4497717863954449 0.5152444984233527 0.4740511705181234 0.5163694878965381 0.47087918057297884 0.5848208306256504 0.4465997968989086 0.5836958476283208
6 0.666279878292471 0.5716191174690914 0.6967021158810667 0.6286012911237501 0.6338873278335768 0.6621331604553761 0.6034655297351037 0.6051513628966405
6 0.7416838969003265 0.6069353892384024 0.6835219234375245 0.6300872093750077 0.6579224296341408 0.5657820422550222 0.716083776513301 0.5426303604529631
6 0.6598797328462069 0.44863317736772074 0.7017813035879499 0.44426468409187686 0.7106774014474695 0.5295880229252447 0.6687758348813304 0.5339564881950435
6 0.32261232447535804 0.5187757295322336 0.282043335625076 0.5171308948105149 0.28567240691450024 0.42763486206102796 0.3262408560557333 0.4292796856050053
27 0.93046875 0.9015625 0.93203125 0.9015625 0.93203125 0.9171875 0.93046875 0.9171875