57 0.4524536293190522 0.20881434630328058 0.46253009144402313 0.26472824831692404 0.35020518117335087 0.2849700477216427 0.3401289921148418 0.2290563899372837
55 0.4629373312147891 0.2804094790045677 0.4534750503809164 0.3309732255028635 0.275954182123769 0.2977528589715421 0.2854167636871807 0.24718953670188212
39 0.7107557486051519 0.6704382684409098 0.7107560375741286 0.71817544418825 0.6126452112143852 0.7181753233896678 0.6126454173023603 0.6704386446152815
38 0.469099205966927 0.711635107613966 0.4650425548491057 0.669950473880801 0.7010674871793299 0.646982867082271 0.705125040598773 0.6886664337945776
40 0.3346970769790687 0.7637026490013467 0.35743731570096315 0.7047375664523471 0.4492907248517213 0.7401553533405582 0.42655126811291666 0.799119774492094
41 0.27496329407972553 0.7475761155549954 0.2669693313554262 0.6929385747241656 0.45119534082607515 0.6659871922045965 0.4591902080337604 0.7206236520070626
0 0.7154080931442195 0.26834007334724774 0.7210190220630466 0.3162384731000838 0.6190768868062833 0.3281795365261736 0.6134662030934805 0.28028136096740563
43 0.4810622217061109 0.32150720263412935 0.4831684347174132 0.28159251448030836 0.6857204307669917 0.2922799940489342 0.6836146179261959 0.33219427917896815
6 0.40909239560710375 0.3891090061931787 0.3555749613192347 0.3646675365195659 0.3820674502401289 0.3066618885690182 0.4355845686663997 0.3311032734697268
6 0.34011627968743596 0.3995756718750462 0.35345206956503716 0.36140229892257986 0.4065376770727198 0.3799467680237307 0.39320203606234827 0.4181200153661644
6 0.4847555059025126 0.44977171938499444 0.4836304328168808 0.47405115976303647 0.4151790743021593 0.47087918994659056 0.41630425831908724 0.4465998654320389
6 0.42838149543308646 0.6662807939731079 0.37139612136240885 0.6966972831218068 0.3378658374181214 0.6338854501669375 0.39485055502825617 0.6034691752629877
6 0.39306921158424757 0.7416817028320234 0.36991279062499416 0.6835219234374704 0.43421341909413513 0.6579242781653892 0.4573700084114307 0.7160836337196829
6 0.4704128067913871 0.7106773623471465 0.4660435563879446 0.6687756767942554 0.5513658587359487 0.6598799256613418 0.5557354390399496 0.7017812327508337
6 0.48122416049579897 0.32261206690731054 0.48286930765357283 0.2820433282002548 0.5723651735543172 0.28567243725904423 0.5707202014226596 0.3262410025486911
27 0.0828125 0.93046875 0.0984375 0.93046875 0.0984375 0.93203125 0.0828125 0.93203125