6 0.5727196253247939 0.39323366794950454 0.5615388899745994 0.3424133887259216 0.6344191200308842 0.326379934099635 0.6456000009318359 0.3772000042356892
6 0.6261142784640015 0.3335251631397547 0.5496566395366926 0.344674913969007 0.5422170875802976 0.29365988868938764 0.6186743604613412 0.28251016479712115
41 0.7305964996313605 0.2749636541220545 0.7352559770116613 0.32621319199977045 0.5463803058451049 0.3433835769251432 0.5417213200047399 0.29213448244859413
40 0.5277934023098396 0.282516413244652 0.5358834825125314 0.19959814393870567 0.6557375034382176 0.2112916513536428 0.6476478311473102 0.2942095444206177
39 0.4482646721741048 0.2283778670492864 0.45260697658261506 0.28048278681365096 0.27662885816664584 0.29514746570361206 0.2722869516294395 0.24304293662306048
38 0.3096 0.2652 0.5328 0.2652 0.5328 0.31 0.3096 0.31
6 0.5581404260083218 0.6850689093128689 0.5743278206358582 0.6332771050056717 0.6417423474709949 0.6543445459135919 0.6255553915278824 0.7061359759511286
6 0.5417122137904471 0.7043640377967001 0.5391207620705245 0.7544648430464358 0.44172602619505597 0.7494272162900392 0.44431798895607244 0.6993269555062468
55 0.5407779365019678 0.7423486399371056 0.5441938414728611 0.6877119483800134 0.7373135305746246 0.6997830359814375 0.7338988582270076 0.754418539619065
57 0.6846897614819909 0.7450700279431364 0.6855968097937648 0.8284175753953005 0.5641579931755132 0.829737392195928 0.5632521699205881 0.7463910549201829
0 0.3124882342719957 0.7811773724120431 0.3158242562749365 0.7257768237403913 0.4641580800871452 0.7347064652316565 0.4608230611751196 0.7901060692696812
43 0.31022120543116216 0.7404181422174229 0.3140670945357442 0.6884031200214661 0.5426864297376142 0.7053012129205949 0.5388419366876178 0.7573149531394415
27 0.90234375 0.03671875 0.93359375 0.03671875 0.93359375 0.05546875 0.90234375 0.05546875