6 0.3604651171874593 0.32496463906245515 0.37627306706065156 0.26987694012883917 0.447801863885843 0.2904022094187694 0.4319941360768098 0.34548972054521454
6 0.34447674374996495 0.3719943421875252 0.3606487363653059 0.31660215798086366 0.432622201282129 0.33761428463271703 0.4164504683533323 0.3930062494255802
6 0.44912815989403043 0.3180103882020097 0.4526656458949674 0.2743909797626299 0.5419277036043013 0.281629798319045 0.5383904089362659 0.32524902499517166
6 0.5213759895772228 0.3230018775962012 0.518695406237839 0.3689133701514955 0.4367616953519473 0.36412944821575177 0.4394424637898737 0.31821814747909505
6 0.413365100900819 0.6659373969071885 0.34218925066932115 0.6771885162810749 0.33395298061577705 0.6250885855473505 0.40512810438497127 0.6138375246914909
40 0.3068990653482615 0.7781635268339107 0.325421048359658 0.7020465900862634 0.4401398570477113 0.7299569861932449 0.42161906799447024 0.806072890849514
41 0.43161650980380273 0.6635462966239938 0.43405988115512173 0.7137459386770755 0.24949050203701972 0.7227261534689824 0.2470481563291287 0.6725275045996582
38 0.6524262206161211 0.6731138530247169 0.6529999816527834 0.7162759690346374 0.4363832450328573 0.7191516188409987 0.43581048564283265 0.6759904722516287
39 0.6702451025537357 0.6919109347491395 0.6759049768260184 0.7397528053255715 0.4887378358381511 0.7618888749136534 0.4830790509557801 0.7140479802468094
0 0.5256675140119569 0.2864071673244105 0.5309629705799352 0.2374353502932345 0.6706997165778148 0.25254497336287585 0.6654045701130826 0.30151649980188194
43 0.44902339572513483 0.32111260372068196 0.4493856181237561 0.27686112830973547 0.6426227596871286 0.27844238835213236 0.6422609324237101 0.322693452807579
57 0.44730742686078884 0.23271359269687295 0.44107915519532526 0.2881834004489653 0.2768135899387971 0.2697390375876752 0.2830421656094586 0.214269592242817
55 0.4459795268775224 0.28289925551543743 0.4444557074871227 0.3361463655529047 0.2554441893258854 0.33073641400085835 0.2569684619477357 0.2774897802595781
27 0.07734375 0.92734375 0.09296875 0.92734375 0.09296875 0.92890625 0.07734375 0.92890625