40 0.7266649706111821 0.565120833058883 0.7818111232631964 0.5668439605243571 0.7763097921965709 0.7428846191289116 0.7211636409041375 0.7411615216796713
41 0.7455182574254877 0.7359740416515445 0.6898676431894728 0.7433440658334135 0.6663713656428172 0.5659423126034536 0.7220200388189824 0.558572418308833
39 0.673895075201699 0.3135606498194126 0.7223824664280301 0.301924380927157 0.7728073442233381 0.5120308195240411 0.7243200078384007 0.5236669270660401
38 0.6677449202679782 0.36006200073320765 0.7136332602891571 0.3573628828902014 0.7257227668621908 0.5628870631223751 0.6798344304387456 0.5655861411468271
55 0.32741582366065813 0.7358766906155818 0.27936525489133146 0.7298711250985265 0.2988923730526949 0.5736617162215631 0.34694150089046616 0.579667192687595
57 0.24804261770225366 0.573803202188572 0.2972203131311062 0.5773154965801519 0.2851511571446963 0.746282032440013 0.23597346804695007 0.7427697971451321
6 0.3012752214104921 0.5724614510513436 0.35015079237007285 0.5833215282215493 0.3359764531082874 0.6471057983884088 0.28710090443826175 0.6362457869638213
6 0.3922077721321102 0.5982931411397653 0.3815212102915666 0.6656128946407374 0.33160389449528793 0.6576894597708027 0.34229071694278446 0.5903700231184972
6 0.3617189033802788 0.5811903472977774 0.3173212841631994 0.5759675872257907 0.32628816129408733 0.4997515700153844 0.3706852152090505 0.5049742960992826
6 0.3210083261418504 0.5703985150015404 0.2811791047583938 0.5676107058400126 0.28758323948545694 0.4761268788117637 0.3274118725315702 0.4789146671201034
6 0.6313712644706584 0.5799589691628753 0.6248319171323828 0.5102092760813636 0.6767753917574737 0.5053398202863421 0.6833150082306929 0.5750892109788722
6 0.6198504804174263 0.5893707633945716 0.6741734787696032 0.5831034300357166 0.6814856214223255 0.6464753892760761 0.6271626297670991 0.6527426852148522
0 0.28928626534934665 0.5210944929166949 0.24540747645005467 0.5155102798351968 0.2696034625731727 0.32540421237165007 0.31348114524337234 0.33098835268612475
43 0.3204937280784179 0.5715817419213028 0.2788658804889792 0.5676442955990544 0.298835437982234 0.3565439635450938 0.3404620264369669 0.36048134928307085
27 0.93828125 0.88203125 0.93984375 0.88203125 0.93984375 0.89921875 0.93828125 0.89921875