43 0.31027204172994516 0.52256387479713 0.26964016935619384 0.521983460237449 0.27257501943802254 0.3165796556979469 0.3132058091626959 0.3171600624475293
38 0.6849948367265597 0.3627278234956672 0.7272152900713991 0.3644165341172982 0.7207444110782717 0.5261896725594667 0.6785239585799445 0.5245009806573869
41 0.7356510725250018 0.705487265424346 0.6756760626377627 0.7092567042685951 0.665158728853612 0.541922258235264 0.7251318550025871 0.5381528783185444
40 0.7371035124552918 0.5691815631295973 0.7893506043448042 0.5793395432770423 0.7700211228625449 0.6787483066411955 0.7177740595411706 0.668590424563888
55 0.2796833320078349 0.5372408720885794 0.33068757990622544 0.5383634694118734 0.3263709807899886 0.7344621322376684 0.2753667333709018 0.7333395561293202
57 0.27859593290486373 0.7233416736574825 0.231284568754063 0.7225619125160794 0.233844310990321 0.5673249794812112 0.28115423750966784 0.5681047288057425
27 0.3663999859214755 0.6399999976538984 0.3881946678428676 0.6436319444445775 0.36956746387306794 0.7553944285214713 0.347772792525916 0.7517625256410758
27 0.638562584975034 0.7497731063386281 0.6189728756925206 0.7530375908747916 0.600410758317139 0.6416644443165929 0.6200000000000045 0.6384000000000076
6 0.2795244294635495 0.5370135747258852 0.33140104323388186 0.5391748905577043 0.3281123010714282 0.6181046266770145 0.27623568825538314 0.6159433258173719
6 0.361596107921514 0.6387939257380331 0.31458458006636647 0.6295163380074592 0.3297285686153373 0.5527888574236451 0.37673945310257295 0.5620663800850552
6 0.3926923417089938 0.6578960308453503 0.35907375765123106 0.6532273254969387 0.3697114674716886 0.57663789569276 0.4033295753206403 0.5813065677439035
6 0.5782835588564694 0.5855308819446795 0.6151754201473523 0.5735966415857103 0.6359902922841911 0.6379338492731977 0.5990984654469003 0.6498680148507656
6 0.6202136636279647 0.6368956927300033 0.6151824292663832 0.5639459131078441 0.6695994029307712 0.5601932213006596 0.67463097078587 0.6331426468084004
6 0.7202380295905186 0.5354584419633767 0.7437829277297396 0.5932442710244568 0.6812052138269564 0.6187386004637561 0.657660715845509 0.5609531084153729
6 0.6344550200350341 0.47663923192394636 0.6817088776743958 0.47811579958507816 0.6795925859960334 0.545837181746457 0.6323387287370679 0.5443606218918392
6 0.6008 0.4968 0.636 0.4968 0.636 0.5536 0.6008 0.5536
6 0.5645710751222168 0.48970075291116294 0.6034073409940675 0.48867882972228205 0.6053375810341777 0.5620279910691701 0.5665013154282406 0.5630499082431563
6 0.3171076936830559 0.5210163164741305 0.27601331555695197 0.5281834180779008 0.2628058238401536 0.45245925568033823 0.3038997356983373 0.44529219613310106
6 0.3108 0.46799999999999997 0.3524 0.46799999999999997 0.3524 0.536 0.3108 0.536
6 0.38394516468235906 0.5416202866037271 0.35329676772528273 0.5449037817417035 0.3461574312798348 0.47826861779590074 0.3768055089600466 0.4749851400113701
6 0.38040808707626184 0.48516314831049423 0.41088652517612445 0.4857275178506623 0.4096680152370027 0.5515271571004217 0.37918957721524293 0.5509627905051766