43 0.3345015311002726 0.5424863241863951 0.29410180008665066 0.5435782953467674 0.2889349951838085 0.3524121996443352 0.3293336686128896 0.351320242829514
0 0.2867261144544955 0.31469315344326854 0.32453408243395643 0.319734760916447 0.30407035354892287 0.47318934149196695 0.26626239479048763 0.4681477812464355
55 0.30107057070540577 0.5635947186641302 0.351589846587558 0.5717330060566885 0.32693692413670306 0.724750208541091 0.2764176779844547 0.7166120447347318
57 0.2638763780049658 0.5628199037940508 0.3104866678735334 0.5820074861666702 0.2728217305918861 0.6734922546595516 0.22621154228681917 0.6543048511721865
38 0.7029704083643082 0.5472383734375 0.6658415249717109 0.5472383734375 0.6658419335900589 0.38226744062500007 0.7029699121325166 0.38226744062500007
39 0.7213579229868401 0.48255813906249995 0.691654824196803 0.48255813906249995 0.6916550537249577 0.350290696875 0.7213576462470428 0.350290696875
41 0.7278876798708325 0.716136637586057 0.6825940878895835 0.7283947779967528 0.6438289219156559 0.5851755398614171 0.689121244283001 0.5729175815179455
40 0.6805311838278385 0.584827500179991 0.7252332403439823 0.5685166376911099 0.7618284885882076 0.6687992791510043 0.7171265167118008 0.6851099751506669
6 0.33239048538916904 0.6453488829680194 0.28105722713132764 0.6229363026210483 0.3079572408491913 0.5613326986619184 0.3592899604896047 0.5837451455027737
6 0.40971099926957777 0.6744242026994685 0.3744875198919999 0.6649040563773132 0.38937428989765976 0.6098323422312959 0.4245974037206679 0.6193524369754444
6 0.4130127296875 0.625 0.44377652031250003 0.625 0.44377652031250003 0.681686046875 0.4130127296875 0.681686046875
6 0.3313681987737027 0.5453094078887354 0.2899735164314734 0.5419528346516088 0.29546974323864106 0.47417940203849923 0.3368639826663866 0.477535957014924
6 0.37923745145303656 0.5582285726391569 0.33087869897178734 0.561365581043865 0.3266113999460458 0.4955847901795604 0.37496963572596087 0.4924477987312575
6 0.4098937324921508 0.5104783925332642 0.4020014563402583 0.5786361604059592 0.3669927432007398 0.5745826164046683 0.3748851916673175 0.5064250514078434
6 0.39858479554811765 0.524014260731885 0.4345253371561739 0.5248885439311376 0.4330472401637735 0.5856454496842286 0.39710669875091753 0.5847711709825062
6 0.6043421826628901 0.5266411184142763 0.6083292447498252 0.5838624777156504 0.5805283454473056 0.5857993033746166 0.5765414270830433 0.528578079756174
6 0.632627007732367 0.572451464257929 0.6059901656794864 0.5752534827541871 0.600661829658975 0.5246043328606684 0.6272984437499645 0.5218023265625022
6 0.6679740535637393 0.507392809348875 0.6665198276865567 0.5689564716635785 0.6266702422611843 0.5680151006426081 0.6281246644965677 0.5064516409316401
6 0.7029704252815918 0.5479651171875 0.6654879107516081 0.5479651171875 0.6654881081835811 0.48473837343749987 0.7029702450984132 0.48473837343749987
6 0.5542961807186657 0.6288596290985518 0.5836465424118842 0.6250519065655995 0.590948187089225 0.6813267009939383 0.5615978295663808 0.6851344020807816
6 0.5826054511202301 0.6179793914675465 0.6108292749306656 0.6171716854113576 0.6124500927056715 0.6738012303142873 0.5842262691095357 0.6746089318865358
6 0.6152608758366114 0.6643761007009209 0.6001813363798192 0.602016563298814 0.648765863681092 0.590269384024198 0.6638456037634342 0.6526286303221619
6 0.7102584556103011 0.6353589911840652 0.6643300167002053 0.6513194280837216 0.6423060110727192 0.5879487097935866 0.6882339397698161 0.5719883682606988
27 0.9046875 0.86640625 0.909375 0.86640625 0.909375 0.90234375 0.9046875 0.90234375