43 0.33309767151570213 0.5334302328125 0.294907944275451 0.5334302328125 0.29490852444473603 0.3408430234375 0.3330972831765848 0.3408430234375
0 0.2939011419623512 0.525864888220861 0.25531428800491085 0.5230720895618013 0.2694439287519117 0.327868481755588 0.30802981797739903 0.3306612456828932
55 0.30490359081329643 0.554900822318531 0.35034252866216775 0.5571764561750179 0.34265207361136163 0.7107186993955104 0.29721313790082604 0.7084430991649022
57 0.24016454082732253 0.5590275696166823 0.30206973618533084 0.5532909518493004 0.3128163192699276 0.6692471130686011 0.2509111324745845 0.6749836680291521
38 0.7004947890436597 0.3735463487429419 0.7004951095093475 0.5501455009115706 0.6605374353936213 0.5501452432529965 0.6605376088656385 0.37354657688406934
39 0.6900528203165095 0.36697447741389716 0.7351775190745684 0.36466347525645465 0.7441931112598468 0.5406919502671838 0.6990684150326842 0.5430029239159349
41 0.709525276123145 0.7248967099756707 0.6582902883076258 0.7301934796277599 0.642141757657555 0.5740045113980142 0.6933751631228233 0.5687078243139642
40 0.7010980482097011 0.5648905101194817 0.7672578085616806 0.570809989431707 0.757689929188814 0.6777344188456662 0.6915301770632141 0.6718149995968109
27 0.5711931147454834 0.4168183123211712 0.5963737764452617 0.4176172965294257 0.5926983792533065 0.5334431470782491 0.5675177178758304 0.5326441694924375
27 0.6073406900121654 0.6564718088680596 0.6468921395203324 0.6482255150041046 0.6693398356799207 0.755874772776752 0.6297884161225511 0.7641209679572362
6 0.3344832086390852 0.5336931739522665 0.29537952711973503 0.5346444187935092 0.29341126497433834 0.45373123234371626 0.3325144623927372 0.4527799934610685
6 0.36785030774842653 0.5555188348502215 0.32782776385556645 0.5545452445787513 0.3297073825381176 0.4772938377063567 0.3697294330720524 0.47826742191728555
6 0.39356443583358214 0.5712209296874999 0.3649221408381891 0.5712209296874999 0.3649222701042163 0.5109011625000001 0.393564274725577 0.5109011625000001
6 0.39194835271803186 0.5267666656710067 0.420553133235785 0.5274991243256983 0.4191428805982014 0.5825688057073166 0.3905381001875412 0.5818363504675005
6 0.30712759058758365 0.5541258671896324 0.3534532292114818 0.5608872947599817 0.3417209383917452 0.6412621809126049 0.29539531075715786 0.6345008029135482
6 0.37615294914132846 0.6650786770221899 0.32557380037201256 0.6448141486586635 0.3514463359058482 0.5802464117163135 0.40202490238243627 0.6005108099643459
6 0.38578500625 0.61264535 0.4154879765625 0.61264535 0.4154879765625 0.6773255828125 0.38578500625 0.6773255828125
6 0.5664780059266832 0.5901163284266921 0.5664781134566965 0.5319767393690202 0.599363479533622 0.5319768430200801 0.5993635358753409 0.5901162677344592
6 0.6623057127610537 0.5726744171874999 0.6163365389824094 0.5726744171874999 0.6163368027200704 0.49709302343750006 0.6623053973440847 0.49709302343750006
6 0.7023481421799715 0.5493615944370994 0.6615688001594435 0.5518415975760343 0.6570930688121734 0.47824836422195593 0.6978719383102998 0.47576837555700274
6 0.7461722556915902 0.5401626497358776 0.70007835547392 0.5443674931440976 0.6922449251999296 0.4585008668487468 0.7383382181321849 0.45429605151951447
6 0.6992315138451204 0.647098134777393 0.6482791097261043 0.6501967286742855 0.643544471768223 0.5723447578862249 0.6944961549485242 0.56924618566594
6 0.5916546575631401 0.6072209467938088 0.6442546323717124 0.5948136329213178 0.6594622746126788 0.6592779028341698 0.6068623270987246 0.6716851379593728
27 0.90703125 0.85546875 0.91328125 0.85546875 0.91328125 0.87734375 0.90703125 0.87734375