43 0.4665696581929524 0.3330975975885063 0.46656986479013085 0.2949080047741069 0.6591568899643789 0.29490832235779485 0.6591570365293364 0.333097562813571
0 0.47413489729581215 0.2939008513735659 0.4769282402758108 0.255314236054661 0.6721316439724205 0.2694442956150126 0.669338646097799 0.3080305893511917
55 0.44509920624716415 0.3049029722865905 0.4428235638335991 0.35034244642353585 0.2892809473636362 0.3426524104161172 0.29155691378457504 0.2972132782286581
57 0.44097176105162816 0.24016438687389888 0.4467093879454751 0.3020696943860546 0.3307534666915899 0.3128162064563445 0.325016166876253 0.25091119681127616
38 0.6264539871069701 0.70049505 0.44985420007128596 0.7004950499999999 0.4498549589027334 0.66053748125 0.6264532923047454 0.66053748125
39 0.6330248364114368 0.6900523184211026 0.6353369531188946 0.7351776592893102 0.4593082019139274 0.7441930218209564 0.4569969918723018 0.6990685316570561
41 0.275103297964165 0.7095240712035735 0.269806146638075 0.658288971705098 0.42599480630599373 0.6421421567816827 0.4312926867066835 0.6933764271395095
40 0.4351097150157557 0.7010973048180613 0.4291893981754811 0.7672576744462808 0.32226424479426896 0.7576901523633891 0.32818527075039583 0.6915305754519412
27 0.5831816902449418 0.5711926769702289 0.5823827243639244 0.5963736086120857 0.46655684848053625 0.5926983959021198 0.4673560641710992 0.5675177280544598
27 0.3435255313677317 0.6073408606019569 0.35177446434306603 0.6468919922929095 0.24412704555868459 0.6693394801519412 0.2358785929595797 0.6297887618261948
6 0.4663068303214004 0.33448307235917824 0.4653555736688304 0.2953795611632834 0.5462687264343913 0.2934112151428479 0.5472201300436836 0.33251457363175396
6 0.4444811025703075 0.3678501873992119 0.44545490801488086 0.32782782017158485 0.5227061724042414 0.32970734680634933 0.5217325350621422 0.36972954782344053
6 0.4287790353511127 0.3935643624985767 0.428779087522571 0.3649221627554652 0.48909882493876466 0.3649222498724727 0.4890988724257568 0.3935643483635622
6 0.47323333986264515 0.3919483040434288 0.4725008541981879 0.42055313953809087 0.4174311170065721 0.41914287530396577 0.4181636972245997 0.39053813592561176
6 0.4458742645398388 0.30712758023481207 0.43911203903883234 0.3534531390010364 0.35873766100348803 0.3417209473086889 0.3655000379606008 0.29539558237438873
6 0.33492134113976135 0.37615285617234834 0.35518882036694777 0.3255750497969638 0.4197537398770237 0.3514464029023829 0.39948649093230415 0.40202401376719993
6 0.38735462969259515 0.38578497994913935 0.3873546750413652 0.4154879926343541 0.3226743893605999 0.4154879530433203 0.3226744611324648 0.38578505990241935
6 0.4098837203125 0.5664780765625 0.46802325624999996 0.5664780765625 0.46802325624999996 0.5993635078125 0.4098837203125 0.5993635078125
6 0.4273254800170889 0.6623055920979903 0.4273256309909357 0.6163365571834866 0.5029068131633494 0.6163367736734066 0.5029070001573928 0.6623054670186187
6 0.4506386468343635 0.7023480604647506 0.4481582485778972 0.6615688232415204 0.5217510098145794 0.657093060601132 0.5242316985073785 0.6978719856934764
6 0.45983782986274946 0.7461720730937004 0.45563224144291326 0.700078369201328 0.5414981575310094 0.6922449991665849 0.5457041351822909 0.7383382681691559
6 0.3529022648330056 0.6992313131205518 0.3498031998493616 0.6482791769092278 0.42765472530425086 0.6435444383583958 0.43075417019952056 0.69449617373482
6 0.39277717909283183 0.591654864481728 0.4051875137654406 0.6442543546155124 0.3407246347090904 0.6594616118603308 0.3283146848277738 0.6068624569059409
27 0.12265625 0.90703125 0.14453125 0.90703125 0.14453125 0.91328125 0.12265625 0.91328125