43 0.4844473943758203 0.28117279581157195 0.4882418401201676 0.2415828236439329 0.6687636832343742 0.25888380056209964 0.6649695577293642 0.29847347743764946
0 0.7102589351395636 0.286564544067982 0.6169881178499281 0.2632473421362156 0.6271059050936856 0.22277677724993467 0.7203764316063825 0.2460939408779835
55 0.4800397764952322 0.25233137216600116 0.4731759935542641 0.29866299579318883 0.3145534388448823 0.27516377362684624 0.3214174653920736 0.22883244876923622
38 0.6868136426830915 0.6312948446871697 0.687699021326921 0.6750759310094726 0.4700499589447418 0.6794740003659894 0.46916554935751265 0.6356938642949086
41 0.3060611100272581 0.6895717556739194 0.29701453272025446 0.634470693854745 0.4601105809665569 0.607695872708141 0.46915787538534914 0.6627960339598896
40 0.3584499422998988 0.7224487241829861 0.35153181886869334 0.6729592682879704 0.48136867342236656 0.6548113042882413 0.4882873639828631 0.704300087529948
6 0.35564609546781867 0.32696924516148734 0.36540039914746103 0.2781999438926191 0.44916930754004625 0.29495391156454837 0.4394152284892243 0.34372301798534394
6 0.3485018621094014 0.6279849202189531 0.3411177503083991 0.5781453405750799 0.4280102247555533 0.565272709493221 0.43539466442962294 0.6151118967376044
6 0.4023999586906939 0.5035999641106176 0.40240004865654555 0.4799998399375249 0.4663999992602612 0.48000003732423685 0.4664000222907134 0.5036000469205582
6 0.4607761019450436 0.47960523041164876 0.3994931911688582 0.47777600860593283 0.4003508077078095 0.44904936278366675 0.46163346949686 0.4508785808711167
27 0.11171875 0.91953125 0.14765625 0.91953125 0.14765625 0.92890625 0.11171875 0.92890625