43 0.3103854804405728 0.5226317304243617 0.27099018092985716 0.522357913927839 0.27237988618276177 0.32251046161553903 0.3117741396746396 0.3227842744011859
0 0.27117246527279804 0.4925437757956999 0.2350554167496739 0.48858384798656673 0.2526000557892303 0.32857879697802744 0.28871635700079423 0.3325386824740979
55 0.29873886746941025 0.5172934323913616 0.3420181684060708 0.5272673800894216 0.3079458170500402 0.675099957842653 0.2646665615511665 0.6651261476975393
6 0.296661229397273 0.5183993524980045 0.34054729361275804 0.5260248421296395 0.33005990409776587 0.5863761382126566 0.28617385005975393 0.5787506879157752
27 0.28748225832885055 0.5719476630390938 0.32621552313128177 0.5784455753337286 0.3102560191341581 0.6735671330440388 0.27152276828326194 0.6670692807666103
6 0.6510144882074655 0.5321869582262947 0.699829197170402 0.5139184080857482 0.7231427929847314 0.5762082989441322 0.6743281374924663 0.5944767472613446
27 0.7300779898449719 0.673363130899592 0.6937088114082144 0.6817274818285451 0.6715523026789469 0.5853991494696476 0.7079207921874513 0.5770348828125119
41 0.7290873820153365 0.6757332683592269 0.6805057399078578 0.6830928472871478 0.6561907640626714 0.5226000825619387 0.7047710354025867 0.5152406070900661
40 0.7795582067165014 0.598479410276459 0.7025898998027742 0.5950752077277862 0.7070140790660844 0.4950676823171825 0.7839810846077171 0.49847185575722375
38 0.6475863068561694 0.3414777792894167 0.6920817347264574 0.34179381555818655 0.690775540876416 0.5256859764396343 0.6462801130502385 0.5253699440400742
39 0.6865519818747998 0.3263965506229329 0.7255838939198611 0.3261131122063617 0.7269083316758724 0.5084906099701709 0.6878764196912925 0.5087740450452602
27 0.890625 0.86484375 0.9 0.86484375 0.9 0.88203125 0.890625 0.88203125