40 0.6785524550969058 0.23208884272237426 0.6964262429602286 0.28780109275232907 0.5624679506241819 0.3307763949771067 0.5445945522601505 0.27506447291647246
41 0.7348806464004838 0.30074624076586615 0.7390200884243541 0.35041070440050803 0.5660284432246954 0.3648275788766625 0.5618894669241854 0.3151635331068752
43 0.5644092705255161 0.6912654179596266 0.562993810531907 0.7320081957430409 0.37995190287324476 0.72564784750371 0.3813681382428058 0.6849058747625271
0 0.30149642224591844 0.7625868320475228 0.2940522352827202 0.7187587846870691 0.43303141312151183 0.695156335871515 0.44047614028477255 0.7389836935673021
55 0.5436288466408996 0.697633512577492 0.5477424518749103 0.6481335573817617 0.7127994183565534 0.6618478615550484 0.7086867279394937 0.7113469485870579
57 0.5366158768258629 0.7454577107604986 0.5435841529960044 0.6951161123025017 0.6948055600238376 0.716044207461462 0.6878382356829889 0.7663849423389332
6 0.5569988888047419 0.6433065191479995 0.628788995964328 0.6629764917741838 0.6145673536148024 0.7148743875402543 0.5427772867254816 0.6952045235786969
6 0.5620947026110343 0.31671948093434793 0.6349140040698558 0.3015002703999057 0.6455083957912393 0.35218962417083677 0.5726891092726873 0.3674087942281041
6 0.5801857964806914 0.35952359649467514 0.5832538741809685 0.39104970910594894 0.5198361892278172 0.3972210106897236 0.5167682371638875 0.36569501523482073
6 0.572838474733544 0.27529688348335235 0.578505884927381 0.3189746484403672 0.5039340065671922 0.3286502947037735 0.49826676478812715 0.28497268582090446
38 0.39311437372725777 0.32281316642482166 0.3932247619369491 0.27968530195067026 0.5763944938540817 0.28015337487184994 0.5762844707820705 0.32328088912445097
39 0.3424145678327477 0.28286032095092883 0.3463879967198409 0.2440725882135672 0.5088884224977619 0.2607184685697077 0.5049152783932414 0.29950593704319434
27 0.853125 0.11796875 0.89375 0.11796875 0.89375 0.12265625 0.853125 0.12265625