43 0.350543836011866 0.49756097656250003 0.3060460628614692 0.49756097656250003 0.3060466712325933 0.3087108015625 0.35054337852545814 0.3087108015625
0 0.30324159563315334 0.4616531643928761 0.2713755498506316 0.45244246251192316 0.3085256163834629 0.3239228121871194 0.34039117587497003 0.3331334387031443
55 0.30275676566009224 0.5095224449382953 0.3558715835451949 0.5196823865787853 0.32085368216473853 0.7027323597635725 0.2677389139399793 0.6925725905779379
57 0.2633914263507222 0.4923704171064239 0.31363547319654117 0.5039961116802805 0.2777162163929461 0.6592175016098067 0.22747222414488988 0.6475919685376254
38 0.6727766041260566 0.5426901952650518 0.6277777230482116 0.5447648999821885 0.6184418136006116 0.3422748309462896 0.6634395180058164 0.34020015261563424
39 0.6626685410813025 0.3386451792553878 0.7047251697377988 0.33737841497961946 0.7104899852189419 0.5287605692340354 0.6684333574024777 0.5300273174177943
41 0.7286080768424199 0.7130087158795675 0.6790112958744885 0.7308198065157376 0.6227392839255117 0.5741429675367968 0.6723346040436127 0.5563321637040378
40 0.7524150739836841 0.6442242508410074 0.7021996360107323 0.6595514774535672 0.6661563134649668 0.5414769426846795 0.7163707005643118 0.5261498883569956
6 0.3985582706486639 0.4514022938605009 0.39317300601089755 0.5249004562743401 0.343591381596525 0.5212676499084341 0.3489768960401989 0.44776976271941765
6 0.4239832560991772 0.4792868340627956 0.41663001249423814 0.5402155533856268 0.3806536263966791 0.5358739459101759 0.3880070167762142 0.4749453998348135
6 0.4505131791071335 0.4959490235664472 0.4820380389350021 0.49858301244261005 0.47643336338830977 0.5656568553052778 0.44490850544650584 0.5630228808348969
6 0.5270572906518964 0.5057363116320264 0.5542351582046194 0.50777419525488 0.550195155615711 0.5616483681386857 0.523017289027166 0.5596104934915296
6 0.6039402926237472 0.55400696875 0.5692933448013946 0.55400696875 0.5692935647848572 0.4850174218749999 0.6039401302721217 0.4850174218749999
6 0.5991847828125 0.48432055625 0.6314538046875 0.48432055625 0.6314538046875 0.544947734375 0.5991847828125 0.544947734375
6 0.4127997459877406 0.46615913821737265 0.4570220675349219 0.4670212864428608 0.45556662533715553 0.5416699471647837 0.4113443040146194 0.5408078038917764
6 0.3307980592392141 0.6147711602567082 0.27672428871483135 0.5972013537830696 0.30526635238254585 0.5093685986356014 0.3593393613581384 0.526938274196408
6 0.3800697702400839 0.6502614688201512 0.32393263670883243 0.6338454408825381 0.3505933295000432 0.5426870003049549 0.4067295834855713 0.559102893736803
27 0.88828125 0.859375 0.89765625 0.859375 0.89765625 0.88125 0.88828125 0.88125