43 0.5212131238786242 0.6591158954114226 0.5208155398707959 0.6959344748773396 0.31230208125464287 0.6936808323416377 0.3127004461885008 0.656863053886242
0 0.49748326929011455 0.696928823476013 0.49510946332213734 0.7293064634712528 0.31906846080562445 0.7164001974179175 0.3214428292294542 0.6840231850003851
55 0.5195459019673763 0.6980972229667453 0.5253173372162792 0.6524439232296598 0.6911249746538033 0.673401325146608 0.685354420804174 0.7190538204947314
57 0.5846509574292895 0.6973264018723926 0.591832389555293 0.7661881112345815 0.5029918372389375 0.7754507491989119 0.49581115494140704 0.7065897288544666
6 0.5825541260836644 0.6859655625681585 0.5455173777746722 0.6444509743340265 0.6061321009709673 0.5903810718790629 0.6431686046876166 0.6318953328125027
6 0.5791080601603653 0.6115875314401072 0.585479550660807 0.580491174561523 0.6442079036014547 0.5925229878328777 0.6378366088251823 0.6236191729681446
6 0.5444744152108569 0.6137370727131436 0.5473788377755682 0.6579000878556193 0.46151170448069934 0.6635459935278265 0.45860767364195 0.6193833492353487
6 0.6497094724719545 0.37199417008183044 0.6116027529000121 0.41072156984153807 0.5555466722261144 0.3555660324918245 0.5936532326287534 0.31683880099451606
41 0.7018272600785167 0.2811532341398985 0.708128273404327 0.33064590538279653 0.5392378398031497 0.3521460140880345 0.5329372690345053 0.30265373232622
40 0.5272784192716244 0.29717590983492637 0.527804513877868 0.22261465657898552 0.6283270000934635 0.2233238888269553 0.6278012046933554 0.29788484089865913
38 0.5335934122373374 0.3103761940516948 0.5345457150664288 0.34877035767957915 0.36018157160913233 0.353094137876595 0.3592296156289194 0.3147003170276275
39 0.3449424690156775 0.31457978255367 0.3441856490082955 0.27801563470575014 0.5251331772332151 0.2742698853774955 0.5258902875817739 0.31083373059792613
27 0.4956398973195064 0.3896747455521579 0.3851832753953204 0.3701053436434688 0.3924508561390212 0.3290869375867888 0.5029069765624854 0.3486562937500049
6 0.5030284597127093 0.347540731503012 0.5432852359105027 0.353959710453236 0.5366041046175951 0.39585886423855626 0.4963473320344747 0.3894399006032459
27 0.8453125 0.0734375 0.88125 0.0734375 0.88125 0.0796875 0.8453125 0.0796875