57 0.6632733719042108 0.7074489989598991 0.6578007728746798 0.7861757707782832 0.5362239684893666 0.7777246760800749 0.5416975669628528 0.6989989959927637
55 0.5297817139710332 0.6984124058523202 0.5371731982703523 0.641628843670047 0.7161772208336288 0.6649254793664592 0.7087869179159725 0.7217079668392726
6 0.6184594100975573 0.6644269277589542 0.5910115213905556 0.7234555459306252 0.528781783575937 0.694522722124229 0.5562297818476054 0.6354945096532106
6 0.6540698802893985 0.6177508436673377 0.6216781239911597 0.6799753518925151 0.5585344806110015 0.6471086373543752 0.5909262995238578 0.5848845404185071
6 0.652693536037873 0.5801059613624355 0.6467221446811209 0.6128301637258382 0.5842508492352181 0.6014315393704346 0.5902223846935613 0.5687075213732676
27 0.6402616265586403 0.6085572843749931 0.644322924713947 0.5835205251535859 0.7516951666783598 0.6009352800637158 0.7476341496294481 0.6259717914470274
6 0.6511629848384928 0.3981610504828804 0.6107745019897948 0.4383526344623054 0.5539287916853937 0.38123096285102964 0.5943170857623272 0.34103956856361206
6 0.6242734130637473 0.3603252280114641 0.5709968350116696 0.3911530749219206 0.5350971079919873 0.3291133012542988 0.5883733727645222 0.29828556931158445
41 0.7192581597057597 0.3072139389384872 0.7235079603786971 0.36316838798885476 0.5430268838392749 0.3768744267610888 0.5387776437870571 0.320920494242424
38 0.36270688221281944 0.35857903443472106 0.35920375207797406 0.3184647517905629 0.5294149839954798 0.3036003124029031 0.5329184266897755 0.3437142511143685
43 0.5266932741019446 0.6637745871941152 0.5223513563818187 0.7112127560011813 0.33136056256364554 0.6937319859986745 0.3357033196108432 0.6462947607699416
27 0.85390625 0.10078125 0.87890625 0.10078125 0.87890625 0.11171875 0.85390625 0.11171875