43 0.3236928357096076 0.519466474709653 0.2795735920593643 0.5112222060271149 0.3097321129583861 0.349842234840856 0.35385038232129773 0.3580864076619866
0 0.31429173389653897 0.4339126201450417 0.26922359194600176 0.4298461084438232 0.2836571640882539 0.2698946893236987 0.3287245363459306 0.27396116610657806
55 0.3033237179038224 0.5165250408620335 0.36023825955282973 0.5222856135148908 0.34198466265434035 0.7026124751863072 0.2850701350040481 0.6968519986619811
57 0.3079346619150556 0.6204215407484822 0.24417197335674246 0.6235193089694446 0.23888687506655515 0.5147301564502399 0.3026483757405458 0.5116324169547879
6 0.3382770023741841 0.6206395986730899 0.27809395213114385 0.5979545291588275 0.3101597446456026 0.5128941959137182 0.3703419712869618 0.5355790961412846
6 0.3883678830034114 0.6489018187694834 0.33257136046916 0.631475776339124 0.3585798170640828 0.5482096498743985 0.4143755342950044 0.565635559173685
6 0.4000819373710556 0.5829314357598688 0.43604433917585084 0.5870423278788388 0.4277975250013242 0.6591778732726161 0.39183512812633126 0.655067009278894
6 0.37937296726636305 0.5485714038480209 0.3304766404918382 0.5509469714881154 0.3255942574664914 0.4504536666887776 0.3744898285394811 0.4480781175764483
6 0.6695180321673888 0.6330964635647336 0.6206524737037853 0.6376183818770669 0.6118967299345286 0.5430054813483983 0.6607614809090592 0.5384836000469251
6 0.7183614114220518 0.5877005122588301 0.6670845436667605 0.5954854926548857 0.6539958488135653 0.5092803341694676 0.7052720026015322 0.5014954078875503
41 0.7285556104793613 0.6735885408031351 0.6751869223655831 0.6799482160840598 0.6547948584252481 0.5088355221761468 0.7081619346146226 0.5024759428934973
40 0.710319250108455 0.5057288823080892 0.7687626050936842 0.5086261788470678 0.7634318036882632 0.6161475955002417 0.7049884505271393 0.6132503255424687
38 0.6592729963465445 0.317981856394799 0.6983561867415347 0.3152198920951091 0.711868844415676 0.5064218085707823 0.6727856577116427 0.5091837392954629
39 0.7199859832333004 0.4142441859375 0.6906779257689095 0.4142441859375 0.6906781041238901 0.2841569765625 0.7199857475045519 0.2841569765625
27 0.8890625 0.86015625 0.9 0.86015625 0.9 0.88046875 0.8890625 0.88046875