43 0.5290696488608546 0.6608910159097301 0.5290699817047653 0.7012023075402931 0.36191834037060744 0.7012020346548826 0.36191870564368855 0.6608914468867639
55 0.5378250849796586 0.7040082591925725 0.5438079502333721 0.6492040976109412 0.7060925037565084 0.6669172017326437 0.7001106616821744 0.7217204184392146
57 0.5369939873885414 0.7601086513380084 0.5416906110397122 0.702781497779435 0.6930537068932381 0.7151796270082209 0.6883581350895156 0.7725057888826118
38 0.354949877890931 0.3371852615700419 0.3570326723342987 0.2949257997542675 0.5473431202161692 0.3043041892133375 0.5452607365685935 0.3465632769659497
41 0.6849518911441237 0.2725036938301432 0.6952210138169903 0.3257435038078313 0.5501102342780086 0.3537314899032663 0.53984153349586 0.30049204408392344
6 0.6526164270208028 0.6205796569899233 0.6186473281502458 0.6798498391823279 0.5573172727828251 0.6447040606620337 0.5912863829369144 0.5854342722613928
6 0.5912572528264946 0.607607481755599 0.5953211193518655 0.5658528155370769 0.6657714266876837 0.5727088458670797 0.661707848769197 0.6144632422576641
6 0.49199881242225274 0.6109457868433239 0.5567421772378793 0.6159663901984948 0.5529107468546499 0.6653687020714447 0.4881673852472659 0.6603481228986957
6 0.49685823952972896 0.6188128671150759 0.5013652624487577 0.5848538008523932 0.5698552622940269 0.5939426110645377 0.5653484789036156 0.6279014615811533
6 0.5813952789274026 0.5643563401757059 0.5813953798644889 0.5968882725529905 0.5203487677370049 0.5968882456826186 0.5203488422291684 0.5643564901018582
6 0.5872093860946279 0.4338755296875 0.5276162712619907 0.4338755296875 0.5276163962398641 0.40240452656250003 0.5872092724900995 0.40240452656250003
6 0.499734043917897 0.34402380093489193 0.5654860704818248 0.339568959255264 0.5686456236257982 0.3862011333873292 0.5028935982513758 0.3906559635080201
6 0.6441533757190427 0.3798577934486802 0.6030732466816744 0.4013781497696229 0.5743959248634383 0.3466382205009945 0.6154758257098365 0.3251179370450475
27 0.38265816829220967 0.36896214657240034 0.38547935917324594 0.3375867880180883 0.5057279240584194 0.3483987550522508 0.5029069581885324 0.379773894982173
27 0.738836814406227 0.3165684132270851 0.7468511284542956 0.3545771938179646 0.6315605518092298 0.3788854807488693 0.6235465125001838 0.3408769453125328
27 0.6460755828126139 0.6110325328125323 0.65001619611553 0.5861488786984529 0.7678173772268337 0.6048011561081142 0.7638770712301266 0.6296845409106848
27 0.5007267380074154 0.597948397946512 0.5008839267825351 0.616652312785046 0.4121797341064166 0.6173970222199173 0.41202269972734484 0.5986932555594593
27 0.8171875 0.109375 0.8453125 0.109375 0.8453125 0.1203125 0.8171875 0.1203125