43 0.33910898418673696 0.5290697671875 0.29879764145414356 0.5290697671875 0.2987981674142475 0.3619186046874999 0.3391085732804413 0.3619186046874999
55 0.29599143125460614 0.5378253401720501 0.350795584503544 0.5438057452073052 0.33308448910850075 0.7060913875800715 0.2782803496260158 0.7001110746292876
57 0.2398910411077395 0.5369946978535086 0.2972180470846979 0.5416890679903138 0.28482188792531815 0.6930528735483734 0.22749488945714802 0.6883585697898136
38 0.662814400728962 0.3549500112265603 0.7050730141270378 0.35703204629204727 0.6956960613390493 0.5473428680433725 0.6534374496914097 0.5452608608657431
41 0.7274966084046355 0.6849522714058067 0.6742558329711983 0.6952197776638915 0.6462686529960138 0.5501090899020034 0.6995080033649401 0.5398417238872317
6 0.3794202174454995 0.6526163550410783 0.32014665285464616 0.618652731295232 0.35529376424744896 0.5573212170578945 0.4145667340885666 0.5912846272950352
6 0.3923924398568488 0.5912577222896567 0.4341470139360126 0.5953204908140933 0.4272912886069662 0.665771121131498 0.3855367184634133 0.661708379935381
6 0.3890546961979453 0.4919985704196216 0.38403335594125565 0.5567421373404372 0.3346308202652608 0.5529107494695837 0.3396523946432808 0.4881674423553735
6 0.3811871136734908 0.4968582929933458 0.4151462081720183 0.5013642584631316 0.40605755631088414 0.5698548468392831 0.3720984668253777 0.5653489067213949
6 0.43564365945246664 0.58139535 0.4031116507431989 0.58139535 0.4031118409689043 0.5203488375 0.43564351106840604 0.5203488375
6 0.5661244116870421 0.5872093561402878 0.5661244997091899 0.5276162739513839 0.5975954314658338 0.5276163605023992 0.5975955028076214 0.5872092831653603
6 0.6559758085204521 0.49973388905659566 0.660431486016023 0.5654860563949708 0.6137990475112929 0.5686455990269812 0.6093436353781954 0.5028936821870682
6 0.6201429212516132 0.6441528158111983 0.5986201917544349 0.6030740124039184 0.6533614287722003 0.5743961656184075 0.6748841880695409 0.6154747383576702
27 0.63103757765316 0.3826583183082557 0.6624125665987322 0.38547901548879027 0.6516012952812389 0.5057276512562222 0.6202263093749707 0.5029069765625002
27 0.6834322982930416 0.7388376645312864 0.6454226162578607 0.7468506617625372 0.6211143099073979 0.6315594054327621 0.659123054687484 0.6235465125000083
27 0.38896732951957347 0.6460755610194961 0.413851162707374 0.6500147024623443 0.3952001792436022 0.7678165189777274 0.3703163571533423 0.7638774288634067
27 0.4020509763291784 0.500726743266997 0.38334764770536367 0.5008836362722191 0.3826036669120185 0.41217962751292503 0.4013067777273136 0.4120227353852711
27 0.8796875 0.8171875 0.890625 0.8171875 0.890625 0.8453125 0.8796875 0.8453125