40 0.37465422955494887 0.7080522906739051 0.47943620313571955 0.6919347444894748 0.49167654246946313 0.7714978703527116 0.38689460200578196 0.787615270625307
41 0.2791869959987707 0.7186333961024701 0.2763344280376714 0.6655927591470451 0.4462598346553932 0.6564539388740163 0.4491132944393712 0.7094936493462599
38 0.44752190984365825 0.7082039209699574 0.44486909018814913 0.6604399729288137 0.6294325899181104 0.6501896485446738 0.6320862659918021 0.6979526710177999
6 0.49313104977625244 0.6621337933689236 0.4271209743685631 0.6674139515968135 0.42322678253697177 0.6187334870852959 0.4892362343325658 0.6134533538653125
6 0.33589429166727314 0.6246535172377287 0.3821778507222007 0.591257337274894 0.42549375541011614 0.6512814583249092 0.3792103956701567 0.6846774002345465
6 0.4802214467891872 0.37157100100243107 0.47866535482444306 0.40269326409645556 0.41424632410996765 0.3994723182508441 0.4158025275745558 0.36835017261294384
6 0.37041961673332935 0.33884556826695045 0.37332450240558046 0.28656237351008496 0.4619618585131775 0.29148683503307166 0.4590572066410914 0.34376981299909026
6 0.532815396266983 0.3011230197696531 0.5236921706799649 0.3467384137874859 0.45623069765701985 0.3332461456608495 0.4653540363431148 0.2876309033077581
57 0.3842913484604651 0.30509364851634085 0.37288782433711276 0.23097096106316434 0.48127608413324197 0.21429611681183755 0.4926798676229964 0.288418468468409
55 0.4625033026946994 0.29162585092367527 0.4583723696579227 0.3449186216574413 0.293903041617682 0.3321695961518407 0.2980343524180853 0.27887725551032605
43 0.45839993692595726 0.33920000446061144 0.4584001000104081 0.29479992103737507 0.6567999501820623 0.294800334083393 0.6568002128072976 0.3391999542019593
27 0.140625 0.93125 0.15625 0.93125 0.15625 0.940625 0.140625 0.940625