55 0.28002987402749113 0.602822257904942 0.3350404591013785 0.6040628892820222 0.3312086132065133 0.7739468773147128 0.2761980288058794 0.7727062680193564
57 0.2851610545570793 0.7180049828434846 0.2147697349680584 0.7218636074485629 0.2088242898256567 0.6134006939039677 0.2792140464680415 0.6095421125077959
41 0.718510839139185 0.7789619385266957 0.6666811092607077 0.7809365936958153 0.660259457626239 0.6123880127364039 0.7120873807948556 0.6104133914661218
40 0.7140126401750422 0.6252903574675787 0.7839022451025812 0.6319016623097551 0.7741752073616226 0.7347143398245924 0.7042856120900751 0.7281031056915928
38 0.6824640537082587 0.4360852962137466 0.7219249965709196 0.43579659636454277 0.7230791555848555 0.5935407959095568 0.6836182127940447 0.5938294921496551
38 0.7031650706809387 0.5788147880867864 0.7128864752965001 0.5835443615963154 0.7050021430965216 0.5997485024954882 0.6952807434228134 0.5950189366403
39 0.7276034220991505 0.4972544923684842 0.6900797753506822 0.4957007418624187 0.6950993029896608 0.374493021165712 0.7326223421686109 0.37604675902128404
43 0.3103519824863952 0.5925297371441313 0.2643385431922525 0.5883202891874078 0.28098373796024134 0.40639504441456187 0.32699588575280814 0.41060443229164323
0 0.29045400823224554 0.5032897862386189 0.2472169405425575 0.49882753350326053 0.2602765210643838 0.37229856470531053 0.3035128583439928 0.3767607793418099
27 0.35951144563773596 0.5365973851917273 0.3169395114503004 0.5409012629130919 0.30536455035655763 0.42641233396757866 0.34793579191216395 0.4221084908487681
6 0.6139863731535797 0.6044841833163141 0.5852937834149543 0.6051187001627937 0.5838734659711236 0.540891650496468 0.6125657345933178 0.5402571371994199
6 0.6439331691561847 0.6035268535516938 0.6159565924871231 0.6063923235901156 0.6091905634500563 0.5403382982186009 0.6371668209581003 0.537472844586539
6 0.6807543433694718 0.5166951230590581 0.7195240660729496 0.514476049758361 0.7241957283794136 0.5960878853346112 0.6854260069850397 0.5983069432809546
6 0.6630126096529239 0.686046555697737 0.6630128440675662 0.6126452058161943 0.7125176558196245 0.6126454541736861 0.712517781867291 0.6860464413410676
6 0.6096570998103061 0.6282541680778336 0.6601037505972727 0.6225905678728462 0.666859370298539 0.6827563359320235 0.6164127254602363 0.6884199017890941
6 0.3219630419667965 0.68128816447821 0.2664579004630241 0.6618206896957695 0.2875976312222974 0.6015562681094466 0.3431021404277317 0.6210236216502946
6 0.3354703462573525 0.6075791053357985 0.3904683483743838 0.6114014887917992 0.3853772330605807 0.6846454087466697 0.3303792337935647 0.6808230529469104
6 0.41354348660047435 0.6308095990346309 0.44410631823927815 0.633287734053197 0.43924590497385907 0.6932233543119092 0.4086830751608659 0.6907452343154175
6 0.417511149257507 0.6824477375564775 0.38448198169101033 0.6847432593092653 0.380468856705761 0.6270055202308802 0.4134976432502526 0.6247100117934478
6 0.3691300267760198 0.5991973236874456 0.3178471850143296 0.6041872865908974 0.3110087726391839 0.5339112292103967 0.36229099600518566 0.5289212965347915
6 0.42152332190767083 0.6072880498390868 0.386405065813733 0.6041815951299921 0.3921755494767467 0.5389556294404192 0.427293408051014 0.5420620665115309
6 0.6386138625 0.51889535 0.6842291375 0.51889535 0.6842291375 0.6082848828125 0.6386138625 0.6082848828125
27 0.903125 0.8734375 0.9046875 0.8734375 0.9046875 0.89375 0.903125 0.89375