6 0.3008159931773662 0.5406155921072111 0.3411365586410966 0.5205114021918745 0.3821282460688735 0.6027157987579004 0.34180778564325465 0.6228198288807983
6 0.3383601180039477 0.4360303912999219 0.3770952504119123 0.44037328499444595 0.3681829126193179 0.5198588324897728 0.3294477842460992 0.5155159641290888
6 0.35902941419954004 0.569452361549536 0.4065963653009703 0.5721394614293162 0.40202314296539043 0.6530856281222762 0.3544561937059143 0.6503985484045316
6 0.6221082903193746 0.6530344432781786 0.5745203995776365 0.6561169953648945 0.56947384006628 0.5782123212238419 0.6170610509009293 0.5751297909100123
6 0.6288842189926527 0.6235465454375229 0.5913832634863638 0.5908198641697177 0.6458117477545784 0.5284577743517883 0.6833123833633863 0.5611842192099173
6 0.6623403065183311 0.5132592432859663 0.6199105034742161 0.5243591635603541 0.5980478999383649 0.4407937280932833 0.6404771888496725 0.4296938791911618
6 0.5719666560048609 0.4635172278196986 0.6117557052335769 0.4589146111487584 0.6224009613181352 0.5509346040906604 0.5826119178580029 0.555537187628995
39 0.6167650794783412 0.28002616608959563 0.6633104156288709 0.27523722294274683 0.6785120567292324 0.42298188840706874 0.6319667258738946 0.4277707928258895
38 0.5966674502757314 0.3299121335296883 0.6387744635622994 0.3262402611177464 0.6556213629615968 0.5194214587917002 0.613514356243968 0.5230932843347276
40 0.7262241999692378 0.6241735896020236 0.6745574841252164 0.6364180877006848 0.646646186570365 0.5186540203623998 0.6983118587422723 0.5064096511727948
41 0.6911424931158763 0.6903418912023866 0.6398781079286664 0.7021920184578889 0.6029691953114025 0.5425382294078949 0.6542320530891175 0.5306882866599497
55 0.32487972721992264 0.5231068641415254 0.3752984392400549 0.5388533432236677 0.3264468232806621 0.6952545159152035 0.27602821725952253 0.6795082759869218
0 0.37692992937877534 0.42893296477570186 0.3120885376813476 0.4236823707790746 0.32237361327850067 0.2966796871155622 0.38721409311040134 0.30193024392346324
43 0.36897036199093236 0.5190800456154538 0.3258428563046891 0.5135172002907141 0.34998079045749364 0.32639786798174686 0.3931072347401141 0.3319606428330823
27 0.85078125 0.83125 0.86015625 0.83125 0.86015625 0.85625 0.85078125 0.85625