6 0.2770320333145264 0.4994521206236929 0.32666260230530497 0.5077524287209993 0.31311787667880253 0.5887342457892337 0.2634873221769567 0.5804339938227767
6 0.32407040473549387 0.5363959400396239 0.3732031908467661 0.544933053359219 0.3593475909856352 0.624666885202021 0.31021482062431005 0.6161298325151846
6 0.41089104931984366 0.6380833365300641 0.35630320050245246 0.6308403726139541 0.36671606226514086 0.5523739569790951 0.4213031427132137 0.5596168694416156
27 0.3739422457197179 0.735466426185217 0.33000967564464645 0.7234197778526414 0.3614852750522459 0.608650959403483 0.4054167998377807 0.6206974535372966
55 0.32138062226988495 0.535297103188026 0.37190822522586586 0.5411500118733031 0.3509678546043915 0.7219059923153232 0.3004402681524425 0.716053184740062
57 0.2728251506206334 0.4998929223067414 0.32540696485864373 0.5039321951453736 0.3125063780319124 0.6718512769205506 0.2599245701263726 0.6678120639453667
0 0.3101338713457835 0.4812031100631352 0.2726951969386846 0.4741194310682209 0.29787444207488534 0.3410513251641566 0.3353124948122286 0.34813494353238655
43 0.34701318250085933 0.5304374523468465 0.3058526591611326 0.5270998361178607 0.3210059483552641 0.3402451869128897 0.36216536974018254 0.3435827559889694
40 0.6922028034076675 0.5620027841746881 0.7714897304180113 0.5817182686234031 0.7462141086247129 0.683353748797034 0.6669272498364762 0.6636384603366793
41 0.7014567631506452 0.7251810740648856 0.6499605086256679 0.7309121831632283 0.6312078737532829 0.5624269404400682 0.6827024571758784 0.5566959242642389
38 0.6570014140625 0.37572674375 0.6941301265625001 0.37572674375 0.6941301265625001 0.54360465 0.6570014140625 0.54360465
39 0.6854817065387806 0.3604503735690738 0.7291312592157055 0.35906535775413423 0.7344469761584378 0.526583865007621 0.6907974242711816 0.5279688650070163
27 0.91640625 0.9140625 0.92265625 0.9140625 0.92265625 0.9234375 0.91640625 0.9234375