57 0.3078409918980469 0.6174494588286941 0.23305698884541926 0.637373768914746 0.20717537486302717 0.5402372451406278 0.2819581122182626 0.5203131132716835
55 0.2978491841487312 0.5286309483372738 0.3516930423594431 0.5372121535577286 0.3230809174750675 0.7167226298668652 0.2692370918443885 0.7081415718074434
0 0.28581349393425626 0.4719245059081615 0.24358726231719174 0.46513741740462244 0.27020638072553993 0.29953663836406125 0.3124317629634561 0.3063236555398128
43 0.3158732560066255 0.5255304498647364 0.275316861707779 0.5201974576478294 0.3008374409391763 0.32613545046672543 0.3413927855427801 0.33146837130741447
39 0.6980391366779486 0.3013741561895025 0.7417094520965293 0.2948212574561271 0.7679509965940952 0.4696949235106612 0.7242806966052058 0.4762477535039728
38 0.6779538111468355 0.33020679402724135 0.719754969091241 0.32701657510926757 0.7349755491992482 0.5264401800397392 0.6931743960525409 0.5296303564780658
40 0.6952037644856546 0.6262607352096506 0.7219527925954026 0.5299616164401609 0.7931766025277511 0.5497436327509853 0.7664283207963081 0.6460421099162039
41 0.7278544493071877 0.7257742197604503 0.6789201746429399 0.7310646093187617 0.6594664260466061 0.5511385444580773 0.7083990173815664 0.5458482458040844
6 0.3783593616044527 0.6526163245770717 0.3216790457489651 0.6265315453662716 0.3523174511584557 0.5599649414870321 0.4089971245043671 0.5860495499411542
6 0.36034969872173406 0.5520649936770464 0.313054844418275 0.5447436398450239 0.32541424129374263 0.4649121819676059 0.3727085035508253 0.4722334886196663
6 0.6157223182536882 0.5794226757959132 0.6636504739441307 0.5711487527238216 0.6761665356108324 0.6436423101085916 0.6282383939594638 0.6519161766590982
6 0.689090420792013 0.48225804430185615 0.6956713802195509 0.5501330731375077 0.6478242722965888 0.5547715825180828 0.6412435924297597 0.486896812637202
6 0.5807787426133473 0.48302604547267347 0.6161812766378034 0.4813856472187937 0.6202456612480773 0.569094780402001 0.584843128045577 0.5707351671267303