57 0.44675709111402284 0.21738866029391385 0.44792697260038494 0.28950561303809413 0.3265621096262521 0.2914739141608273 0.3253925735617713 0.21935730486270089
55 0.252463389115519 0.30529330193384485 0.2663441564919822 0.24661083352725097 0.43580372439873827 0.28669335320282163 0.4219234853887883 0.3453753707693139
0 0.49494084298521557 0.2833451254829823 0.5064358207660007 0.23401316393802898 0.6489243727995699 0.2672139199165702 0.6374297500801731 0.3165455682531262
43 0.46170682777494676 0.33243372757398826 0.4609564497915244 0.28614688067568383 0.651970820080578 0.2830499510834199 0.6527216066839401 0.32933635677677103
39 0.665260974646344 0.6787997415656645 0.6733670577599469 0.7270711672532373 0.516794415557797 0.7533578041250986 0.5086892713054567 0.7050872048895378
38 0.6264530263517827 0.6673190574869541 0.6275340981343334 0.7134844676288552 0.4323780815503824 0.7180505818122995 0.4312979790438476 0.6718860864573818
40 0.4128033000082496 0.7188840713725312 0.40221121350271005 0.7904048768670732 0.28918301636269916 0.7736672481050357 0.29977586396557854 0.7021473629806574
41 0.2261026041750256 0.7221062943596915 0.22364296030127662 0.6698521749998818 0.3980130657529344 0.661644282178216 0.40047362470352255 0.7138974496288756
6 0.3291994093184485 0.6696349567989973 0.3934621558216804 0.6591543741845457 0.4018930694304572 0.7108420523643224 0.33763033589377756 0.7213225772937554
6 0.5080792375393912 0.6695299313739658 0.5104646515345621 0.7136414000849041 0.43250978931382633 0.7178558063230119 0.4301247576785272 0.6737447010729627
6 0.4046179983528191 0.39674556790618726 0.3342500852370449 0.38117147496719955 0.34708463680829027 0.32318531268144385 0.417452100854689 0.33875935343195024
6 0.3471499402862719 0.3246725404104217 0.36467117829079143 0.2670585615804001 0.4366945930859174 0.2889612711884788 0.41917359103138097 0.3465750502730125
27 0.10703125 0.90546875 0.13984375 0.90546875 0.13984375 0.91953125 0.10703125 0.91953125