57 0.49953681730823973 0.7147928679603996 0.5939347079347499 0.6773962060452209 0.6264996938805325 0.7595850059119149 0.532102006074183 0.7969812970077653
55 0.5250241035199679 0.6938812757185598 0.5354876847507057 0.6430704427779725 0.6926030934824894 0.6754204122095789 0.6821404893976251 0.726230385087629
0 0.44257797146963185 0.707050149929204 0.43388082501292047 0.746689804309967 0.2712609189726436 0.7110142249023697 0.2799585675408025 0.6713752977476103
43 0.5121622763541609 0.6699615713206216 0.5096752937946576 0.7114125045112062 0.3153665614258898 0.6997540050304785 0.3178543289852769 0.6583039305913685
39 0.33769323878368596 0.3117555702988339 0.33599997203202747 0.27506424257766554 0.49064888719226474 0.26792709405883974 0.4923423928776174 0.3046181735256051
38 0.35248435016296753 0.33421609952539516 0.354076046210821 0.29681950334922086 0.5327139692857372 0.3044220205515785 0.5311226125561461 0.3418182862124517
40 0.6249877019669157 0.23961206864378182 0.6370565078442496 0.28699112861631587 0.5044772510759685 0.32076153308585076 0.49240876528153876 0.27338274788299244
41 0.6726229788730507 0.26120608181576715 0.6924609645246846 0.31145999225479726 0.5515719450079359 0.3670742581815789 0.5317343855376748 0.31682070758465625
6 0.5876355225506131 0.4017527280586053 0.5694765973715903 0.3507130940465672 0.6362409863094172 0.32696057745830964 0.6544000017463532 0.37800000490831653
6 0.625600139479161 0.33439976814389066 0.6028237492146218 0.37226094003363325 0.5286753728472604 0.32765632520212734 0.5514517588316039 0.2897953139572735
6 0.6118106987005376 0.5248263513831183 0.5283496232822245 0.5363373427491795 0.516345589439311 0.4493037944751697 0.5998056065225228 0.4377928764671704
27 0.7438519711420213 0.31269244584865674 0.7547754017726902 0.35872444333499703 0.6401195184012067 0.38593096620634587 0.6291964246905764 0.33989926487506633
27 0.5424000025517444 0.4455994526309095 0.5423062985397564 0.46570038644786776 0.41914804131442907 0.4651255049721893 0.4192419161227008 0.4450247372033674
27 0.89609375 0.06796875 0.91640625 0.06796875 0.91640625 0.07265625 0.89609375 0.07265625