27 0.6167704335833832 0.6171486275309139 0.6147245623120625 0.6549920899907054 0.4869037713731359 0.6480819523860694 0.4889500812627148 0.6102389654318348
27 0.23285929176802256 0.6230183970675172 0.23055971049848267 0.6041147321850119 0.3277616265625056 0.5922913718750323 0.330061354411896 0.6111948648615319
57 0.48877952613941034 0.21826982470902062 0.479558608126581 0.2837377834559147 0.3614300751265773 0.2670997329652368 0.3706512322896742 0.20163206245659757
55 0.45446329193850943 0.29266870104277487 0.44935707903971434 0.3451424720357482 0.2776774174842558 0.3284360219331566 0.2827840064154543 0.27596268702968524
0 0.5484758186346426 0.31902074345299025 0.5436351428488706 0.2796393150059626 0.7023310736863095 0.26013284183555796 0.7071719867740285 0.2995139918917981
43 0.4546534940724314 0.3368122490018152 0.45570469061567564 0.29491241448036726 0.6398800541982155 0.29953253370331917 0.638829242166139 0.3414319741783206
38 0.6182019986976002 0.6274264733652538 0.6264020406043755 0.6719957133102672 0.4517557945800945 0.7041213735612852 0.44355665929765564 0.6595529267370785
39 0.5327533060476526 0.7035765622338267 0.544580816964185 0.6511321151180831 0.7000574747389692 0.6861903379943015 0.6882309870285326 0.7386338907109913
41 0.2690887488372482 0.7175265444634048 0.2633361010466615 0.6632000089521383 0.43658923497298474 0.6448553993908324 0.44234274819461916 0.6991809693515109
6 0.3773234228719957 0.7140525491682883 0.36069101200905607 0.658511365893985 0.425891504340143 0.6389890067040543 0.44252414100515125 0.6945298046383128
6 0.405917311474127 0.5942696346023605 0.4201086676310979 0.6493546763669371 0.3490692403270259 0.6676537228071511 0.33487833855690496 0.6125690755532888
6 0.32776162656249996 0.5809759546875 0.3960755828125 0.5809759546875 0.3960755828125 0.6120933515625 0.32776162656249996 0.6120933515625
6 0.4307941249722944 0.6523325347142684 0.42795917638738956 0.6159193802607917 0.5005023415246797 0.6102721090633451 0.5033375223202938 0.6466850076690475
6 0.43168605074333755 0.3391088910624368 0.4196307474638843 0.4010483643809082 0.3432300730149791 0.3861788568178918 0.35528557518011894 0.3242396587306688
6 0.4529145735839393 0.2964848635953129 0.44117474584334104 0.3495654708636131 0.36723774647043683 0.3332131672845612 0.37897770849724566 0.2801327594260288
6 0.45449628314611346 0.3337933847062728 0.4574734496354722 0.29341226959943995 0.5331065461432445 0.29898824503500343 0.5301295367578405 0.33936921129734293
6 0.5127203898250627 0.3409023710951398 0.5070496635279369 0.38985152332587786 0.4340561101844287 0.38139532738314846 0.43972700797212383 0.33244636796580795
6 0.46943021468155166 0.5967818710143479 0.38926288381492213 0.5945250815979809 0.39011087295818925 0.5644105398345785 0.4702777781703844 0.5666673232693982
27 0.11015625 0.91796875 0.13046875 0.91796875 0.13046875 0.92734375 0.11015625 0.92734375