57 0.24815840925168686 0.574120884313012 0.3015524565232681 0.5809568433767199 0.28459720274315714 0.7133743373646404 0.23120317266523216 0.7065384675111043
55 0.2970521334126488 0.5734730958446791 0.34781714757025384 0.5802086938990639 0.32836790423664297 0.7267762546431284 0.27760290894980244 0.7200407549176765
0 0.28905663134253246 0.5503659955304675 0.24547988496362905 0.5389498312517567 0.28113341423443217 0.40286824557414497 0.3247093077887939 0.4142842917694628
43 0.3249319871466696 0.5700503917004552 0.2880952156396006 0.5657832054785787 0.3076543283830233 0.39695614008105523 0.3444901640560829 0.40122327065831087
40 0.6870600070685668 0.5901262203019936 0.7356946245203062 0.580383451830735 0.7594718433949765 0.6990619470524597 0.7108372609034177 0.7088045995599213
41 0.7262829826964889 0.7286434196211143 0.6779184282992219 0.7383913183692267 0.6489354727847285 0.5946079368495054 0.6972986640497538 0.5848601781521071
39 0.6765391544170143 0.42036015375017216 0.717007902682667 0.41439796596063444 0.7374912980110366 0.553420934897415 0.697022563509222 0.5593830600008483
38 0.6590763156292496 0.4039048386704445 0.6981709766278072 0.4048105750604993 0.6940132148274643 0.584261016527105 0.6549185541749694 0.5833552926259474
6 0.6661952095048491 0.6577035153257531 0.6393523530497305 0.6181415781392909 0.6901268688242226 0.5836949839174319 0.7169696741379994 0.6232566952553364
6 0.62446964303183 0.6882268078008305 0.5913536646620514 0.647752780657744 0.6469034155533109 0.6023075760834445 0.6800192358258528 0.6427813219162748
6 0.6935112883721786 0.5230290432289825 0.6975559006369849 0.5814029984837554 0.6580942739983584 0.584136791620668 0.654049868864945 0.5257630316662161
6 0.6598097481629566 0.5902810611741665 0.6355069833472271 0.5921285128605391 0.6299608607716891 0.5191758431287047 0.6542633239910174 0.5173284030169336
6 0.6374916294072364 0.605434213037164 0.6064624644034211 0.6072827189800077 0.6016415805679571 0.526364168507217 0.6326703032009391 0.5245156759739092
6 0.6131908364553738 0.6170545884486791 0.5790054460676402 0.619034540242693 0.5747811861580203 0.5461033311338414 0.6089661290385493 0.5441233924504648
6 0.5558698734374999 0.5494186046875 0.5855728421874999 0.5494186046875 0.5855728421874999 0.6286337203125 0.5558698734374999 0.6286337203125
6 0.5808348163432129 0.6342323649801465 0.6117480144381489 0.6308903113689964 0.6184686391208061 0.6930464405049735 0.5875554443729243 0.6963884731386741
6 0.5542293399483924 0.6451208138578631 0.5845031831718188 0.6408449093120772 0.5922609748877221 0.6957635791958302 0.5619871367576934 0.7000394596290153
6 0.46299620987304024 0.7100702743022169 0.4353217946808172 0.7091086015512259 0.4375266678458729 0.6456740857719238 0.4652007244532115 0.6466357523304278
6 0.41317809150484663 0.630398037088615 0.44376681531889517 0.6331037389354682 0.43795746712009986 0.6987714384505516 0.4073687457179176 0.696065754628079
6 0.49468212905424025 0.6311344852237347 0.46126186711171613 0.629689220128531 0.4645219409035235 0.5543172352205673 0.49794174313285566 0.5557624902880312
6 0.44672589615890956 0.5417807654911435 0.47444039428614815 0.5448254231582491 0.46659066869426624 0.6162716976174486 0.4388761738299536 0.6132270593300007
6 0.44936277951046577 0.6079630968949116 0.42020344607294646 0.6087975942850639 0.4182572069252046 0.5407923372875298 0.4474161936609562 0.5399578448596681
6 0.4216025506340202 0.6112668483429704 0.3942288221954868 0.609217980101215 0.3998621888810021 0.5339644929237737 0.427235551991771 0.5360133472733364
6 0.4068653899535093 0.5317973163872717 0.4023440084046115 0.6065926115445955 0.3647770443635636 0.6043217652395358 0.3692986543818506 0.5295267176861063
6 0.3743545570586093 0.5924271391077193 0.3295396626782576 0.5959437800234545 0.3228508459501427 0.5107075583971168 0.3676650833980375 0.5071909437910325
6 0.3270299265665244 0.5720927839076299 0.2891786770410363 0.5705143170623621 0.2928988332945437 0.4813199674516518 0.3307495313521258 0.4828984226448891
6 0.2765894100623427 0.6117463100728902 0.308789369897454 0.5703738287309403 0.36317556088647507 0.6126976348905134 0.33097588800524136 0.654069852864775
6 0.3415841466697884 0.6104651148384139 0.39072021072354346 0.6208238972976956 0.37596292793216435 0.6908150621915652 0.32682688728334597 0.6804563530147686
6 0.40806444100451245 0.6993600677681381 0.36923889224635786 0.6912649843086377 0.38311618200521025 0.624717402410902 0.42194122312810123 0.6328124316898537
27 0.33486553671400543 0.6584302099180173 0.3765225857096084 0.6686881432672122 0.350533996426293 0.7742104748563021 0.30887699091806553 0.7639526639779255
27 0.37906644981012505 0.6853197645457638 0.40446488892018806 0.6876893965407573 0.3947777042139933 0.7915027247564821 0.3693792686552797 0.7891331207106288
27 0.43741159212538605 0.7049418608816692 0.46151283550409516 0.7051550376169977 0.46058782533623344 0.8097166974318741 0.4364865819854913 0.8095035232746156
27 0.5533946875458469 0.5537790670354216 0.5354860051680816 0.5547173888238868 0.5306408756506471 0.46224861830954145 0.5485493043954648 0.461310303135975
27 0.6206517853958076 0.6702202792245582 0.6622068260410288 0.6594511015557554 0.6889651159775667 0.7626877752032851 0.6474101211407515 0.7734568272586573
27 0.9265625 0.85625 0.94375 0.85625 0.94375 0.8875 0.9265625 0.8875