27 0.6171489697200059 0.3832296018033468 0.6549921668949992 0.3852753851301593 0.6480818510777908 0.5130962190247204 0.6102386553321821 0.5110504533413294
27 0.6230188811181279 0.7671408631483893 0.6041149791710723 0.7694399964172518 0.5922913718749214 0.6722383734375049 0.6111948707999773 0.6699392650164163
57 0.2182698590089558 0.5112209125562206 0.28373780413505756 0.520440981311025 0.26709979189229216 0.6385692807017994 0.201631866669004 0.6293493081935176
55 0.29266904626751966 0.545536823392688 0.34514250849974815 0.5506425739457922 0.3284359331145197 0.7223219143536118 0.27596248220470443 0.7172162480583367
0 0.3190211299439625 0.45152416649397403 0.2796395305341548 0.4563647834079059 0.26013273458647745 0.29766882270888784 0.2995136223728423 0.292828250072867
43 0.3368126258129678 0.5453464047466464 0.29491245375322706 0.5442955969942358 0.29953230073181203 0.3601199447292281 0.3414313526005799 0.36117073795923743
38 0.6274277616053041 0.38179686340414953 0.6719966088105593 0.37359925428772356 0.7041214744750732 0.5482454883695584 0.6595526558063511 0.5564429935471467
39 0.7035768560940596 0.4672462191841785 0.6511318153976617 0.4554215093121632 0.6861895793832673 0.2999433616635376 0.7386336541843548 0.31176795657712003
41 0.7175276181876598 0.7309111456516415 0.6632015128840294 0.7366635179981613 0.6448549015428853 0.5634099544482984 0.6991792080624464 0.557657676327341
6 0.7140538040614501 0.6226799130440982 0.6585113425163627 0.6393088816135589 0.6389880596273088 0.5741050489038956 0.694529889955902 0.5574761799593521
6 0.5942694371324251 0.5940806626540285 0.6493550538617683 0.5798927223815544 0.6676545601634416 0.6509338092002929 0.6125689795300104 0.665121651623612
6 0.5809758312122995 0.6722384366221036 0.5809760711938452 0.6039243652977844 0.6120933822031702 0.6039245044661001 0.6120933479285213 0.6722383719206184
6 0.6523327653831075 0.569206053078237 0.6159194051376744 0.5720405903275713 0.6102721007573564 0.49949760754149264 0.6466850265787798 0.4966630874110247
6 0.3391089094233166 0.5683139528303226 0.40104870015659344 0.5803677418220881 0.3861788389842786 0.6567697199242142 0.32423907440102084 0.6447160182616904
6 0.29648485173095196 0.5470856106300785 0.3495657475335747 0.5588241038850018 0.3332131397877447 0.6327621758708697 0.28013226989935447 0.6210237619538065
6 0.3337935447500513 0.5455035516060889 0.293412215706212 0.5425268135376865 0.2989882482668236 0.46689349179811784 0.3393690993208338 0.4698702119920438
6 0.3409024503444016 0.4872796524182314 0.3898515565102798 0.49294984959149707 0.3813953560028267 0.5659436248592757 0.33244625543500206 0.5602734612981944
6 0.596781956312384 0.5305698520286307 0.5945250156115662 0.610737066322194 0.5644103718926772 0.6098892215232995 0.5666675176104263 0.5297222211312906
27 0.91796875 0.86953125 0.92734375 0.86953125 0.92734375 0.88984375 0.91796875 0.88984375