6 0.2634867882808294 0.4151979014361539 0.31099826257013774 0.41712422998038934 0.30743004297278276 0.5051262190742152 0.25991856932148494 0.5031999025416498
6 0.33199349083531615 0.515767132814548 0.3179112391142098 0.5785718553803049 0.2711480923333056 0.5680871901542103 0.28523051788636167 0.5052827112818249
6 0.6467771791820951 0.4306158426414417 0.6966313500259957 0.435025938131269 0.6898376513146331 0.5118205901350789 0.6399834838083507 0.5074105192853289
6 0.687660981315048 0.41410234876551444 0.7374220968154077 0.41328165902784164 0.7388314227277988 0.4987284717579075 0.6890703072907627 0.49954915657568505
6 0.6807922561683881 0.5666618056975563 0.6699388849350498 0.5032951870947862 0.725299425930416 0.49381384545694096 0.736153022012104 0.5571801824930925
43 0.30648722422984065 0.5056054804255845 0.25311255301676283 0.49633090418602965 0.288607041331602 0.2920775254043223 0.341980402299896 0.30135198540383157
55 0.2974082422946367 0.6967123156565213 0.24963190281164316 0.687673081573846 0.28412795887811626 0.5053733917210196 0.3319027256530944 0.5144124733015817
38 0.6708565089572858 0.30561388222186636 0.7242512964111256 0.3002280842134259 0.7439541757247525 0.49555396393710494 0.6905593985040923 0.5009396977399702
41 0.723795313764299 0.6832857990814737 0.6701006363872466 0.681246916058189 0.6771802959218576 0.4948498786207354 0.7308732089884415 0.4968887284981051
40 0.7334685063744928 0.4963900923097274 0.8129453619138758 0.4975984280127218 0.8110919181270901 0.6194956326357045 0.731615062861465 0.618287309378758
27 0.28005657598646394 0.569040696863789 0.31770851120347743 0.5697734168373165 0.3152655408728151 0.6952943428657266 0.2776136058521388 0.6945616318505148
27 0.7260674485662548 0.4318611367790559 0.6850091612025153 0.436432069582104 0.6703734093655385 0.30497038508307867 0.7114311447257933 0.3003994814112425