43 0.45681854219856177 0.35578781220157407 0.4552874743792472 0.31608780579902196 0.6171774523287468 0.3098441026212334 0.61870883311542 0.3495437798597529
0 0.4750294567079436 0.3145741574338822 0.47893498774817544 0.27871199796317675 0.619690762700543 0.2940401388598672 0.6157854893631338 0.32990206040068965
55 0.4236991159837089 0.3216208288238992 0.4217064257583161 0.3631886560172714 0.28973227325263906 0.35686166349698895 0.29172523156000807 0.3152941177293399
57 0.4660851693317909 0.2883088203373898 0.45108842939055194 0.3379121305307425 0.32563275115421675 0.299983201587117 0.34062965714667826 0.2503801783725584
38 0.6417867811194355 0.6499859722805431 0.6420446949799725 0.6934674289717714 0.47051898394283853 0.694482342102355 0.47026183615741957 0.6510016259097962
39 0.6181235078363443 0.6762522976541113 0.6239953811701753 0.715570937792662 0.4918618229511367 0.73529958179685 0.4859905788521246 0.6959815038360541
41 0.2891985147540481 0.6813858783303016 0.28919896205638906 0.6324722573599726 0.43484299835108686 0.6324729611054142 0.4348432656178147 0.6813858637799676
40 0.45782814276833506 0.6978886217035549 0.4350503224991371 0.7715155471859888 0.3384437764940458 0.741632316628564 0.361222055099347 0.6680061912623513
6 0.3616223776781453 0.3499948017971053 0.4239004679457139 0.3706800585334442 0.4075521636634676 0.4198984384908588 0.345274103868519 0.3992132450458468
6 0.44463491929320753 0.39433457750965134 0.44634199714857914 0.352312541121027 0.5200259191403802 0.35530567692845627 0.5183190254605279 0.39732753360879436
6 0.5327903313543629 0.6520455123251901 0.46151042078804494 0.6584585887443045 0.45729543167431075 0.6116128373073924 0.5285747041006061 0.60519978968566
6 0.4090592073088146 0.4707880648609803 0.40905925693687095 0.446331484224655 0.4675957762717644 0.4463315482743877 0.46759582656670773 0.47078802846964174
6 0.39512192727568163 0.5023777107721635 0.39512201858224216 0.47282600484832055 0.4550522629792795 0.4728261753652118 0.45505230310675415 0.5023777477597676
6 0.3964263595032662 0.5362439731146239 0.39527681618926636 0.5055856783852483 0.46230700900207466 0.5030725152858737 0.4634567083884349 0.5337306453442662
6 0.4147252882924022 0.5616004712167785 0.4135781036758317 0.5357125016059897 0.4721245000298495 0.5331182959244843 0.47327180516413137 0.5590061379694288
6 0.35736626644916214 0.5928618380456643 0.42235963385769537 0.5780481921431386 0.4344482183545324 0.6310798021362413 0.3694548750250988 0.6458933731576374
27 0.075 0.928125 0.10625 0.928125 0.10625 0.9328125 0.075 0.9328125