43 0.35578832451813014 0.5431813860120621 0.31608795997078687 0.5447126789688792 0.3098436875916377 0.38282250644947147 0.34954314045876345 0.3812912311650244
0 0.31457437232461416 0.5249704229669487 0.278711981147012 0.5210654618817734 0.2940399628131445 0.3803094068388048 0.3299016600554978 0.3842143297987768
55 0.32162130395931854 0.5763009103352963 0.3631887432856047 0.5782935725422553 0.356861412012222 0.7102674654867064 0.31529397431063444 0.7082748290402961
57 0.2883088827679785 0.5339150693952562 0.337912586327775 0.5489102184454764 0.29998321235439107 0.6743663784376777 0.25037958577502195 0.6593714102431424
38 0.6499877971243677 0.35821310903090536 0.6934686627097335 0.35795622846057856 0.6944820718285882 0.5294811595312172 0.6510012063135946 0.5297380370705582
39 0.6762532108185724 0.38187571497809936 0.7155716111982429 0.37600569959487 0.7352995093409618 0.5081392659797316 0.6959811211416991 0.5140092281330684
41 0.6813863398134572 0.7108013937500002 0.6324721505521893 0.7108013937500002 0.6324729797241844 0.5651567953125001 0.6813857835870749 0.5651567953125001
40 0.6978888390825659 0.5421725222579554 0.771517088965993 0.5649456604924568 0.7416325413105369 0.6615552838185519 0.6680043827275313 0.6387823577721474
6 0.34999243463516905 0.6383767571125902 0.3706811744476681 0.5760997799487542 0.4199006976277815 0.5924489547503127 0.3992123120725637 0.6547256320267092
6 0.39433468213712786 0.5553649605861237 0.35231244358067215 0.5536581912279402 0.3553057152814745 0.4799740949576815 0.3973274602599304 0.48168085420479057
6 0.6520450056575555 0.4672098323380986 0.6584596219397554 0.5384893664101725 0.6116136399110701 0.5427046047268864 0.6051993029099094 0.47142533098629447
6 0.446331521875 0.53240418125 0.47078804375 0.53240418125 0.47078804375 0.590940765625 0.446331521875 0.590940765625
6 0.5023778121517353 0.6048780484375 0.47282601575238914 0.6048780484375 0.47282616266363675 0.5449477343749999 0.5023776420079002 0.5449477343749999
6 0.5362441043129138 0.6035737066993226 0.5055856534273744 0.6047231220415225 0.5030725246292604 0.5376927120614947 0.5337306117985463 0.5365433036273161
6 0.5616005503140968 0.5852748098917034 0.5357124832542013 0.5864218512682707 0.5331183039620555 0.5278752554836909 0.5590061117699179 0.5267282198942352
6 0.5928630275890328 0.6426334899768388 0.5780464463705357 0.5776406724354308 0.6310786396238655 0.5655521193557995 0.6458954467290141 0.6305446135799312
27 0.928125 0.89375 0.9328125 0.89375 0.9328125 0.925 0.928125 0.925