6 0.49260301554738817 0.4884037535128624 0.4948611972557728 0.4513469145048484 0.5705452013935428 0.455958497358772 0.5682872323397987 0.4930151376741457
6 0.490471286371303 0.4531783321568199 0.4913094284509043 0.4222339870273412 0.5647642794061767 0.4242232689955828 0.5639262934716953 0.4551674643405974
6 0.6669448850057051 0.38268103450335517 0.6639008296873499 0.4139060700319455 0.6078848699154378 0.4084453155890556 0.6109290194264076 0.3772203854629307
43 0.5040380018596125 0.7100447809808021 0.49926034874022207 0.7543491868987384 0.3152273909598762 0.7345044488440414 0.32000583262799864 0.6902009411042279
0 0.4053710143534772 0.7235036439787841 0.4075124822896896 0.7703449281329238 0.2740239963170552 0.7764450729950056 0.2718832709887238 0.729604493379558
55 0.5398411943652945 0.7338624250329989 0.5429942457473089 0.6788959509967387 0.7235842627768534 0.6892527631695449 0.7204323477089929 0.7442181415174499
57 0.5664576588569616 0.8259610543573612 0.5375822661997063 0.7464673416472147 0.6474815456107308 0.706554254072414 0.6763574317452594 0.7860468913792965
38 0.5131017622442187 0.23925566528428843 0.5193338001595293 0.2808064998773883 0.3349049572179865 0.3084668138079763 0.3286732823332841 0.2669163101368433
39 0.2852381921200049 0.2674241165384052 0.2875145726052324 0.22306133599033 0.42511413492354677 0.23012157867861477 0.4228379965983322 0.27448412971589925
41 0.7174090326336682 0.2454458936825316 0.7220041886886293 0.2982892215337439 0.5499215032989468 0.31325195573402226 0.5453267635208476 0.2604090076552547
40 0.6673859037507555 0.17578701623726656 0.688739727797838 0.23930809787480758 0.5460919461261255 0.2872605532624428 0.5247385165433798 0.2237398054454142
27 0.86875 0.08125 0.909375 0.08125 0.909375 0.0859375 0.86875 0.0859375