6 0.5115962313274167 0.49260303387507515 0.5486529706364536 0.4948606741469195 0.5440415923360433 0.570545128672584 0.5069848543635089 0.5682875023443607
6 0.5468216580434273 0.49047132347840794 0.5777659075297379 0.4913092077822049 0.5757767838018708 0.564764241718005 0.5448325344751765 0.5639263624069889
6 0.617318977914465 0.666944879922253 0.5860937728110684 0.6639012283607885 0.5915547530345293 0.607885074166444 0.6227796210429233 0.6109287092378882
43 0.28995435660920066 0.5040378762827442 0.24565025903859805 0.4992604391022905 0.26549672742112307 0.31522791680321643 0.3097998115106293 0.32000529887820317
0 0.2764960193810566 0.4053714679176001 0.2296549177290217 0.40751187433332636 0.22355535073734245 0.2740237384032115 0.2703958173595993 0.2718833463356935
55 0.2661375908393211 0.5398415907786577 0.32110391570006414 0.5429933065231207 0.31074784823726986 0.7235841387474868 0.2557815279761826 0.7204324773467244
57 0.17403737290317167 0.5664518487628419 0.2535332152427827 0.5375836608650382 0.2934482530703235 0.647488257754687 0.21395256637026705 0.6763561337092009
38 0.7607445763745773 0.5131022310539507 0.7191933486267317 0.5193336485414362 0.6915334032898954 0.3349047081444819 0.7330836204112074 0.3286733690152816
39 0.7325758663690749 0.2852383381942049 0.7769384904397612 0.2875144306180697 0.7698784786911119 0.42511409558560315 0.7255158559758002 0.4228380201644035
41 0.754554177639875 0.7174094466620405 0.7017097738821576 0.7220035798380731 0.6867483712272815 0.549920962112999 0.7395910490261031 0.5453269036367916
40 0.8242141922179371 0.6673869904357368 0.7606914730631615 0.6887385098082945 0.7127391151293523 0.5460899557571713 0.7762602050999021 0.5247387339513544
27 0.9140625 0.86875 0.91875 0.86875 0.91875 0.909375 0.9140625 0.909375