6 0.5270042699766009 0.32083720307055613 0.5292777463829452 0.27806087598681767 0.6109762034194546 0.2824028165358412 0.6087028950879585 0.32517898215377683
6 0.500951648043042 0.3615863547966376 0.5058038949778165 0.3141528881776281 0.5825228185033211 0.32200061204463604 0.5776707781275263 0.36943388754538176
6 0.47871879426952546 0.3890110526003974 0.48252312728936886 0.3576934340051736 0.5380020388482762 0.3644324820223448 0.5341978163576186 0.39574999928296195
6 0.4795678420977083 0.27253181331307674 0.5211943880347008 0.3041384052401225 0.4798531956482748 0.35858388751409065 0.43822674374985127 0.32697740156250354
6 0.43964728584501245 0.3149903257095277 0.49010877591274493 0.34762971129313813 0.45380441521785997 0.4037550832103148 0.4033430234375146 0.37111581875002875
6 0.4333375724805819 0.4097483191246446 0.5206021173975159 0.42648038425097207 0.5039837332644765 0.5131465366822474 0.4167192167558369 0.496414575277621
6 0.4445023286250489 0.613230581827721 0.44340857633801534 0.5817157739267771 0.5114076187479668 0.5793559793598142 0.5125015584382027 0.6108705912353325
6 0.4810700939239041 0.6813519960495374 0.4820794920595972 0.6356627858881713 0.5503819766303195 0.6371715380720184 0.5493728986190263 0.682860433173314
6 0.5029068685232687 0.7228107994852613 0.5029070635898734 0.6804377362400938 0.5828486991320005 0.6804379918413193 0.582848865881374 0.7228106914001625
6 0.4736336360747373 0.6575808919881725 0.4229251678756327 0.6822663666923403 0.3960755828125002 0.6271186437499908 0.44678353803442405 0.602433316721669
6 0.42514534999997977 0.6733757062499875 0.4761071100075469 0.6444458447005526 0.5079706028981263 0.7005676086014945 0.457008981639774 0.7294972755774476
43 0.5268255571611462 0.320278774644633 0.5295963566295541 0.2781727091762239 0.7124319595535553 0.29020337675369595 0.7096615418072361 0.3323090782978321
0 0.5784624558483529 0.2886220305078415 0.5827852578911461 0.24961486827260315 0.7103110171308344 0.2637468778260421 0.7059884462478294 0.30275382475590623
55 0.5176367525834848 0.2972248572755776 0.5078923307811465 0.3483045449803036 0.3378670814661291 0.31586904967026835 0.34761181473993474 0.26478977058086234
27 0.3390923384248481 0.301041217445365 0.34978110292570364 0.2601878859126978 0.4661156832623874 0.29062451820746504 0.4554271784493267 0.33147762358810123
57 0.5518451049147188 0.2548593057441542 0.5261824688384422 0.3129579267598282 0.3984282635191221 0.25652855072260655 0.424090995418851 0.19843024139233836
38 0.6825337371567457 0.6685018493098157 0.6859007081694699 0.7120437567867903 0.504397989217523 0.7260742568418795 0.5010319144922732 0.6825331766234094
39 0.6787789862875115 0.7005648206786621 0.6787793857175757 0.7485875865666188 0.5726743585792065 0.7485875263439387 0.5726745220126759 0.7005653214937458
41 0.33650971076633596 0.7348982526556578 0.32835321309346455 0.684201634280983 0.49894745412734665 0.6567577937189032 0.5071046975199351 0.7074534917334798
40 0.37648504620597123 0.787433201720738 0.384677293021241 0.7143885452736792 0.4998846904226184 0.727306962505426 0.4916935096003954 0.8003506484839988
27 0.09921875 0.9109375 0.12734375 0.9109375 0.12734375 0.9265625 0.09921875 0.9265625