27 0.5077383770066035 0.39502192955019017 0.5087108000000171 0.4174592390624755 0.4043867286184195 0.42197980885371383 0.4034144565017641 0.39954263936934836
27 0.5024392506636559 0.39402172710995514 0.38700742840160274 0.4000936652999505 0.3856138324612175 0.37359910374090094 0.5010452968749632 0.367527174999999
6 0.5414636156726829 0.672554346875 0.46202083068533284 0.672554346875 0.4620212676451274 0.6273777171875 0.5414633392384758 0.6273777171875
6 0.6043854099376631 0.6701483110424454 0.5943291878609216 0.7217203853776608 0.5233502495473203 0.7078814802642316 0.5334067663674205 0.6563097940028385
6 0.5429483615736217 0.662493274196413 0.5479104116200233 0.609906337065731 0.6311927224531928 0.6177637800837528 0.6262311363138906 0.6703502848007611
6 0.5567944943963994 0.6046195656249999 0.49965141633106214 0.6046195656249999 0.4996516057659619 0.575067934375 0.5567943786799106 0.575067934375
6 0.5071957991782483 0.3910802397493316 0.573834659158365 0.38903982914373786 0.5748757395397206 0.4230393564867344 0.5082368797019399 0.42507976279069715
6 0.561510278810033 0.3562891936516811 0.5668492175688016 0.39097235315198037 0.5032686773098476 0.40075899671512644 0.4979298824708849 0.3660759662392599
6 0.4615465168207038 0.33194286436404025 0.53273108707549 0.31468425993796006 0.5448577014489047 0.3646997645939652 0.47367314670509586 0.3819583219166026
6 0.5612906770907102 0.39293966793010604 0.5424730519619061 0.3367880147460204 0.6135325552844506 0.3129753711017641 0.6323502919007069 0.3691267914057517
6 0.5160789091897868 0.286883777642504 0.5829365682538992 0.2697389011148927 0.5976389433866416 0.3270703429354182 0.5307813029605768 0.3442151718185373
43 0.3180417387163743 0.7057539865389474 0.32008584422169406 0.6638352487633481 0.5206204171104218 0.673610531705787 0.5185772331237786 0.7155284034442202
0 0.3016550553398929 0.7348944209403104 0.3032807402620392 0.6915549719098611 0.4541985514769067 0.6972141860589072 0.4525736064570083 0.7405529217284025
55 0.5226697633094091 0.7112266120064351 0.5264935542725198 0.6602485036916066 0.7059786030630448 0.6737087497330331 0.7021558463985684 0.7246858707053333
57 0.6251934073487746 0.7090265952309031 0.6243919055614242 0.7797807937568654 0.5185623188118598 0.7785810045265404 0.5193646566892767 0.707827644717999
38 0.3018083883931695 0.3508315646432757 0.29628207358473446 0.3034539619796472 0.5201547752075157 0.2773403109785951 0.5256815348083137 0.3247174047676025
39 0.4411149192492303 0.2697010023268055 0.44111507881996204 0.3138587073423185 0.28641101945777336 0.31385864264667246 0.2864111612935858 0.2697012450076376
41 0.6848382500877506 0.27393317342118245 0.6873703907198205 0.32933332307816976 0.5197740948220826 0.3369924524504834 0.517242403472892 0.2815927329705102
40 0.5085092340476649 0.2797500922172708 0.5133211423705006 0.20955500127086749 0.610402461211379 0.2162098161388122 0.6055908285836722 0.2864046461017305
27 0.84296875 0.0484375 0.88203125 0.0484375 0.88203125 0.0671875 0.84296875 0.0671875