6 0.6135507284411688 0.6369777252872019 0.5973756331145523 0.5798221480861427 0.6510306941613635 0.5646393006861695 0.667205964967934 0.6217945912484264
6 0.6582023642172317 0.6234797951905021 0.6467833458360701 0.5572492558947879 0.6997078701067494 0.5481252635734128 0.7111271367529071 0.6143554925689618
6 0.4059694604274 0.5853640325911852 0.3797554343749425 0.6306620218750238 0.3270876018060562 0.6001860201105265 0.35330162871593984 0.5548882753575405
6 0.3426619721763018 0.47864802728683753 0.38423573024067537 0.47971449289120016 0.38248063633739093 0.5481274953118693 0.3409068784451392 0.5470610354532038
57 0.2729016803641571 0.5210240265720458 0.32423685886556086 0.5400045990088541 0.2825840775957431 0.6526478433461914 0.23124900270192938 0.6336674740520141
55 0.30396326824393327 0.5397084406578169 0.3498903083352616 0.5429502120903601 0.3378133787934985 0.714028222784035 0.2918863439136885 0.7107865040476666
0 0.3032947100559795 0.525130289961842 0.2616985957600946 0.5184848848165504 0.2901801888821183 0.3402224300032099 0.33177531189971887 0.346867753392296
43 0.3417527801258302 0.5392700993362275 0.3034886271676669 0.538098365164347 0.30919650683836153 0.35173195079963626 0.34745968474476285 0.35290366995426875
41 0.6510103813345722 0.5500488156362205 0.7029402937437226 0.5477479371566379 0.7107943372687942 0.7249903894241964 0.6588644272615056 0.727291228679237
40 0.6943245301625893 0.6164971390631936 0.7094816251629936 0.5167743079009885 0.7859956480962182 0.5284029094704714 0.7708393073921798 0.6281250601522195
38 0.6532209722429343 0.3523461228070151 0.6961128285336144 0.35087620514908413 0.7027509215319014 0.5445632053344837 0.6598590663871846 0.5460331032076602
27 0.9109375 0.84921875 0.959375 0.84921875 0.959375 0.89453125 0.9109375 0.89453125