6 0.44393450119946465 0.3539241189641829 0.3606548256118458 0.3391694830837871 0.3703199288997894 0.284619982476411 0.4535991637700363 0.29937457817047197
6 0.4160517960805237 0.3488856839810456 0.40593510476332995 0.4029439780494586 0.3291549320017566 0.388575407067248 0.3392718032814628 0.33451735708886565
6 0.3858678240478639 0.3919544849412632 0.3806459764034571 0.4268326444560253 0.3260452483549443 0.41865828127620186 0.33126719297706586 0.3837802419826449
6 0.47893410391964153 0.32986645189905917 0.480865973847699 0.2890325841727395 0.5709051826466975 0.29329219728597133 0.5689734949120293 0.33412588764624196
6 0.45348832542890705 0.37623764148002836 0.4534884427716861 0.32956142840176256 0.5428778846313662 0.3295616025720373 0.5428779914084316 0.37623758713516176
6 0.43622816178162793 0.398310428582656 0.4390997966837631 0.36683613416996497 0.5198080526466811 0.37419933093317914 0.5169365793072984 0.4056734749457902
6 0.5116279185435815 0.3995755118521983 0.5090765395020753 0.432786114410771 0.4275981916185856 0.426526641138767 0.43014972731680245 0.39331620972374215
6 0.48487652584788066 0.4449906897121509 0.4854916541196417 0.4677424829293869 0.4239640869463983 0.46940565301300746 0.42334905857751437 0.4466539561882122
6 0.4797357636313109 0.4657468574442398 0.4789334105269063 0.4921325309728298 0.4116986397548317 0.4900878913233826 0.41250111783767807 0.463702345451198
6 0.40737127157183295 0.5197259010196417 0.4060003952746456 0.4929591211669576 0.47944199986727654 0.4891979427896757 0.48081301877220994 0.5159645708386355
6 0.506411024553131 0.5484087311260063 0.5079696237366988 0.5828355294403883 0.4259418013446066 0.5865483062497872 0.42438345628158913 0.5521217489740069
6 0.5016915096958883 0.5730935967394145 0.5040918181564393 0.6125517597257055 0.42849345292609087 0.6171495770832827 0.4260934297383301 0.577691681865075
6 0.44677068134762976 0.6541981658360093 0.4459872124252797 0.604271957636036 0.5232911125825694 0.6030589686375548 0.5240749447564212 0.6529848042115498
6 0.4703936976316072 0.6996870190160908 0.46634243867970326 0.6544905432488305 0.5458916743260716 0.6473609234636867 0.549943265656907 0.6925570253418566
6 0.3495639531249708 0.6524045265624776 0.3940941818674446 0.6153480391016977 0.4458991590945516 0.6775932515686605 0.40136920712313895 0.7146494357523906
6 0.4057424739320368 0.6364439484810976 0.32831421433263586 0.6531928458290823 0.3160369457791603 0.5964405882461055 0.39346439694497803 0.5796917807872841
6 0.3720931090247177 0.58628005625 0.307412740793211 0.58628005625 0.30741295008567704 0.5565770859375 0.37209298289621984 0.5565770859375
57 0.4830734499778373 0.24815898512732162 0.4738712096338986 0.30371612321391417 0.32521604597673104 0.27909339332493754 0.3344185558992194 0.22353657716360362
55 0.4542857752838927 0.29703017116604835 0.4447226871681096 0.3547123974126117 0.27155807544193067 0.3260037125501729 0.2811215360534334 0.2683219996860052
43 0.4769611468656194 0.33130217561006475 0.4784583732117653 0.2877637506587516 0.6711214898391518 0.29438843461756375 0.6696246778294608 0.3379264474527805
27 0.5145348828111764 0.3988684578124896 0.5166366845769517 0.3757030578644505 0.6564531285982866 0.3883874090385429 0.6543515369612578 0.4115526184193302
41 0.26601700430182973 0.715998669746219 0.2573185012219028 0.6573394380527448 0.43089387698228165 0.6316025211431952 0.43959325007847383 0.6902607052894438
38 0.46789588392061887 0.6966503008683396 0.4670228161937757 0.6517732011899264 0.6869566833210001 0.6474936554643586 0.6878307406548174 0.6923697185157169