6 0.5473660862231782 0.7298729214495205 0.5061568853250265 0.6871499161707333 0.5699830241928794 0.6255942207103933 0.611191860937538 0.6683168312500208
6 0.5804781017483265 0.6814992124981291 0.5434102469156414 0.6390303418731187 0.6111882198865715 0.5798794486006887 0.6482558140625088 0.6223479484374966
6 0.5197643356016215 0.6306614737498658 0.5217581013496329 0.6770859802231366 0.4328620995414667 0.6809027048381742 0.4308687643714393 0.6344786155606097
6 0.628016147737867 0.388144832283921 0.6271642366676815 0.42491712555931543 0.556186112907767 0.4232725769351407 0.5570381814618486 0.3865004428624449
6 0.648256020479721 0.3705796099021429 0.6183352394908752 0.41466844869437225 0.5389888233976308 0.3608221426609535 0.5689095560990154 0.3167335331427893
6 0.5915699961614109 0.33062223743727354 0.5308551860193802 0.35964074778497085 0.500039569707269 0.2951676295322579 0.5607540295341096 0.266149218556507
43 0.4971105596757752 0.6771706989846689 0.4939324266126732 0.7275626429641842 0.27467111270891564 0.7137333947802814 0.27785033211830523 0.6633426338869526
0 0.37931417800109557 0.6943153441497212 0.3795810300395033 0.7380952316452156 0.2552516671100875 0.7388518403469665 0.25498541221770665 0.6950725480703333
38 0.30302193950126366 0.3379491126806686 0.29828609221988245 0.29503241840959965 0.47768490667499464 0.2752357454855268 0.48242107087003205 0.31815208018547964
39 0.2801966862682548 0.30148029655555086 0.2779034750054734 0.24963357931743363 0.38606318121378536 0.2448496113678247 0.3883566146346311 0.2966960922067327
41 0.5103665908829953 0.34204044894205565 0.5046156829529309 0.28767049111802956 0.7129388561183987 0.2656355889373438 0.7186902208215997 0.3200049743713051
40 0.6468140510177136 0.19755044742592115 0.6669051690806782 0.2578985504785585 0.530105068020589 0.30344067016700016 0.5100143318306891 0.24309288632958398
55 0.5079805325360667 0.7008174533792806 0.5174832081047498 0.6433932334713368 0.7303673607292467 0.678615451677 0.7208661540016692 0.7360383553768862
57 0.5390046720319788 0.8050836500392464 0.5156306055292816 0.7274936054187153 0.6253589633261072 0.6944431811701152 0.6487336103936059 0.7720322201639002
27 0.86015625 0.09765625 0.89609375 0.09765625 0.89609375 0.10390625 0.86015625 0.10390625