6 0.49264319514406907 0.47183016038978404 0.5661633034864053 0.47008658397169467 0.5676677880874195 0.5335203501191657 0.4941476797943096 0.535263918057536
27 0.3602087097012827 0.5303291727930909 0.360480446989186 0.5035893974742929 0.4885072729816784 0.5048899986979765 0.4882358086795193 0.5316294981049344
27 0.3583641155832993 0.4981190884690276 0.3593337965471619 0.47126919176624044 0.48710801406241444 0.47588315312498974 0.48613859725708153 0.5027327873877614
39 0.3349836009566616 0.3211542967649905 0.32550108495217955 0.2777566152491677 0.4814946292750619 0.2436719249012492 0.49097736117289514 0.2870693204393195
38 0.34900599563627566 0.34166587645329866 0.34549754521106024 0.2977176935626466 0.5360723190819954 0.2825035346931484 0.5395811345014181 0.3264513225663785
40 0.6479667195252432 0.21926845428918476 0.6425651756059096 0.2935178283830768 0.5314079357096944 0.28543108159479713 0.5368097734253752 0.2111820331687839
41 0.538675959375 0.28125 0.7142857140625 0.28125 0.7142857140625 0.33525815312499996 0.538675959375 0.33525815312499996
57 0.5423954543282434 0.7658135171716939 0.538610420483792 0.6988354646733902 0.6470723635394506 0.6927067345999928 0.6508581545703009 0.7596839868947951
55 0.5469404544435292 0.7020552279438023 0.5470666186389508 0.6517662547616845 0.7185294632647583 0.652195644182783 0.7184041910541055 0.7024837105733772
0 0.5010519428753923 0.7058428350225785 0.49526234702648253 0.7414740143151051 0.3407261118072711 0.716366210685461 0.34651619061776273 0.6807356339397751
43 0.5454245004785889 0.6643259365288767 0.5444751544451947 0.7077652257467411 0.35072027164699193 0.7035290619604864 0.3516704730020592 0.6600906498913764
27 0.88046875 0.109375 0.90390625 0.109375 0.90390625 0.1125 0.88046875 0.1125