6 0.242062573787166 0.5280059066818166 0.2636870276717218 0.477211738485514 0.32239004132020455 0.5022012412917822 0.30076588605993493 0.5529951566398373
6 0.35211274247524216 0.5750653107674781 0.29566161927664325 0.5430938683146795 0.3230394417975049 0.4947581731185555 0.379490163243986 0.5267294734119552
6 0.633297177317786 0.546745122108191 0.6903877058259695 0.5184482440582712 0.7141326782920032 0.566350778159478 0.657042233767811 0.5946475283443353
6 0.7089308986929836 0.5758399784874202 0.6810749463156753 0.5246726172359549 0.7399695930890857 0.49261262013414653 0.7678255682379813 0.5437797068480298
6 0.7096140440430645 0.43497478793048266 0.7491419529686709 0.4339594831086298 0.7507359204209934 0.4960119384002163 0.7112080116772859 0.4970272387350998
6 0.7134423875603488 0.5142795918716113 0.6658098450210446 0.5173382779842344 0.6611148715589934 0.44422508119107496 0.7087468988611363 0.4411664118270712
27 0.2517604889236509 0.5345952823789525 0.2998358400337793 0.5458695769430568 0.2744859842046026 0.6539538101385066 0.2264106707029896 0.6426796300429329
57 0.2606337413358233 0.49496040426773796 0.24859312047669846 0.5923848719372398 0.17093612649500756 0.5827875795461747 0.18297728008030845 0.4853637294827363
55 0.25887741626536354 0.4769121009734713 0.3174866495273818 0.4877507768494259 0.2865424667110119 0.6550634689848124 0.2279332755975929 0.6442249514629631
0 0.25962229474873766 0.47144548289540944 0.20853779820492946 0.46464608472870533 0.2330651583464487 0.2803830081340885 0.28414857851282704 0.28718233356360556
43 0.30346438678463983 0.4838448468430405 0.2597270410389001 0.4830886807982269 0.26282804571587803 0.30376621147337196 0.30656443184318505 0.3045223691118628
38 0.7095070421874999 0.320496084375 0.7503521125 0.320496084375 0.7503521125 0.498041775 0.7095070421874999 0.498041775
39 0.7396244273378443 0.3047458011315828 0.7818526132382431 0.30217086719640934 0.7931405662085353 0.48728196495731446 0.7509123832977593 0.4898568696050285
41 0.7783818816507164 0.66117150144456 0.7227456763444025 0.671991160327196 0.6903384699710386 0.5053623907250152 0.745973101328218 0.4945428856295939
40 0.8229913807365392 0.5949785032074382 0.7532083193866583 0.6014681614755136 0.7443401721434384 0.5061128448325493 0.8141221099457425 0.4996232394628175
27 0.9546875 0.93828125 0.959375 0.93828125 0.959375 0.95546875 0.9546875 0.95546875