6 0.48222996562500003 0.319293478125 0.5581881531249999 0.319293478125 0.5581881531249999 0.36888586874999996 0.48222996562500003 0.36888586874999996
6 0.46823324484819295 0.6882847795107961 0.46072142025218454 0.6343521029191826 0.5248920666398362 0.625415501540567 0.5324041812499445 0.6793478249999487
6 0.38706216957928063 0.6839261880408923 0.3771059322656356 0.6277608849494293 0.4446943618232808 0.6157811738309721 0.4546508971129697 0.6719460967413806
38 0.4717765385638586 0.7214673715037038 0.4717770910250465 0.6793476440838588 0.67107987153679 0.6793486400241053 0.6710802154951807 0.7214674689550243
39 0.7070219465442733 0.701463666902772 0.711419523474774 0.7440533282228222 0.5085234903052651 0.7649971120543494 0.5041269681297535 0.7224084222614373
40 0.3561199213903592 0.7938934347763006 0.3608365650503629 0.7178946114100367 0.48541150908101827 0.7256239705564661 0.480696019358561 0.8016217216784868
41 0.2844229018946862 0.7304136545418625 0.2832033962993137 0.6764305142959748 0.4653288507108755 0.6723154298356465 0.46654938418794245 0.7262975251225752
55 0.2905921004373795 0.32914412616244054 0.2905924249982945 0.2730975427709 0.48780482902373024 0.2730979010831742 0.487805012437434 0.32914399323409904
57 0.37473217223657684 0.29145922214153647 0.3632969176952656 0.21091118900143457 0.4812878817153887 0.19416043591399443 0.49272343052166434 0.27470811331075334
0 0.5386757818022261 0.2729338113183798 0.5435180977509617 0.23692349270306368 0.7030702775157351 0.2583778330449789 0.698228224439049 0.29438790587915403
43 0.684316840708334 0.2635512450669902 0.6876600749735644 0.30698703986393544 0.5010815588019568 0.32134658584636605 0.49773871281070114 0.2779111560030697
27 0.1421875 0.8875 0.1640625 0.8875 0.1640625 0.896875 0.1421875 0.896875