6 0.32850082129766633 0.5668604640624999 0.2892502135370023 0.5668604640624999 0.2892504578153421 0.4905523265624999 0.32850057304960956 0.4905523265624999
6 0.36527575662455547 0.5930232845758772 0.36527585003841523 0.5283430078033169 0.3963931744817728 0.5283431152331385 0.3963932535425556 0.5930232182380583
6 0.3283301287034419 0.6659683638027467 0.27925219789665334 0.6510455068709544 0.3000015831642031 0.5828146390912898 0.3490789051355705 0.5977373981336276
6 0.34142356128882057 0.607697065546667 0.39139860334182686 0.6205687070154181 0.37404493431051833 0.6879370747933956 0.3240699253683488 0.6750655213444028
6 0.4029134605893887 0.6884617228778678 0.37112108715768954 0.6837026676135846 0.38004836572656586 0.6240740256834426 0.41184036662423296 0.6288330528079095
6 0.5666318221819893 0.5275843658886686 0.5992729291151591 0.5281137140879727 0.5981576539506932 0.5968782695192059 0.5655165470976726 0.5963489244488035
6 0.6109784660238802 0.5155993514806506 0.6589502198278296 0.5089310120379835 0.6682536238118928 0.5758534437161507 0.6202818777961738 0.5825217456183728
6 0.7033240631615172 0.5625 0.6591229309798337 0.5625 0.6591231684978993 0.49273255937499993 0.7033237982740275 0.49273255937499993
6 0.5950950158295427 0.6712514871562928 0.5661609011698374 0.674066782091154 0.5611496205110598 0.6225686515767371 0.5900834450541197 0.6197533707658618
6 0.5781455490798635 0.611730800220156 0.628392650777414 0.5986932692284727 0.6451027113416785 0.6630867960041794 0.5948556410722858 0.6761242431593945
6 0.6128958157592024 0.6034507633043185 0.6678334458465542 0.578295639507966 0.6956730317463098 0.6390892218595655 0.6407354979978663 0.664244187569687
43 0.32814716897530616 0.567587209375 0.2888965893723707 0.567587209375 0.2888972514105035 0.38735464999999997 0.3281467802099769 0.38735464999999997
0 0.2895154598446652 0.5464595234986076 0.2508976037414641 0.5448490570134391 0.2574853358682958 0.3869041602256184 0.29610229221816553 0.38851460746478417
55 0.2958960379786504 0.5831969908611128 0.34256794083228215 0.5881922358828799 0.3247188962270684 0.7549391416130175 0.2780470062529048 0.7499439816744109
57 0.2156083410325209 0.578364439059882 0.2848998340318758 0.5683016030826655 0.2995624175728153 0.6692549786974429 0.2302709452187628 0.679317716933624
38 0.7029704525630223 0.5639534875 0.6573548758093466 0.5639534875 0.657355513450625 0.3619186046874999 0.7029697655667633 0.3619186046874999
39 0.7005845917184388 0.3675783927033778 0.7415491393082903 0.3683304889397481 0.7384417313616041 0.5375723651180143 0.6974771838983997 0.536820277725498
41 0.6939179506883875 0.7347770999569411 0.6416399119746075 0.7414565314912704 0.6216424573960921 0.5849566352967785 0.6739188550626523 0.5782773099828054
40 0.6951251075225855 0.5630548618203669 0.7667974562526751 0.5819838034749748 0.7402724987508691 0.6824059404732756 0.6686002193082459 0.6634771852401291
27 0.93359375 0.86640625 0.93515625 0.86640625 0.93515625 0.89609375 0.93359375 0.89609375