6 0.7032550275873746 0.6816307435283626 0.6890422091363462 0.7334617022590886 0.6232050433093264 0.7154104203593759 0.6374180955823476 0.6635798335337777
6 0.7241248872336428 0.6342674187816966 0.7052914790142495 0.6894583159803298 0.6454581138756339 0.6690430191376159 0.6642916950154358 0.6138524655880223
6 0.5993030671487531 0.28124991132615007 0.5993031783011702 0.32472827761601986 0.5191637236168845 0.32472824745965956 0.5191637726508134 0.28125004061028636
6 0.6267360938429647 0.3453574770955891 0.6209604193513769 0.29119020356927466 0.690508055621649 0.2837747695844831 0.6962838886043983 0.33794186105463586
27 0.7830571366972663 0.27802065031015805 0.788859101930143 0.3176955260788919 0.6919860624999501 0.331861412500037 0.6861843008465485 0.2921867257136299
43 0.6144492207675967 0.6773835893841399 0.6124886535600353 0.7200289097117594 0.43049146009207107 0.7116608884242324 0.4324528076762135 0.669016388889976
55 0.6254340975310697 0.7208641189749158 0.6290082130576593 0.6707315915715333 0.7886207189743573 0.6821085191772999 0.785047515680958 0.7322401813202055
57 0.6446357185585612 0.724402772583414 0.7345527779408485 0.7145221161139528 0.7417622397849755 0.7801195017316711 0.6518451926521038 0.7900000834761632
38 0.599303005798447 0.2805705970011496 0.5993032164011538 0.32540770235322347 0.40418109637141697 0.3254075635538272 0.40418129128056535 0.28057086675932075
41 0.7828301795486823 0.27204786208039433 0.7894788029429947 0.32660491019530796 0.6278261949806847 0.346303402659265 0.6211780332474746 0.2917467765737678
27 0.8171875 0.10078125 0.846875 0.10078125 0.846875 0.11328125 0.8171875 0.11328125