27 0.3739502986451271 0.7617196067832951 0.3406977990831592 0.7583953260747982 0.35054347812501874 0.6599303140625001 0.38379525289258254 0.6632545576814964
27 0.4446331323051709 0.6940766531585678 0.466329693949433 0.6956699732262459 0.45719152813489927 0.8200852078739888 0.4354949690510921 0.8184919108049074
27 0.5033862849729758 0.78532329082856 0.48635686269847156 0.7854490387536617 0.48557511610454185 0.6795665823286424 0.5026041288597298 0.679440835933312
27 0.625760413595458 0.37740059430905587 0.6677473836133458 0.37902845560539544 0.6630434781250187 0.5003484312499997 0.6210565088372277 0.49872058297543354
6 0.38361328192661404 0.5675434758592719 0.28579509603332554 0.5794623922530265 0.2727036060081218 0.47202340619656497 0.37052013685979546 0.4601045916504871
6 0.38877172335162413 0.6717819367358018 0.34204266619269674 0.6655707380946189 0.35090671066075174 0.5988940130333205 0.3976351783121572 0.6051051724426458
6 0.39195901384573517 0.60519355339897 0.4234280950357743 0.6059604073509458 0.421768321492209 0.6740636505974997 0.3902992404979386 0.6732968017146608
6 0.421195653125 0.60836236875 0.45108695625 0.60836236875 0.45108695625 0.6752613234375 0.421195653125 0.6752613234375
6 0.5007926105724891 0.7070876854607105 0.4416595408598596 0.7042057363488633 0.4462478061507227 0.6100893741230082 0.5053797604754209 0.6129712960066682
6 0.6098040081776617 0.6611825740969333 0.6110606121696947 0.5926141035847274 0.6629671880663182 0.5935652453858918 0.6617109287493577 0.6621333802709302
6 0.6130534214813679 0.4949942653108333 0.6636774396815781 0.488825857258067 0.6733522790601683 0.5682205009008502 0.6227282685314321 0.5743888687387191
6 0.7116170237778761 0.55331010625 0.6627036391630554 0.55331010625 0.6627039536585926 0.4738675953125 0.7116167227798087 0.4738675953125
6 0.34476913662012976 0.652961698438776 0.29644202421889077 0.6417738420183743 0.31139365622368587 0.5771974578285964 0.3597202025066508 0.5883852468448671
43 0.31589464949388457 0.5531359660798518 0.27685390948420263 0.55163373638089 0.2831246685188944 0.38869118300091626 0.32216448363806194 0.39019339472227743
55 0.30616652856974724 0.5787545485988941 0.3522051931900023 0.5803068417959019 0.3471628590407363 0.7298366181984749 0.3011241956392041 0.7282843479164526
57 0.2514040282756014 0.5879264790100365 0.3071831517662531 0.5843284432798578 0.31329301949517685 0.6790365165485298 0.2575138991797985 0.6826345193181541
38 0.6619352346236838 0.3778269737850436 0.710682875781572 0.3773641266176599 0.7123447480175855 0.5523837988125105 0.6635971070134019 0.552846640162835
41 0.7428384908347425 0.7068966278151616 0.6874985234322821 0.7250365466975754 0.6438343089126874 0.5918447604903132 0.6991728730812383 0.5737050893023778
27 0.91328125 0.909375 0.92265625 0.909375 0.92265625 0.934375 0.91328125 0.934375