6 0.46955978196081105 0.6628496014985952 0.4841272458794492 0.6053930960539338 0.5522394080118147 0.6226600250127704 0.5376724024478108 0.6801161361227884
6 0.6390131491995135 0.6823031366117149 0.6190552503751405 0.7413429457321427 0.5436523512928488 0.7158568289829672 0.5636105066608934 0.6568175081952928
6 0.6667684654697723 0.6277610905929736 0.6487765382828456 0.6864925601097507 0.5743886359869066 0.6637067616503582 0.59238081880153 0.604975731880027
43 0.527544813825898 0.6679542319607806 0.5277044522689494 0.7195002626952892 0.3322419438158022 0.7201030188381113 0.332083371988233 0.6685580535989875
0 0.4734441512528065 0.7162759767954648 0.466500202735574 0.7553859862285708 0.35778041782191394 0.7360850886378051 0.3647247368879789 0.696975554498155
55 0.5433362139874589 0.7197254370797823 0.5507709860357863 0.663635091614989 0.7178685984705453 0.6857798652551945 0.7104349495451743 0.7418691881000425
57 0.5406001105048972 0.7939369618098436 0.5437141429633812 0.7213297992940655 0.652510006829516 0.7259948442289192 0.6493969253062915 0.798601095537625
41 0.7163291126892091 0.2650444319594687 0.724749963828117 0.31830222166663263 0.5650605371108668 0.34354984334295535 0.5566401285901748 0.29029243671856286
40 0.6798683476782799 0.22502517781550763 0.6856300977577803 0.2746123771589767 0.5400659697095307 0.29152511393677494 0.5343045297881872 0.24193818918065357
39 0.33718775066938633 0.30060037773958204 0.33555593822347873 0.26113473528672465 0.45616435711906433 0.2561477246863224 0.45779636336305884 0.29561316838574875
38 0.3461127313083807 0.33026106714160125 0.34443781632558057 0.2871619741043779 0.5353109959054336 0.2797434547111083 0.5369862824003349 0.32284219560520516
27 0.89453125 0.04375 0.92421875 0.04375 0.92421875 0.05625 0.89453125 0.05625