6 0.5191636839851981 0.674592222246626 0.5191638945844943 0.7197690503640073 0.439721219205353 0.7197689937508829 0.4397213897148049 0.674592551071968
6 0.5400444700136404 0.622397705626364 0.5442578135836129 0.6742522092366396 0.4590092677476605 0.6811775152350215 0.45479639671816585 0.6293234562922568
6 0.4570884535763753 0.6323313450891345 0.4580534407492678 0.5986911227953406 0.5552614462156953 0.6014788133541609 0.5542967746785052 0.6351187338026244
6 0.4878529315153628 0.603263803071765 0.48969872551890603 0.5729753687648717 0.5626468155498969 0.5774202177219512 0.5608012316251916 0.6077084541702069
6 0.5213921170316098 0.720617953006518 0.5304453004335983 0.6686223413558772 0.6100963470989882 0.6824886650122659 0.6010436720511052 0.7344838245722206
6 0.5681943715642319 0.6106907348284037 0.6332008047635327 0.637854170750124 0.6081838269409445 0.6977158927246291 0.5431774894399268 0.6705526313052376
6 0.5735918733644212 0.5929536296059835 0.6343697197211213 0.6013776518925943 0.6291642694288839 0.6389297665398211 0.5683864288013183 0.6305057741148532
6 0.4540779213850783 0.32902996844822047 0.5284417529766188 0.31501965107541857 0.5375299624614627 0.3632563065408749 0.46316614065119666 0.3772665876397684
6 0.5184668486029977 0.2819292924324135 0.5184669355764981 0.3250679697191386 0.43275255014702907 0.3250678934828818 0.43275263318639645 0.2819293866984354
6 0.6027874466653884 0.2795515572274527 0.6027875792563009 0.32982341089915834 0.5212543104959195 0.3298233447097855 0.5212543678635484 0.27955167722863816
43 0.5218167217951759 0.6769818499590218 0.5177249072135055 0.7233013793472899 0.3300752174424133 0.7067248864932457 0.3341678587514707 0.660406283165996
55 0.5220538565021116 0.722222644069718 0.5286386455233014 0.6701282962072097 0.7119902030701724 0.6932996238987424 0.7054065564086613 0.745392931967645
57 0.6423938535966727 0.720541939394429 0.6458359405835381 0.7950442326942317 0.5281592382515328 0.8004785404740277 0.5247182097270979 0.7259772501848376
38 0.3402486673024896 0.32658618543040974 0.3394332208464448 0.2840751885767744 0.5201149711157314 0.28060885511336514 0.5209307673709418 0.3231194958401796
41 0.6950999591298341 0.2736213062744469 0.697386868213357 0.3241752297414677 0.5230914841089316 0.3320586142561299 0.5208049977889004 0.28150508660709184
40 0.5096485356092444 0.28015104130996626 0.5120558811637466 0.21242904908512977 0.623557912868705 0.21639254179307213 0.6211508640119519 0.28411424112057276
27 0.853125 0.0609375 0.884375 0.0609375 0.884375 0.0734375 0.853125 0.0734375