27 0.3692256537319736 0.48989546803140677 0.3365658236360787 0.4905728527931534 0.33396096018066146 0.3649729463956953 0.36662028380294487 0.3642955666969505
6 0.29377100025556047 0.43920537531578935 0.3380440979982495 0.4431287631989626 0.33143551132991433 0.5176976501865357 0.2871624163700517 0.5137742838397239
6 0.3850326555492529 0.49754113069153144 0.3651526255364388 0.542758935911862 0.31605741458997727 0.5211758013291939 0.3359375 0.4759581874999979
6 0.3855999476058969 0.623663268790302 0.3369147626596032 0.6204995118497205 0.34169218134991297 0.5469959931185658 0.3903767365228532 0.5501597296927856
6 0.6855668994785447 0.4462990182078729 0.7189488868507397 0.5054626918014915 0.6092116874513067 0.5673741971672973 0.5758303682695214 0.5082111013751581
27 0.5957880375390232 0.4968641967051747 0.6050096605580393 0.3695219559267001 0.6338816943454049 0.371612692355432 0.6246603250000362 0.49895470312498386
27 0.6548913014406708 0.46271778702055444 0.6732662869578689 0.3593187642513513 0.7164045580431093 0.3669845284142996 0.69802989062498 0.4703832750000118
43 0.3313450278343453 0.5166133336765922 0.2893947741888496 0.5153665894560456 0.29440499130510034 0.34681379534955564 0.33635430266838284 0.3480605254317674
55 0.29779667658124254 0.5186570879492749 0.3464136231716566 0.523109811572619 0.3323282947075086 0.6768844241343677 0.2837113561622573 0.6724317626806415
57 0.2337919842232168 0.5380990940744605 0.28515552155806745 0.5291982585212233 0.30807352134570465 0.6614361453122286 0.2567100115683161 0.6703368714843992
38 0.6511547441103858 0.5324043000745661 0.6511552267060097 0.3449474315590343 0.7004075125732925 0.34494779339671255 0.7004076493327602 0.532404040913231
41 0.7115742187691012 0.6930719140094335 0.654471802735543 0.6981015160824218 0.6394563920254086 0.5276365504980789 0.6965569714500361 0.5226070306418715
40 0.8092625162811373 0.6653799924443609 0.7475303708455385 0.7082980069624535 0.6760331842734786 0.6054702019052386 0.737764260463905 0.5625527093763224