43 0.338926023818658 0.6810083556416984 0.3424998990402628 0.6459898180872501 0.5063732196350657 0.6627107562543205 0.5027999855332155 0.697728706291426
55 0.520144424091086 0.6842850023818413 0.5292204697617535 0.6413865895407703 0.6813552558842275 0.673568992967232 0.6722800046584325 0.7164667055468528
40 0.6576165364983808 0.2630365737098432 0.6225337346634205 0.3210452387994489 0.5079307845729772 0.25173613890355256 0.5430135525382411 0.19372779570221293
6 0.5418864428004326 0.3098637500908161 0.5870973863505924 0.29308977868902286 0.6062717765624939 0.34476902187498626 0.5610608580662984 0.3615429470411165
6 0.4717770031249984 0.3773777171875241 0.47830960705346115 0.3382907571086505 0.5290341432920513 0.34676796960787915 0.5225016633656878 0.3858548212214698
6 0.5416399920674166 0.6498865162997788 0.5429481413630128 0.6069574765457166 0.6177879739153695 0.6092376952947769 0.6164801421813308 0.6521664241386864
6 0.4598601077271951 0.6582807324679514 0.46387678224971296 0.619831691995929 0.5197328817806692 0.625666036481834 0.5157164367211635 0.6641148671638197
27 0.6111498265678392 0.5353260874999785 0.6129415022192006 0.519706737377549 0.7072105604431727 0.5305188956169979 0.7054190162997429 0.5461381270020322
27 0.47468007909708376 0.3444349262185138 0.4729887667716639 0.3791351512988116 0.34429027467047035 0.3728619609935469 0.34598181820103946 0.33816197878560955
41 0.5512125840273256 0.3606307748161819 0.5394349177500999 0.3082792722497798 0.6812167738858079 0.2763829403109893 0.6929946970503806 0.32873406461721866
6 0.6181184951519754 0.5200406161522477 0.6141601931656169 0.540534649511846 0.5674022359922901 0.5315042469742632 0.5713605969660875 0.5110102910700742
27 0.8484375 0.1703125 0.871875 0.1703125 0.871875 0.184375 0.8484375 0.184375