43 0.3245190854829616 0.49193106760827154 0.2901382594179722 0.4874714195282498 0.3147879780241283 0.29745310744490583 0.34916799293841905 0.30191270100177753
0 0.3006967325777623 0.4603084945002596 0.25502320578084436 0.45350633938026963 0.28266957758467015 0.267885674821906 0.3283420930106331 0.2746877496549031
57 0.29944651100583997 0.598462256673551 0.2330761129497887 0.5946813108410701 0.2391436898057009 0.488192889339118 0.3055129265870846 0.49197380215097897
55 0.2953747977074954 0.5001248461117979 0.3429114109214879 0.5033120276087196 0.33169480780679805 0.6705907822033756 0.28415819950669174 0.6674036479578739
40 0.7870419608456132 0.5930681902935359 0.7042297125898358 0.5992460266393089 0.6964559396687946 0.4950428796150446 0.779266762951238 0.4888650965920059
41 0.7358160900895427 0.6547794823573159 0.6777225740145241 0.6637884554326345 0.6516688392326841 0.4957967339042863 0.70976065967875 0.4867878945267014
39 0.6957280204020435 0.26845303473355353 0.7472021992365399 0.2659441362002925 0.7572801926046395 0.4727030403831491 0.7058060164777089 0.4752119093606303
38 0.7182195903869797 0.4754623512612099 0.6705186224763793 0.48029350940838467 0.6516002892726647 0.2935058457174211 0.6993001529060621 0.2886747460408282
6 0.6258412183475457 0.45152999040556363 0.6408013045082726 0.515532414689338 0.6002230549320302 0.5250164073217047 0.5852631991930366 0.4610141837119839
27 0.590417950302708 0.3488131208469045 0.6156643406328612 0.34657579698947505 0.6240982360828866 0.44174125249937046 0.5988518475420506 0.44397856353807635
27 0.87109375 0.82578125 0.88359375 0.82578125 0.88359375 0.83359375 0.87109375 0.83359375