0 0.5222030857154323 0.6855163171501683 0.5214821076609724 0.7213369351094255 0.3675166753829444 0.718236804471727 0.36823822997075695 0.6824167713525396
43 0.5808983781054167 0.6576079278692593 0.5769001664391453 0.6993059784780615 0.40577417465158305 0.682898132409869 0.40977303597424 0.6412008191119727
55 0.5687272300403947 0.7031854687605005 0.5725769710929853 0.6535593082725705 0.7300947931220207 0.6657763587990476 0.7262459289968319 0.715401689919363
57 0.5497328796399188 0.7352250351967888 0.5736550579190407 0.6772344874287963 0.6838930695679437 0.7227024192564842 0.6599718020574983 0.780692192701409
38 0.4210837700219372 0.3528929676745678 0.4183729236884801 0.30876726793337733 0.5826299922848648 0.29867605325809865 0.5853411758570246 0.34280138823431244
39 0.5118643972597283 0.27757646278181447 0.5150263307432397 0.31785929717025424 0.37272212261405 0.3290283470256655 0.3695604729018669 0.28874578034143783
41 0.7437125564943017 0.2771804159909346 0.7481809904513739 0.3306977359491104 0.5767276645104857 0.345011781833559 0.5722596945614669 0.29149488102927373
40 0.5648730194542395 0.2867339671194049 0.5678681942559933 0.21914786325328042 0.6747388807235666 0.2238838062270219 0.6717440003250204 0.29146962924583975
27 0.685714285937479 0.516983695312515 0.6859300921629483 0.5019412038200776 0.7946281569868461 0.5035000074156298 0.7944124796862297 0.5185423737884143
6 0.6418118134155293 0.5183423969988581 0.6418118515131255 0.49898095479141735 0.6919860573686947 0.4989810062224284 0.69198609442833 0.5183423729608828
27 0.821875 0.11171875 0.8421875 0.11171875 0.8421875 0.12265625 0.821875 0.12265625