43 0.5176098082994258 0.3182931956875151 0.5356603885718414 0.26669784189833107 0.6947946988008198 0.32236891049851774 0.6767446220526381 0.37396383491595203
0 0.6074391683654312 0.31506330394735077 0.607740886756801 0.27721945537100423 0.7727236756776392 0.2785344484665654 0.772422242867151 0.3163780025586132
55 0.5159729517196183 0.28814818576480183 0.5110278165409454 0.34452111842445665 0.3472549521666224 0.3301542717535993 0.3522004782143995 0.2737817773151807
57 0.49679444095147574 0.2263069518913225 0.5017424612360628 0.28740599641533876 0.4095004194668945 0.294875648770902 0.4045526408194746 0.23377683091997578
38 0.684274522424289 0.6470124252329091 0.694553532712689 0.6927674023270141 0.5073751272343543 0.7348090066891144 0.49709717529412956 0.6890549427079425
39 0.7056685326366505 0.6910308279346522 0.7056689500367384 0.7394068406437906 0.5922964140992235 0.7394067222557565 0.5922965934846616 0.6910313017063567
41 0.3334331614329358 0.7342039900683227 0.328356605017575 0.6805174732770036 0.4906636803307265 0.6651710099578017 0.49574107080729846 0.7188566017495175
40 0.38567002875163325 0.7787269958881052 0.37302144386023883 0.7310066846298782 0.4840447697289392 0.7015838764877356 0.49669374443703873 0.7493035620621838
6 0.4766797893864805 0.3636099383778309 0.48060712730932664 0.3167320072401359 0.5653578736789768 0.3238319405303139 0.5614307592495607 0.37070966267222827
6 0.4757587132039589 0.2604452695278375 0.5191325703485745 0.29985126495351977 0.4612516026894582 0.36355837350992937 0.4178779062499416 0.3241525421874867
6 0.39026162656249996 0.47069209062499995 0.4767441859375 0.47069209062499995 0.4767441859375 0.502824859375 0.39026162656249996 0.502824859375
6 0.39462204165636194 0.5356638530506221 0.3946221605305027 0.5007061063314214 0.4731104486438653 0.5007063057197557 0.4731105465558585 0.5356638327030481
6 0.5014838504738464 0.7266459389989363 0.49870751578657746 0.683793576859109 0.5882418486653478 0.6779935014509353 0.591018564806177 0.7208454494355517
6 0.4547737347728571 0.6738334864325758 0.37756227681813925 0.6837641687546234 0.37083678003205023 0.6314761026164194 0.44804743228712596 0.6215454729729727
6 0.4197702344782783 0.740150735718644 0.3997104905213291 0.6833906175908346 0.4755279524630396 0.6565996117014682 0.4955879279674491 0.7133592497132901
27 0.125 0.83203125 0.146875 0.83203125 0.146875 0.84453125 0.125 0.84453125