6 0.3888080992455798 0.6089109175520422 0.3888082118616012 0.5724892929832102 0.46148245197207416 0.5724894728081472 0.46148257810284576 0.6089108556862418
6 0.4236917429030882 0.6676096393620785 0.4236919555978602 0.6227014074462054 0.4992731528825516 0.6227017085036313 0.4992732739577832 0.667609604086495
6 0.3981918277116847 0.6020015730301589 0.42090676780128433 0.6555443635925381 0.36210408182728315 0.6804872939087605 0.3393895359375847 0.6269448375000157
6 0.36845930312506425 0.6711456859374701 0.41003658946533506 0.6378247851983941 0.45556619847798174 0.6946280506878515 0.4139891337192694 0.7279487011122097
6 0.39994267893212054 0.2651416011025697 0.4325217018855483 0.3035014133932436 0.3712416533671785 0.35554495170736966 0.3386627906253352 0.31718528906251797
6 0.3212209296875699 0.37340877031249053 0.3400071569864167 0.3186103141712099 0.39907310057151335 0.3388587524508315 0.3802870897286539 0.39365702609168246
6 0.3765495664717946 0.3812497193290623 0.37279211288500846 0.41368305496024993 0.31248369848628954 0.40669644354286455 0.3162412537178625 0.3742632290826876
43 0.44061967004142844 0.3154246489698987 0.4445217150589542 0.27314446759275424 0.614737830868421 0.28885281635117505 0.6108361463468555 0.3311326643816756
0 0.4907988320774166 0.28284784423255843 0.4976126712903124 0.2543223101587225 0.6274069029128668 0.2853250977548112 0.6205932556558764 0.3138504635328343
55 0.43140043555047214 0.29556950945740446 0.4147781483482049 0.35181300464839543 0.26101400649383777 0.30636981799100177 0.2776365332935029 0.250126725347277
57 0.4475845786861328 0.214102124671109 0.45072738177827887 0.28729927730491917 0.3351944303989285 0.2922592767521585 0.3320519684084502 0.21906244993052276
38 0.644806982759178 0.6690144141014536 0.6439418485919077 0.7120792996082714 0.452193754887503 0.7082252143983083 0.45305973507254294 0.6651611816730211
41 0.28497325499085946 0.7294337534599242 0.27640140186963436 0.6774632125576773 0.44541447646315646 0.6495895038525555 0.45398707651077075 0.7015591220348489
40 0.3233152109655748 0.7664526697806413 0.31714344876957057 0.7148409814814629 0.4654503692461276 0.697108431956456 0.47162287092112365 0.7487192585937564
27 0.08984375 0.9234375 0.11171875 0.9234375 0.11171875 0.9265625 0.08984375 0.9265625