6 0.6089109702744508 0.6111918609375 0.5724892287821604 0.6111918609375 0.5724895205765961 0.538517440625 0.6089107932763227 0.538517440625
6 0.6676097842517947 0.5763081390625 0.6227014070609584 0.5763081390625 0.6227017054382031 0.5007267437500001 0.6676095194495701 0.5007267437500001
6 0.6020002820250738 0.6018041009464716 0.6555448016968057 0.5790941965277412 0.6804892486936751 0.637900708232817 0.6269448093086112 0.6606104760192489
6 0.6711457407192256 0.6315407652134216 0.6378198636401748 0.5899677001579821 0.6946272364760944 0.544434390361804 0.7279529795898725 0.5860071943838361
6 0.2651397590003626 0.6000545590239313 0.303501929749018 0.5674786745586393 0.3555471355427926 0.6287616530995095 0.31718518779518945 0.6613372953674685
6 0.37340891517192176 0.6787791199647497 0.3186092669662912 0.6599958712533142 0.33885843386894976 0.6009277579379901 0.3936574841982292 0.6197108963576027
6 0.3812497302775455 0.6234506709747207 0.4136830961601845 0.6272075508136291 0.40669643265800914 0.687516157089347 0.37426307074076703 0.6837592998822097
43 0.3154248747003976 0.5593801097978551 0.2731444468810196 0.5554787882834322 0.2888525298500326 0.38526234040312574 0.33113193787278306 0.3891636149586075
0 0.2828479737587486 0.5092009891643972 0.2543221803468896 0.5023878170751999 0.28532490455381776 0.3725932883507505 0.3138501925860737 0.37940639634175816
55 0.2955697055933797 0.5685998576468958 0.35181353358336764 0.5852201289793276 0.306369784361209 0.7389846802381106 0.25012606449831765 0.72236467353819
57 0.2141023825799948 0.5524149347691787 0.28729929111409547 0.5492728075948242 0.29225931901316926 0.6648058443557971 0.21906241233818946 0.6679479377239855
38 0.6690160423612497 0.3551929081068868 0.7120802158436845 0.3560586962726651 0.7082249909743723 0.547806102533582 0.6651608176208583 0.5469403258366528
41 0.7294352620207292 0.7150269341639099 0.6774648583927956 0.7235977713490593 0.6495887947228312 0.5545841407005387 0.7015575462692141 0.5460134406582003
40 0.7664537270070468 0.6766849229207038 0.7148417888755603 0.682855962330275 0.6971079254872166 0.5345483531499478 0.7487184616155673 0.5283773982318456
27 0.9234375 0.88828125 0.9265625 0.88828125 0.9265625 0.91015625 0.9234375 0.91015625