27 0.32608701082870084 0.47526132358123013 0.2909340218536727 0.47617512312217214 0.28750779603035426 0.34436262136897483 0.32266024390287384 0.34344882854012443
27 0.2938178557288893 0.5735191562223042 0.3385804888122266 0.5779815186424815 0.3272909581936574 0.6912148766375399 0.2825283317361027 0.6867525639306751
27 0.7169725234217594 0.7152728416314802 0.6702311919792692 0.7175816532986808 0.6645369703063579 0.6023087830302001 0.7112771749999638 0.5999999999999999
6 0.3444866015719299 0.4851355603722162 0.3188318110491082 0.5356154874235821 0.26374734919920684 0.5076225459117085 0.2894021749999638 0.4571428578124887
6 0.6640114539928845 0.6196506246414992 0.6409028873748639 0.5544196491048581 0.7058069091309562 0.5314291249703178 0.7289156627506372 0.5966597159290624
6 0.27827624578128507 0.5576146389651737 0.3077930568475722 0.5299846786604504 0.3644349546215153 0.5904888376521541 0.33491833818209216 0.6181185981842067
43 0.3276288162350056 0.5310731337420609 0.27938370759636655 0.5308686571490904 0.2801761473208444 0.3440893982873752 0.32842000368088975 0.34429387215424234
55 0.2966346335159642 0.5359191454835738 0.3469751262258569 0.5411969563167983 0.33096719203854263 0.6938663244588164 0.2806267108285283 0.6885885890336343
38 0.6596175919760299 0.34135011798055626 0.7110762946040268 0.34229913416896185 0.7076492053566881 0.5281169756091137 0.6561905027813282 0.527167971265713
41 0.723513942521322 0.7136780107699584 0.6620967425845947 0.7186668833072862 0.647529389065312 0.5393419429216224 0.7089444613648084 0.5343531580239608
40 0.70482336875 0.5421602796875 0.77547554375 0.5421602796875 0.77547554375 0.6648083640625 0.70482336875 0.6648083640625
27 0.9359375 0.8875 0.9640625 0.8875 0.9640625 0.915625 0.9359375 0.915625