6 0.4754035527793121 0.32215968205753787 0.4762387221736617 0.3111944912980372 0.514423996332539 0.31410278182436197 0.5135888486420299 0.32506795220481177
6 0.5301504122639926 0.6725742006814597 0.531792331030374 0.6860460279205743 0.4959156879057218 0.6904178777311826 0.49427382466990366 0.6769461008805888
6 0.4034843203125 0.29076086874999996 0.4216027875 0.29076086874999996 0.4216027875 0.29517663125000004 0.4034843203125 0.29517663125000004
43 0.4460222558248006 0.31819740076732783 0.45164305949890604 0.277654601151897 0.6108490961671578 0.29972578564456204 0.6052286356031118 0.34026827047301716
0 0.5212542838634135 0.3063858235152838 0.5212544906377161 0.25985041139155346 0.6557490834027249 0.2598508257039086 0.6557491469753813 0.3063859600186034
55 0.2940768364230735 0.3312510054947099 0.2974985712493208 0.28253165959957527 0.4555035192114474 0.2936281813777922 0.4520821748860726 0.34234716103571744
57 0.3457116316669726 0.3042391812241926 0.33652690682390585 0.23963393893885995 0.44612701049300085 0.22405268775510437 0.4553119723312875 0.28865763631211666
38 0.6137892330301611 0.6673666846074228 0.6171439240230256 0.7082175096559243 0.46397348068603605 0.7207924290342497 0.4606194993485815 0.6799422625616295
39 0.5282229968750001 0.7017663046875 0.6703832750000001 0.7017663046875 0.6703832750000001 0.743206521875 0.5282229968750001 0.743206521875
41 0.459368840496154 0.6646431085343019 0.4615983471326217 0.7149397424919496 0.30794211440331765 0.7217481995479798 0.30571345738997024 0.6714523801489879
40 0.46328775390361443 0.7123306779976912 0.46088407715706126 0.7752122725556296 0.34921076057287337 0.7709430333206984 0.3516151980503537 0.7080622247489365
27 0.1234375 0.91015625 0.1671875 0.91015625 0.1671875 0.91171875 0.1234375 0.91171875