6 0.3897816514296437 0.5451013161246714 0.34577674796435076 0.5638345019808865 0.329959885149151 0.5266830907215451 0.3739645375159171 0.507949965481496
6 0.3230858145714137 0.6040828401831284 0.304338036812851 0.6201137498091102 0.27512938071845383 0.585958483525946 0.2938770669367159 0.5699276388137114
6 0.36145270005874863 0.6147570735776726 0.35112023788235547 0.6375712356087432 0.3232059484558931 0.624930367584452 0.3335384283592475 0.602116271792234
6 0.2977368973370176 0.5283430338543719 0.29773693845106664 0.49491278196510713 0.32602543754546787 0.4949128287646925 0.3260254702165639 0.5283430066025645
6 0.6358460495857798 0.6548526757394474 0.6091623078459634 0.6348391458463065 0.6336130451617237 0.6022434369052382 0.660296646707252 0.6222568888436651
6 0.6938434798645403 0.5996059176436755 0.6996330791438368 0.6390385064063819 0.668055995415898 0.6436740804847297 0.6622665289721681 0.604241610909835
6 0.6451611804961885 0.524954031987626 0.6728618471686332 0.5354360743541249 0.6596370662548452 0.5703817376142816 0.6319364166993182 0.5598997278476148
6 0.6779721929630114 0.555158583682344 0.664078705915017 0.5348801444252845 0.6975189769224244 0.5119710290402621 0.7114124475644985 0.5322494014213716
0 0.29627791909842927 0.518157694979249 0.2547719398060053 0.5166538847590328 0.26078329631559427 0.35076402665051526 0.30228835196862747 0.3522678199655034
43 0.3010575040486856 0.3504519306615274 0.34140060285164964 0.3524824364483335 0.33193966815986187 0.5404465647582846 0.2915965716339315 0.5384160850193016
38 0.6624941022316762 0.3966908962944699 0.7008445128107041 0.3946968539003592 0.7093896224599803 0.5590299407194864 0.671039213827612 0.5610239589851307
39 0.6838418141339844 0.3887629936281707 0.7236702670235218 0.3811502979325796 0.7513809488239076 0.5261198068004601 0.7115525190590688 0.5337324239561889
41 0.7130295565361848 0.772224679741878 0.6679605377519238 0.7751096690701981 0.6566943470073738 0.5991260926929703 0.7017617577338342 0.5962411540024056
40 0.7082180239385707 0.5995331351870113 0.7786873735427662 0.6087311547594736 0.7658989531734051 0.70669543812102 0.6954296208921278 0.6974975091124183
55 0.28453123675922143 0.5608505989673583 0.3347199397417171 0.5712771794513817 0.29905032501278583 0.7429527274514097 0.2488616779403401 0.7325263297367951
57 0.1788363578903045 0.5815106340801391 0.2641634025978874 0.554687609514545 0.29624582800420285 0.656734218114995 0.2109189014194044 0.6835569725130216
27 0.96171875 0.915625 0.97890625 0.915625 0.97890625 0.9375 0.96171875 0.9375