43 0.3464089892618176 0.5034879395347123 0.29881095054577145 0.5060610383826571 0.28911278508508076 0.3266593179403271 0.33670974808819665 0.3240862481652973
57 0.31258821472079035 0.5399708387323489 0.3125885015449512 0.6366279555871556 0.23585558973786647 0.6366276367770224 0.23585596628811345 0.5399711889121561
55 0.3136313515508391 0.5208158691678837 0.3655123142323191 0.5245612357961813 0.35267413165456674 0.7023775372598882 0.30079317540855754 0.6986322321548983
6 0.3471820480591532 0.5033748678523268 0.2989161894929566 0.5063102230463691 0.293782045857256 0.42189004722241485 0.3420473309142835 0.4189547095081744
6 0.3591622716400025 0.5952945174723642 0.30654261121412674 0.5899049788019095 0.3137595164183722 0.5194546793535985 0.36637855246681283 0.5248441858978922
6 0.4039250603206028 0.6127187749314258 0.35189837358427667 0.6042815337074438 0.36370705487070154 0.5314753200278869 0.41573308592239755 0.5399125070101648
38 0.7026168014205041 0.5152616265625 0.661244612612677 0.5152616265625 0.6612450812402813 0.3422965109375001 0.7026163038904087 0.3422965109375001
41 0.6359584957901916 0.5355149366374263 0.6824269238748002 0.5339001123360593 0.688576430011949 0.7108399696488443 0.642108003291014 0.7124547670768713
40 0.753094930642078 0.6701510262377685 0.6855472553402251 0.67954027151141 0.6720782060671127 0.5826491064468 0.7396246438449907 0.5732599481776008
6 0.6150744181201162 0.4530837898002652 0.6583196924177628 0.45045378988323787 0.6626312183290111 0.5213435838426723 0.6193859452058632 0.5239735699005861
6 0.65629551888901 0.4426006100467607 0.69973146398263 0.43837403618245785 0.7070182854039331 0.5132547487387825 0.6635823434368149 0.5174812994522993
6 0.6323025762364978 0.5399197514694771 0.678833800749203 0.5319298154533321 0.6901472042121668 0.5978097873912099 0.6436159914181871 0.6057996772800028
6 0.5891933193491923 0.548648014610321 0.6388376316863287 0.5441193860479312 0.6456279897749937 0.6185501182251785 0.5959836815985682 0.6230787168152919
27 0.93984375 0.90859375 0.94609375 0.90859375 0.94609375 0.92265625 0.93984375 0.92265625