6 0.5637132478776721 0.30172589791991905 0.5606375110496629 0.3396378851155982 0.49676353329982703 0.3344558790495893 0.49983937731690276 0.29654400741910225
6 0.549397996142261 0.3800703764473826 0.48491946836077204 0.3758875287944946 0.48774938002532053 0.3322677421990745 0.5522276033231037 0.33645057996108846
6 0.5703838408578576 0.3772530647335694 0.568223173423462 0.45494092983353185 0.47401157727244936 0.4523203160004696 0.4761726944466318 0.3746329114812294
6 0.47526126249397294 0.5956581077844627 0.4752613901831637 0.5613974862354164 0.5707316275921812 0.5613976727791157 0.5707317882112193 0.5956580026194769
6 0.4850173477759654 0.6227951404579763 0.4850174596195984 0.5919266847204419 0.5623692841751335 0.5919268345677934 0.5623693930992886 0.6227950683547087
6 0.4947735203125 0.6204206234375 0.5728222984375 0.6204206234375 0.5728222984375 0.6685888734375001 0.4947735203125 0.6685888734375001
6 0.40931050828635307 0.6271400631378384 0.40572367254037545 0.5939835494806779 0.4732618797146415 0.5866779662028079 0.4768488980902248 0.6198342748599307
6 0.41496073165342295 0.6236637567492413 0.49009767395818926 0.6126395949441533 0.49819840112593283 0.6678446034004241 0.42306147147814954 0.6788687047278951
43 0.4936355280507314 0.33572604788225113 0.4950711480004202 0.2973963612021296 0.6913494379552958 0.3047470027689021 0.6899141988317297 0.3430763144818681
27 0.3324843314738928 0.31336831475507504 0.3391681381121998 0.27751717814319365 0.44471762831494743 0.29719433856728655 0.43803402524997637 0.33304529472405603
6 0.45771409704286725 0.42988552098134974 0.37603868293183496 0.39656666234471843 0.42562237124059266 0.2750273532315697 0.5072967301567815 0.3083459649026248
27 0.4013937616878138 0.3772046054376443 0.39814934487583287 0.40416871527655823 0.3098987975944283 0.3935502194520758 0.31314333601881117 0.36658624651698324
27 0.31163850779353197 0.6878905187724479 0.3050927888904198 0.6504331521722736 0.43108460384974023 0.6284184823876554 0.43763069571639335 0.6658753588142787
57 0.3788885935143753 0.28818587877673857 0.3771929382792223 0.22547713319184676 0.4888665561384187 0.22245740839182707 0.49056247556472954 0.28516588219472755
41 0.34040266602141855 0.7285456281949642 0.3364342022546225 0.6796231936905096 0.5161515661158091 0.6650457907428138 0.5201208817144334 0.7139672920363472
40 0.3662105040583583 0.7548127811780901 0.3811972127947456 0.6983805199935407 0.5300068696805056 0.7378926629735822 0.515021312760723 0.7943239333269577
41 0.5058650502833189 0.3017728584948239 0.5004715581454775 0.3488646661698032 0.33091238987867655 0.3294446239303888 0.33630621379040804 0.28235321333033636
27 0.090625 0.9578125 0.1265625 0.9578125 0.1265625 0.9703125 0.090625 0.9703125