6 0.3282428246204745 0.5148715942558809 0.3173268385457959 0.5825236807706118 0.2597972792877954 0.5732415307991973 0.27071352516713887 0.5055897659618271
6 0.3070036198796515 0.5807639636841041 0.3276306488114642 0.5244283713356996 0.3862201749061569 0.5458786364587851 0.3655934985882823 0.6022139314379907
6 0.6704147115352725 0.536213703057115 0.6854952650407995 0.5901415100773091 0.6277591564723934 0.6062850904236242 0.6126789292602552 0.5523575614417096
6 0.7245679277352792 0.5208070012041973 0.7387213876444321 0.5833467357954278 0.6797931135150748 0.5966812292389163 0.6656400213555571 0.5341418114091242
6 0.6690764226626698 0.4782069657322843 0.7135368011000764 0.46740146883930983 0.7277374108521144 0.5258270945230306 0.6832770502290941 0.5366325416290555
57 0.22789362573507788 0.4853575837627665 0.2889274178720598 0.5021499082299489 0.24949289084725024 0.6454662193713067 0.18845918311239984 0.6286741089572129
55 0.26777925243084155 0.5050172986680462 0.3238818198865374 0.5071149130980528 0.3168352652876365 0.695562277814573 0.2607326997547261 0.693464699244181
40 0.7307916700094665 0.5222542441196224 0.8075063566479912 0.5253615768124202 0.8022361187059914 0.6554616639469347 0.7255214343998659 0.6523543674235203
41 0.7420528538102644 0.715834025631193 0.6849038762757118 0.7198900645371218 0.6710563200560955 0.5247896505619933 0.7282032800086427 0.5207336814834409
38 0.7178185517755082 0.5310104531250001 0.675135397053964 0.5310104531250001 0.6751358743047149 0.3400696859375 0.7178179002391971 0.3400696859375
39 0.7082920125825467 0.3587064566996516 0.7493828177425712 0.35705727014214306 0.7563202775295395 0.529900257247285 0.7152294738102682 0.5315494246164884
43 0.3241871021737097 0.5142857140625 0.28421399054036556 0.5142857140625 0.2842144949355543 0.3310104531249999 0.32418662007194143 0.3310104531249999
0 0.294422110243886 0.4489083238046815 0.2393801248484806 0.43969743918955395 0.266600136429588 0.27704803543993484 0.32164114788440656 0.28625883725485407
27 0.96171875 0.88359375 0.97578125 0.88359375 0.97578125 0.90390625 0.96171875 0.90390625