6 0.5730731977358801 0.7185978333709735 0.5372415398907151 0.6861513220592301 0.5878620333249955 0.6302575428180341 0.6236933781249263 0.6627038046874748
6 0.616837243494615 0.4157214243866719 0.6153010946926543 0.38420658674755553 0.6766793627940615 0.38121491598578944 0.678215622981952 0.4127296335142937
6 0.5829266303122722 0.35026006333009724 0.635516402519329 0.3208362375328104 0.6662020890624945 0.375679346875 0.6136123943973644 0.40510306867325785
6 0.5456081500217351 0.3118784261536291 0.5938244375531667 0.2776853641612668 0.6334494765625323 0.3335597828124684 0.585233287907613 0.36775272842866374
57 0.5323162770733916 0.7384489323078359 0.5480553927829988 0.6800909678596371 0.6651179596515249 0.7116573551259018 0.6493797546625046 0.7700145384714339
55 0.5377577952937145 0.6936158234708182 0.5472755563125702 0.6415591766161419 0.7165713485334209 0.6725073284870602 0.7070546482242435 0.7245630320118361
40 0.6369011081783356 0.3064412163557282 0.5376247764635309 0.2964575072675968 0.5445453787615406 0.2276447332285841 0.6438211533566118 0.2376284139834656
41 0.7215582751722422 0.27389060426241757 0.7308490359758935 0.324714930024139 0.5561902458146051 0.35664075307320425 0.5468999712092 0.30581684650575525
38 0.35755156453569725 0.3668731080371435 0.3487244506688967 0.32299188669465734 0.540093115911418 0.2844967601045367 0.5489205472991898 0.3283775638050355
39 0.3503738658993143 0.3672804260709314 0.32225044005804193 0.314437359935471 0.43750922229151 0.2530976862689056 0.4656326778658695 0.30594041720285703
43 0.5358832925543311 0.6672781914587277 0.5269552856610744 0.7116798423348998 0.344538000406601 0.6750038411266925 0.353466626624936 0.630603053131996
0 0.451116877477034 0.6865392067149851 0.4358423930106028 0.7355613720968159 0.3020733458995437 0.6938858275182266 0.3173482325494206 0.644864368612024
27 0.88984375 0.02890625 0.92109375 0.02890625 0.92109375 0.03984375 0.88984375 0.03984375