6 0.5019992005072709 0.3216704538698232 0.5045544632537258 0.2769717863024015 0.5947795982502839 0.28212939354599564 0.5922245309404843 0.3268278761706361
6 0.5610466560448231 0.37111581875 0.46729641939009525 0.37111581874999994 0.46729668351781584 0.3220338984375 0.5610464343479862 0.3220338984375
6 0.4178778470852649 0.329802294757565 0.4178779510834829 0.2764829862603245 0.5007267161442996 0.2764831008720236 0.5007268155919746 0.32980220488261636
6 0.45941587340143997 0.32646413304420396 0.4588088425194883 0.38395296240465426 0.380448371660691 0.3831252837509974 0.3810556428330756 0.3256366963932303
6 0.3611918609375 0.3735875703125 0.42369186093750005 0.3735875703125 0.42369186093750005 0.4092514125 0.3611918609375 0.4092514125
6 0.4169010700486524 0.4040990171673041 0.41457100586899287 0.4352699841340601 0.3530359596067001 0.43067021892051766 0.35536613588044474 0.39949937300859395
6 0.44912790625000004 0.6394774015625 0.526889534375 0.6394774015625 0.526889534375 0.682556496875 0.44912790625000004 0.682556496875
6 0.5523254920567524 0.6807908466837816 0.5523256767144176 0.7221045644102227 0.4767440845891997 0.7221044489335955 0.47674423355829276 0.6807910655571678
6 0.3838663123370907 0.7197222291918061 0.38231323781371884 0.6717732914597376 0.469699776890252 0.668943107426211 0.471253279667053 0.7168915991916414
57 0.5061361252987808 0.2029844148816724 0.5166874804529016 0.2681307241598129 0.41194106387035845 0.2850951798607583 0.40138999642044837 0.21994912317593263
55 0.501261904159719 0.2806119451164359 0.4958386256294034 0.3341919409021179 0.3224220670133491 0.31663856078751546 0.3278457182256034 0.2630589817102586
40 0.4778762857995389 0.7212765716890336 0.47558781831435226 0.7683760310409251 0.3530118537967155 0.7624202964484342 0.3553009405170542 0.7153214974114301
41 0.3075120575447272 0.7292759687407262 0.3034832414526818 0.6795185128947667 0.4678619511926172 0.6662096439158381 0.4718915634897485 0.7159662376806328
38 0.6642592243258605 0.6750090620201595 0.6657665366664105 0.7171679021665291 0.47777938081742377 0.7238853636821567 0.47627293990149155 0.6817273526340981
0 0.6027321696067247 0.29841613055179356 0.6045714268040001 0.27002772660184804 0.7006526603895509 0.276252470199918 0.6988135302613045 0.30464075264002355
43 0.5006966125358758 0.3197970144773538 0.5066351140603729 0.273628429655877 0.6697700260489228 0.29461097562524147 0.6638319191408755 0.3407791973747585
27 0.065625 0.9609375 0.096875 0.9609375 0.096875 0.965625 0.065625 0.965625