6 0.37262224071707806 0.5749129193492574 0.37262232579632837 0.5177700079228684 0.40149454331867673 0.517770083636743 0.4014945954808127 0.5749128579102555
6 0.571377398153686 0.5115361038693855 0.6129557015513001 0.5144310645165314 0.608460643837816 0.5789847493249872 0.5668823420304534 0.5760898042351631
6 0.6085320735660389 0.5088921382957629 0.6523667748664366 0.5105355640346686 0.6501034451598571 0.5708995943436439 0.6062687442704373 0.5692561767650947
6 0.3584189214274147 0.571351979133205 0.3564069451844034 0.6233286820305428 0.311636980471917 0.6215956688034587 0.31364915959682094 0.5696191775047845
6 0.352581521875 0.5839721250000001 0.399456521875 0.5839721250000001 0.399456521875 0.6355400703125 0.352581521875 0.6355400703125
6 0.29755434687500004 0.48153310156250007 0.335597825 0.48153310156250007 0.335597825 0.5581881515625 0.29755434687500004 0.5581881515625
6 0.37522250064830587 0.5653227492241405 0.33786944369444427 0.5675984280131311 0.333771838286566 0.5003422533697681 0.37112449025482874 0.49806658690094624
6 0.6525135913460645 0.6195121953125 0.648437496054612 0.6195121953125 0.6484375024278961 0.6048780484375001 0.6525135865950915 0.6048780484375001
6 0.6458043336414221 0.6257667553158389 0.6407176060013171 0.6259733514407149 0.6400055298799998 0.6084427115576088 0.6450922407700546 0.6082361157732095
27 0.3961800581216721 0.5309323147369223 0.3752845951250947 0.5318581809465631 0.36842091141761557 0.3769593627438709 0.38931594618725285 0.376033505752791
27 0.5865627629041228 0.3905272609944737 0.6234450143060712 0.3946019059076558 0.6088343572610029 0.5268445906779741 0.5719521119834781 0.5227699832123952
27 0.6469840048672495 0.5183605442215083 0.6103940218749813 0.5205574921875 0.6026450908240122 0.3915011414887939 0.6392344534306176 0.38930421152404326
55 0.3136444268661762 0.5689979542930382 0.35867892866679085 0.5704231752004266 0.35358794592195864 0.7312699027708789 0.3085534449935494 0.7298447045077765
41 0.6999349586453718 0.7345286230830319 0.6527372407774692 0.7375956534953492 0.6422563292168206 0.5763173430057243 0.689452524016815 0.5732503623372776
40 0.6805090449845466 0.5822592307263841 0.7402863479767348 0.5784591726052302 0.7467049715824032 0.6794164165953614 0.686927672110528 0.6832164377428023
39 0.6510288851767427 0.35468141268146086 0.7000680159696913 0.3434173088369171 0.7343594963768965 0.49270059651335757 0.6853204052465571 0.5039645898277895
38 0.6465202350584605 0.3507846651801217 0.6870700219348009 0.3501670417099806 0.6902963835273113 0.561980116020959 0.6497465969624727 0.5625977303344288
43 0.3359377901086873 0.5574912890625 0.2968748309295961 0.5574912890625 0.29687547113599067 0.35958188124999985 0.3359373398874368 0.35958188124999985
0 0.27839251887439787 0.329002474396023 0.3427333294662276 0.32864201106846697 0.34331526172923077 0.4325095636967841 0.27897445114444963 0.43287002484991505
27 0.9640625 0.8859375 0.975 0.8859375 0.975 0.903125 0.9640625 0.903125