6 0.46898949822195846 0.32914405387380324 0.46898960554324276 0.2768341662055256 0.5463414434843799 0.27683428460271414 0.5463415227670794 0.3291439851934884
6 0.4364986125793848 0.36421893476776424 0.4680602734902095 0.3064081961188992 0.5284257574668345 0.3393634903226981 0.4968643435429385 0.3971740169286633
6 0.6345115437844697 0.29450982283331645 0.6254299672656316 0.34241854760095364 0.549251224829618 0.3279783437149004 0.5583329342897514 0.28006979774729535
6 0.4313296088957941 0.6879510361827554 0.42557235682784267 0.6359854943543781 0.5083319273195457 0.6268177216107164 0.5140895572952786 0.6787828249411033
6 0.5342390405463675 0.6752595102421823 0.5410395419505676 0.7275687568383993 0.4674385061529165 0.737135357369434 0.46063846709546397 0.684826530359344
6 0.6291030205484276 0.6747029832777717 0.6307617302815061 0.7189292236136234 0.5474460225779012 0.7220529592093358 0.5457877184436484 0.6778271107292957
57 0.4390242285895738 0.2815897108900719 0.43902441403508874 0.20686138444842575 0.5602786544299079 0.20686160377337395 0.560278806185238 0.2815895886918471
55 0.5479427899298344 0.27789136239325307 0.5445955239455316 0.331804768208911 0.36591664889522235 0.32071063522067783 0.3692643243279008 0.26679766191053733
39 0.7396295388210774 0.6997432534462726 0.7457435892274589 0.7464823393597828 0.5760917094137312 0.7686688684677768 0.5699786434195175 0.721930663124497
38 0.7511665593053749 0.6749446768129194 0.7514363562773951 0.719876802809746 0.5464977996517746 0.721104320626581 0.5462289858977556 0.6761731657134881
41 0.5363428488459476 0.676706592390387 0.540519923844613 0.7281111197320427 0.3590081684363895 0.7428564897573947 0.3548321816789439 0.6914529976362069
0 0.574220283829618 0.29279933930501184 0.5792721019511191 0.24098194831433659 0.7389572549978993 0.2565493972982345 0.7339058146266098 0.30836643953536963
43 0.5512194300312103 0.334239152200656 0.55121961458849 0.28736406146669274 0.7365852145566123 0.28736438692323585 0.7365854427770273 0.33423904541752714
27 0.08828125 0.81796875 0.10859375 0.81796875 0.10859375 0.83359375 0.08828125 0.83359375