6 0.2723814114955303 0.4180075616975122 0.31201774645603564 0.4131864604500738 0.32168317261550783 0.49264529437518084 0.2820468425229592 0.4974663688969203
6 0.3544908366565096 0.5083576853795014 0.30762947425102993 0.4985865334681602 0.32290628453040426 0.4253268796907185 0.3697671622250027 0.4350979792882515
6 0.28037803586039445 0.5246431181885693 0.32860192855707737 0.5269892931718869 0.3252950648068236 0.5949531154537303 0.2770711729888262 0.5926069540868851
6 0.3235502125 0.5421511625 0.37234794843749996 0.5421511625 0.37234794843749996 0.6075581390625 0.3235502125 0.6075581390625
6 0.42644986891696135 0.6271802328125 0.39674672382932386 0.6271802328125 0.3967468893275736 0.5704941859375001 0.42644972458720076 0.5704941859375001
6 0.6131541171777144 0.575581317140615 0.6131542435869051 0.6351744679721477 0.5777934542531966 0.6351743779804759 0.5777935218255834 0.5755814204061642
6 0.606196116840124 0.5512473171606449 0.6563224815132571 0.5495053844966079 0.6588760208666145 0.622979307720929 0.6087496567806738 0.6247212289252675
6 0.6477410559173222 0.446329210078947 0.6884636725483233 0.4509013729398946 0.6805513751251056 0.5213684984477356 0.6398287624866725 0.5167963594560188
6 0.6846121391620272 0.4205447903653132 0.726961593318606 0.42183256224120386 0.724667104246123 0.4972840976335339 0.6823176503509103 0.4959963325491401
57 0.27550988222537853 0.6765369308556203 0.2108070996933975 0.67063476699351 0.22265412078559166 0.5407856204590228 0.2873553394921373 0.54668771226348
55 0.28189324042352837 0.5259416902230887 0.32947599273677497 0.5299518216035072 0.3164320501017528 0.6847102867806543 0.2688493046160829 0.6807002124573183
40 0.7015281693787756 0.5443530883533843 0.7623495837079872 0.534779792735674 0.779115400189994 0.6412862306553604 0.7182940072892734 0.6508594333532721
41 0.7267995526328832 0.6850161816144232 0.6755372621095148 0.6934862416122382 0.6488079768242869 0.5317305652397597 0.7000687391854399 0.5232606341808548
38 0.6855834295241721 0.3288701320383197 0.7281427090628085 0.3295072589136786 0.7256590290036229 0.49540595823324707 0.6830997495671909 0.49476883809690325
43 0.31494927898654623 0.4936645291052642 0.27528103618305977 0.4925510645298255 0.2805220408454261 0.3058653575986234 0.32018935259384307 0.30697880882272016
27 0.965625 0.92109375 0.978125 0.92109375 0.978125 0.94453125 0.965625 0.94453125