38 0.33783791037444644 0.5218481602103505 0.29720527638369276 0.5221675844537724 0.2960060359871477 0.36956110342221876 0.3366378382364701 0.3692416824215536
38 0.6657607467816433 0.5240418881663489 0.6657609771331181 0.37770029539295824 0.7085596515578345 0.37770055074114034 0.7085598532868289 0.5240417046718129
41 0.729289638247792 0.6706011067577119 0.6746001117115838 0.6816306029297758 0.6464130812037183 0.5418786894055829 0.7011012422617569 0.5308493331394781
40 0.7684506977246883 0.6131248157471666 0.7156113084147364 0.6229182996715439 0.6923289881003711 0.49731079717964105 0.7451672629489394 0.487517419257596
41 0.3065429222331204 0.5237708907873079 0.35375689508396135 0.5314412475683697 0.32965866150868806 0.6797595299691443 0.2824447138149253 0.6720892786142755
6 0.3361010051454514 0.5258145174735867 0.29533638748932844 0.524532678055803 0.2977280519113492 0.44848688114152785 0.3384922128918788 0.44976871340774044
6 0.29400035945411673 0.5829979696551286 0.30873703065924474 0.5241030795236852 0.3559318693972955 0.5359111266926525 0.34119548268154176 0.5948057703650438
6 0.351346936122809 0.5473143582101032 0.398619037833555 0.5577869382407799 0.38551228084998 0.6169433954059904 0.3382401973223068 0.6064708716743133
6 0.6145803962723448 0.6302664776888625 0.5831757031162397 0.6288750250052322 0.5852715319887238 0.5815811245503778 0.6166759519549032 0.5829725711851981
6 0.6015752569488768 0.5737957786452338 0.6512808526749723 0.5532041277758156 0.6733998316548195 0.6065910806384043 0.6236942969973143 0.6271826245557828
6 0.6972411724174208 0.5270316387814514 0.7222153520406209 0.5664457141090065 0.6647014313649606 0.602884757891123 0.6397275136246208 0.563470912522377
6 0.7174876178854674 0.5142566986192204 0.672127944149679 0.5257914098015171 0.6574260410927764 0.4679806510172366 0.7027853250000362 0.45644599218749915
27 0.7317204748476343 0.6651051536542977 0.6878336985752185 0.6781012603514588 0.6572010393449546 0.5746684441133998 0.7010869562500375 0.5616724749999908
27 0.95625 0.8765625 0.96875 0.8765625 0.96875 0.896875 0.95625 0.896875