6 0.3111413046875 0.498954703125 0.351222825 0.498954703125 0.351222825 0.5777003484375001 0.3111413046875 0.5777003484375001
6 0.38091523295031493 0.6184277353941576 0.3475544355369493 0.6635105830992342 0.2949823379889267 0.6246121678178312 0.3283430292350431 0.5795296002325849
6 0.36621689589571815 0.6090686237611733 0.41988406698169456 0.6234543724281065 0.4019017948517103 0.6905301072334433 0.34823466201282827 0.6761444575025995
6 0.5990898790959136 0.6920563974342705 0.5778820274414329 0.6377918344566714 0.6355604695215789 0.615252699118413 0.6567684539957099 0.6695169269642237
6 0.6459669460351734 0.6718278290570895 0.6295954494926264 0.6053354514224095 0.6826626398050166 0.5922710591647921 0.6990343694066041 0.6587630872384043
6 0.610393919549665 0.601393778339663 0.610394105744831 0.5240417004239222 0.6569293087229653 0.524041884928046 0.6569294313429737 0.601393653083925
6 0.7000270282010206 0.5847757950746177 0.6588830736558293 0.5876405190839885 0.653628674081574 0.5121790912161367 0.6947721095905308 0.509314385364766
6 0.6937632564410023 0.6064714511046155 0.7180230622295767 0.613747520097233 0.7061373416194101 0.6533720264408364 0.6818775482429373 0.6460959863510614
43 0.34971035872138145 0.5790827146414692 0.30905988976019216 0.5772815656264986 0.31740422330949514 0.38898624968049156 0.35805355438208153 0.3907873733015442
55 0.31559654604564 0.5800580580903412 0.36585933604817455 0.5844585934435171 0.35189161730022533 0.7439773474983855 0.3016288367001607 0.7395768830388378
40 0.7626152058585376 0.692339454797021 0.7041976122164897 0.7075240402771924 0.6721293296893691 0.5841649473867968 0.730545525950447 0.5689805542665919
41 0.6965162284593589 0.7573651688298669 0.6443187730455975 0.759970392814099 0.6361534925709975 0.5963775485203762 0.6883492050935729 0.5937723678296809
38 0.6990336916344404 0.5856841093289336 0.6569549875886196 0.5873931594724318 0.6497337256422497 0.4095998247640594 0.6918112473366591 0.40789079932147726
39 0.667596936191444 0.40470769338156753 0.712847313669613 0.3950250364163452 0.7434859992306428 0.5382011348112266 0.6982356550537361 0.5478836892572782
6 0.39930699074659515 0.522730638033256 0.39412541213232544 0.5984972318610057 0.3467629242637713 0.5952582372807537 0.35194478586504374 0.5194919489080174
27 0.94375 0.8640625 0.9625 0.8640625 0.9625 0.9078125 0.94375 0.9078125