57 0.47803932929139137 0.25106559158729075 0.4845835411507551 0.30728301425768445 0.3649644294163181 0.3212068999832759 0.35842054074544194 0.26498976920655265
55 0.28460133125872744 0.33815457832301576 0.29067064264665987 0.29084211331991283 0.44539795225989565 0.3106896319278721 0.43932904256405436 0.3580017401064653
40 0.44947721410233044 0.7031248268184271 0.4494775314984736 0.7489810059179581 0.321254211109931 0.7489808898527744 0.32125454403183085 0.7031253709433544
41 0.29339882038289034 0.7195189311457606 0.2862142149245983 0.6636870019844209 0.4479135364410922 0.642881131444777 0.4550989433337236 0.6987121140084234
39 0.6709163123632607 0.6438784549723867 0.6889584050308031 0.6938389973292514 0.5587007876097232 0.7408702560801438 0.5406595517991946 0.6909104385787174
38 0.4656217039528201 0.6994200763734622 0.4632595856481885 0.6558054007044422 0.6266191254079558 0.6469584553786683 0.6289819306379059 0.6905723906419304
43 0.47800680814998486 0.34059451116909933 0.4813720152604901 0.30101621084910163 0.6315883893536238 0.3137878685499131 0.6282235029647154 0.35336586526113095
0 0.674428715326826 0.28319248027892957 0.6764738771845487 0.3251446121730737 0.5484555576213097 0.3313847644872064 0.5464106563678115 0.2894328780590458
6 0.5296168329990678 0.382472825 0.4550522147395668 0.382472825 0.4550524027324627 0.3372961953125 0.5296166511777756 0.3372961953125
6 0.3498084753803141 0.3917424479393884 0.3535860228274714 0.3478297446938382 0.42212238608465213 0.35372523117527943 0.4183450232573023 0.39763776254446576
6 0.39838496025254244 0.541765404178816 0.3977168595419016 0.5198342859860456 0.46940658762412113 0.5176504152596063 0.47007481124376227 0.5395814060605041
6 0.42648077727790223 0.6148098015895367 0.4264809226523312 0.5808423160266369 0.500348395265064 0.5808424983933838 0.5003484782837404 0.6148097555615564
6 0.5254354283832754 0.6080161923008692 0.5254356315031146 0.6548913846388438 0.44390233332012485 0.6548912297715866 0.443902497452882 0.6080164044014766
6 0.40909186374847195 0.5940815948266908 0.42233872211670587 0.6484280479907589 0.3513884674583778 0.6657194625193052 0.33814204949226223 0.6113733891153431
6 0.3656015033551512 0.6568421767087577 0.44303418489596424 0.63919364522422 0.45610557602833524 0.6965364803161386 0.3786729305136305 0.7141849046649129
27 0.096875 0.95 0.1296875 0.95 0.1296875 0.9625 0.096875 0.9625