6 0.39201840567113777 0.48071411073370773 0.39819968205586065 0.479344690000873 0.40476651300082267 0.5089837982075304 0.3985852376290495 0.5103532158018264
6 0.7063179091962866 0.5500075318801686 0.7025276279692889 0.6165164834599705 0.651446525969618 0.6136054585654396 0.6552370903330029 0.5470968083009204
6 0.7026282935211157 0.5346877699985491 0.6644751818289478 0.5260098041781462 0.6815057490457548 0.4511408172752565 0.7196584360621046 0.45981873280223734
0 0.3320996846981643 0.46512440264514604 0.2894684490607915 0.4590639105100771 0.30689164160128257 0.33651329243316797 0.3495222430666445 0.34257373880292963
43 0.355152144051317 0.5325177497435033 0.31107333469628884 0.5282209377193698 0.32782994394074194 0.3563412673622045 0.37190773000759236 0.36063802913034226
55 0.34895545884705825 0.70179022160743 0.29765330508632815 0.6960554828888307 0.3157361473453193 0.5343159700066715 0.36703677674597657 0.5400506239284626
57 0.3322544656940636 0.660080661716916 0.26912202678897756 0.6687889670712708 0.2534678896167861 0.5553097959518102 0.3165990067311668 0.5466015831372643
41 0.6999769706399093 0.7251450692131544 0.6492260174310331 0.7236900849332505 0.6543211229460439 0.5460232279145181 0.7050703570754422 0.5474781877878546
38 0.6550240176560465 0.365829447186436 0.6955198178053479 0.36030290625867256 0.7185872746601945 0.5293205734554255 0.6780914878207795 0.5348470499485146
39 0.6706630356352434 0.34273573214344494 0.7182865430067977 0.32980333426360053 0.7559986668322836 0.46867171579181277 0.7083752068472222 0.48160399750672156
6 0.46598766199770125 0.46835485284316686 0.4900234534096626 0.47014186698540694 0.4832487916365835 0.5612556787788642 0.4592130016339979 0.5594686774777587
27 0.95390625 0.88125 0.97265625 0.88125 0.97265625 0.909375 0.95390625 0.909375