6 0.4807143241387166 0.6079815479193743 0.4793446718309724 0.6018003133118203 0.5089837231968204 0.5952335103626223 0.5103533876788333 0.6014147278315962
6 0.5500077305387094 0.29368220636577963 0.6165164802541767 0.297472287143362 0.6136054849011998 0.34855319408369706 0.5470967360391796 0.34476312281394694
6 0.5346879062626613 0.29737175939181215 0.5260092058214241 0.3355245098179301 0.4511403457660208 0.31849421493081137 0.45981914176752525 0.28034160216301407
0 0.46512489220333464 0.6678999343130831 0.45906370859108847 0.7105311003106489 0.3365123030717996 0.6931084683188328 0.34257393902692 0.6504778462203026
43 0.5325178801798529 0.644847004412529 0.5282209401846103 0.6889261318369856 0.3563405570980649 0.6721711159431867 0.36063817406807175 0.6280927463953487
55 0.7017905146906287 0.6510436530241478 0.6960553209428326 0.7023451490822678 0.5343151179860115 0.6842641066997829 0.5400510518900319 0.6329634456941776
57 0.6600796059317418 0.6677456800550877 0.6687906914841051 0.7308775554001028 0.5553114037022624 0.7465321827857604 0.5466011819718233 0.683401085358551
41 0.7251450449259664 0.3000234038427674 0.7236901473187345 0.35077326461667924 0.5460231431118245 0.34567898659245694 0.547478471069212 0.29492955911534635
38 0.3658295280722541 0.3449758753599204 0.3603027688546945 0.30447985496570595 0.5293203044686834 0.28141305756433627 0.5348473399573095 0.32190874910786954
39 0.34273601052314007 0.32933693808259856 0.3298028844903911 0.2817135411323624 0.4686709987585118 0.2440016828720773 0.48160431418068583 0.2916247803158736
6 0.46835469016161824 0.5340122454581528 0.47014219279594727 0.5099762645798207 0.5612558390033655 0.5167513471699426 0.5594685236460464 0.5407871531756697
27 0.88125 0.02734375 0.909375 0.02734375 0.909375 0.04609375 0.88125 0.04609375