6 0.3651065547618373 0.5993443188489261 0.3206416702302022 0.6337350255557452 0.27541734931196515 0.5752687874006216 0.3198818457449306 0.5408783080818194
6 0.35517651523537097 0.5712118905655718 0.4105150182147099 0.5942885404008255 0.3827427379243318 0.6608796017949118 0.3274043253253467 0.6378031085539465
6 0.39321075 0.60610465 0.42574257343750005 0.60610465 0.42574257343750005 0.663517440625 0.39321075 0.663517440625
6 0.3408190845839272 0.47673065953911203 0.3881270532737062 0.4805667295865018 0.3815132911690853 0.5621238473164683 0.3342053253472841 0.558287802074059
6 0.4084159751730567 0.5821220937500001 0.37588395315742673 0.5821220937500001 0.3758840959932286 0.51889535 0.4084157721953261 0.51889535
6 0.5832238094509421 0.66566992291154 0.5567495953679327 0.6680116926541264 0.5515736521559802 0.6095020808963214 0.5780475660294542 0.6071603245065648
6 0.6101822169281377 0.6515769676068007 0.577862724582701 0.654197567251792 0.5734077190739981 0.5992589584951429 0.6057268737881714 0.5966383726019573
6 0.6987604442227848 0.6247058161923602 0.6516733365180016 0.6283229273632731 0.6456858301278317 0.5503826685907712 0.6927722820486224 0.5467655827181185
6 0.661951909375 0.4527616265625 0.703323903125 0.4527616265625 0.703323903125 0.53197674375 0.661951909375 0.53197674375
57 0.2624498963698443 0.522406070997605 0.3094256026158746 0.5302937907866151 0.2866503869539656 0.665918887996322 0.23967470512491218 0.6580312658180305
55 0.30888935561495146 0.5393166760585812 0.3633698959447429 0.5552197064588288 0.31384127888668445 0.7248747621760664 0.2593608486329231 0.7089720023571368
0 0.3141096322966632 0.41508063408924056 0.29043815791942507 0.41706634772736495 0.2812373695255701 0.307387893856016 0.3049085615537024 0.305402192045609
43 0.3392878943145661 0.5339360840703912 0.2951420098252129 0.5345165819087577 0.2927342208460004 0.3513715135191652 0.33687902034830586 0.35079102279225727
41 0.718418739414119 0.7241550735074432 0.6708782877437898 0.731773922551117 0.6420254389209958 0.5517551944439544 0.6895642551277206 0.5441364781057187
40 0.7593735353701732 0.5466401021431265 0.7749800858225626 0.6362312159134039 0.6979689151201001 0.649644209159481 0.6823630837848214 0.5600537286606485
38 0.6474592368945196 0.3267486503029317 0.6894526075957401 0.3230864585461418 0.7073827089234328 0.5286757616830826 0.6653893449695261 0.532337903802095
27 0.96484375 0.9046875 0.98046875 0.9046875 0.98046875 0.9359375 0.96484375 0.9359375