43 0.318582389396056 0.4938442601136415 0.2767601218670279 0.4881111114701647 0.30176732024335706 0.3057028899363739 0.34358863334830403 0.3114359708485158
0 0.3022333964859172 0.3983626737059359 0.2606542725543477 0.39535282118522247 0.27222817662857324 0.2354776704131705 0.3138066501671801 0.23848749906728395
39 0.7239669551447605 0.3584190218335723 0.6638952062613726 0.33959606490680266 0.7115664470010188 0.18746303582745105 0.7716374568994979 0.20628586817399636
38 0.6377703251374669 0.31032614132607106 0.6885631225675297 0.2950626456419301 0.7451894093460396 0.4834915202488562 0.6943966907267622 0.4987548320967118
41 0.7313858849731787 0.7045211064784038 0.6777070076166183 0.7103191509255717 0.658513660351673 0.5326381136727271 0.7121907807434127 0.5268401636788732
41 0.7303607465962614 0.5709566043009507 0.806871265508903 0.5780113347578125 0.7972215273924803 0.6826534035808765 0.7207110180042946 0.6755987435953181
55 0.29800406137383106 0.5138852752738405 0.3425258290041029 0.5205205141076663 0.3176427544508442 0.6874662244974854 0.27312100957760777 0.6808310874245946
57 0.2905560545713115 0.6278989590096749 0.22828161224538235 0.6390575834869652 0.21134164461307137 0.5445259206810192 0.2736150319816488 0.5333673937275331
6 0.3420336552859453 0.4649029508282702 0.30748220677617155 0.49447656014097163 0.26266342750727745 0.4421170209529702 0.2972146750000775 0.4125435546874714
6 0.32654766702410143 0.4465175415341332 0.3681039331395368 0.452304529430387 0.35854701054097404 0.5209278642621006 0.31699075079484373 0.5151409059681836
6 0.5863571956909936 0.48833665076855093 0.6221090428097114 0.491983778202241 0.6145227517184821 0.5663441376592445 0.5787709079676233 0.5626970320666803
6 0.6930657932553004 0.5277556048421637 0.6451044418610081 0.5326769016910181 0.6380105210633928 0.4635447841666421 0.6859713696189829 0.4586235134395358
6 0.7196497703612295 0.5963301500005352 0.6688557303801872 0.6032068834183739 0.6597033649825335 0.5356085362035512 0.7104968175508475 0.5287318430034265
6 0.6100052317135578 0.5642071430247816 0.6625444480349643 0.5559023311224527 0.6751936065510336 0.6359170089701583 0.622654404728678 0.644221759320867
6 0.6260173212585869 0.6639991923693151 0.5900155082338188 0.6667515599952522 0.5846516797226968 0.5965965854912709 0.620653009704597 0.5938442363805857
6 0.2981877706853311 0.5138714284599644 0.3420922597739491 0.5210042769287658 0.3290730822978958 0.6011332110837383 0.2851686049481259 0.5940004118181398
6 0.337160724798764 0.546824734739723 0.3877147907288645 0.5513045989332366 0.3805452744213653 0.6322023538350301 0.3299912125009996 0.6277225222698756
27 0.3486212103861135 0.7290294717366752 0.3059569628354666 0.7189217468401633 0.3319176962816073 0.6093601244794388 0.37458100715912224 0.6194677339192515
27 0.96015625 0.878125 0.96953125 0.878125 0.96953125 0.909375 0.96015625 0.909375