6 0.3099150865723459 0.5798107132105169 0.2546957211517338 0.575076476946101 0.2623717478962817 0.48555722260121026 0.31759030898842866 0.4902914240930864
6 0.3608726817612933 0.6021961075924663 0.3030092028781155 0.5904828889757106 0.3186747678876145 0.5131044692093435 0.37653749415460425 0.5248176092549053
6 0.6399002991967109 0.6177176474150606 0.6087454714052001 0.6197357519944783 0.6043503571302153 0.5518894904938639 0.6355048102125238 0.549871398056738
6 0.7364350107737891 0.5789462930811087 0.6888085563836057 0.5859884434777164 0.6769569029097511 0.5058402819013883 0.7245827285012183 0.49879817882796973
57 0.18530535195407083 0.4716889175856946 0.25980813741341535 0.4635320914957089 0.2716863147715003 0.5720164660688659 0.19718353998746352 0.5801732214654864
55 0.26299283311482213 0.4847556988348898 0.3189696170593379 0.4903219103325122 0.3014538111985985 0.6664535879436534 0.24547703998428005 0.6608874625527303
41 0.7356854082202062 0.6656471003311815 0.6872528770854842 0.667718908603346 0.6801686457406504 0.5021128298746618 0.7285997770264885 0.5000410512127759
40 0.7866154658922824 0.489565411024102 0.7823869659764568 0.6005157870737575 0.7188157460533375 0.5980927489459298 0.723044805319887 0.4871429550880801
38 0.6701471020767258 0.29578089085632825 0.7112626419416301 0.29292718094415465 0.7252339068868423 0.49421296019602 0.6841183708296512 0.4970666349085661
39 0.7431567569155959 0.3971394924921994 0.7054683407504854 0.39988617382933095 0.6918360058668895 0.21283309088439792 0.7295237565600701 0.2100864341725758
43 0.3052113752622745 0.48373926596112293 0.26011943115838676 0.48000201225020345 0.27541683148831453 0.29544765920795385 0.32050777683627985 0.2991848709492383
0 0.2565706976945421 0.210590336619483 0.30326025424403724 0.21637570503618536 0.2835053311057436 0.3757996960926445 0.23681578236050882 0.37001436958976874
27 0.965625 0.9046875 0.9671875 0.9046875 0.9671875 0.925 0.965625 0.925