6 0.37792200812225474 0.3785990101469975 0.3852948407203485 0.3281823858407641 0.45883867775546605 0.33893687544665374 0.4514660748012602 0.3893532918724237
6 0.4586163934935712 0.6845630930036769 0.45422120221098794 0.636476149213471 0.5313118759383997 0.629430799199297 0.5357074012121075 0.6775173700036637
6 0.42777432360924195 0.5971952894988499 0.45426618450505885 0.6515380982497339 0.39470893932320905 0.6805679695239638 0.3682174902717179 0.6262255121644026
6 0.47907999034669047 0.6953272641082828 0.427265841394842 0.7260319748937965 0.39501042015206167 0.6716083644810579 0.44682403628610246 0.6409038566465618
57 0.3478679935354876 0.28896321318528767 0.3547181513719124 0.21568927519748252 0.46159869200937464 0.22568092592233796 0.45474886692773 0.29895456019305233
55 0.48677716105737545 0.29656617620677805 0.4809250692647993 0.3431516205956581 0.3117672582770865 0.32190175216508077 0.3176196667430986 0.2753166897346638
40 0.4718454239971379 0.7112750963927198 0.4735162607125858 0.7866462911365875 0.36715429633852636 0.7890026907122524 0.3654843948426105 0.7136324161577347
41 0.3089153459326326 0.7281031484779468 0.30163385956279853 0.6761165178043349 0.4709768401968404 0.6523998218551434 0.47825910530832516 0.7043855236590901
38 0.6735499478267002 0.673928278005686 0.6747439940206732 0.7147296758102546 0.48015691094394697 0.7204207209864409 0.47896372966488343 0.6796201554972174
39 0.7121630379403996 0.6924178756470213 0.7155988347283255 0.7370446595082798 0.5736256086920548 0.747971858657232 0.5701905548478408 0.7033457677083634
6 0.5519163517681136 0.3182743746671361 0.551916465844215 0.36243209098481355 0.4717769808645471 0.36243204965438697 0.4717770503287966 0.31827451777254295
43 0.4966420874752657 0.32231343022879555 0.49724808787618713 0.28162107218009363 0.6721220208837622 0.28422481518232057 0.671516356739744 0.324916834150888
0 0.5800297956718623 0.2989199000795076 0.5810774891054962 0.2623849799495895 0.7176770406558717 0.26630181522859314 0.7166295682286545 0.30283651846473003
27 0.0953125 0.95390625 0.125 0.95390625 0.125 0.96484375 0.0953125 0.96484375