57 0.4789794215261054 0.26132295533848615 0.453159026813978 0.3142944857338956 0.34344386893053525 0.2608158790162057 0.3692643066742676 0.20784461794058906
6 0.3683835216990019 0.37472635142563676 0.3650053210567421 0.42092982516715954 0.30903234873380825 0.4168373633531855 0.31241069324175896 0.37063404746426687
6 0.4713173525806269 0.29007158371677816 0.46699726540123265 0.33881800666470124 0.38019624531978025 0.33112533951543316 0.38451651341085835 0.28237911793878867
6 0.5567944036059771 0.28260864663945323 0.5567945013266353 0.3274456760271081 0.47944248086162133 0.3274456265152341 0.4794425444354147 0.2826087585924414
6 0.4456338399447759 0.655731540581115 0.4516741150632697 0.7083878475660914 0.369717315347998 0.7177872574466426 0.36367753776994505 0.6651314043501737
6 0.4630533530202001 0.7256466976737569 0.4586705978052805 0.6806933527789016 0.5397338595730616 0.6727910320738977 0.5441169619350603 0.7177439873892015
0 0.5567977388935788 0.29921440364121515 0.558342157929701 0.2524029561839752 0.7091822931508887 0.25737911771174304 0.7076381843698982 0.3041902607079233
43 0.47859280277361904 0.32631697526733217 0.4806982642709272 0.281138390537783 0.6769611732457861 0.2902840630063255 0.6748561503594601 0.33546221394956444
55 0.4723996551613254 0.2895613707418145 0.467565155452462 0.33875856414129163 0.29118822869565975 0.32142602518095553 0.29602308578137126 0.27222924347295907
40 0.31751681005221144 0.768866464629407 0.3129833801681343 0.7181766200000137 0.4649897041629174 0.7045833221343396 0.4695239148535393 0.755272299163018
41 0.2674838445078649 0.7274749601118338 0.26249633124086813 0.6746579813225819 0.445859163867226 0.6573438442557757 0.4508475959815996 0.7101598189374674
38 0.46310741962258817 0.7227882864938735 0.46155609662969255 0.6782235443238234 0.6601460812842106 0.6713100733296891 0.6616983078180283 0.7158738693148535
39 0.7063102287052061 0.6981676877128535 0.7077849353735246 0.7531897447243979 0.5458953382096752 0.7575259974163581 0.5444216436529814 0.7025049233803227
27 0.11015625 0.959375 0.13046875 0.959375 0.13046875 0.96875 0.11015625 0.96875