6 0.4353356539086235 0.5677108667746773 0.4441979941317413 0.5669929257809211 0.4460918262471978 0.5903682315869709 0.4372294862033641 0.5910861710967185
6 0.6260982411779423 0.564246731132153 0.6489601260349218 0.549287879182562 0.6658375094204985 0.5750793998498077 0.6429756564654099 0.5900382117710491
6 0.7122265653927116 0.5275138938827679 0.6968240095695819 0.5306333759947854 0.6899267364934758 0.49658039808427895 0.7053292114403575 0.4934609244101694
6 0.29846989062195917 0.4532916025481478 0.340122969143863 0.4564884343944822 0.3350285595317928 0.5228612905023005 0.29337548283092474 0.5196644744962272
6 0.33569631324201055 0.46429047772283843 0.3844851546149357 0.4665490496208611 0.3813657226896794 0.5339289107240658 0.33257688217088344 0.5316703504139941
6 0.40413285357567474 0.539372821875 0.37499995648647655 0.539372821875 0.37500008702659215 0.48083623593749997 0.4041327178757683 0.48083623593749997
6 0.4014227640625 0.47247386718750006 0.430894309375 0.47247386718750006 0.430894309375 0.5372822312500001 0.4014227640625 0.5372822312500001
6 0.4515824683608116 0.5386346416045764 0.42662556107222827 0.540230810832542 0.4218940036013237 0.4662541886092448 0.4468506285767262 0.4646580284374054
6 0.45189701875 0.4641114984375 0.4749322484375 0.4641114984375 0.4749322484375 0.5219512187500001 0.45189701875 0.5219512187500001
6 0.2981503804600152 0.527199014655185 0.34714848231010365 0.5294672302058778 0.3440261493669823 0.5969096970233476 0.2950280484757286 0.5946414945893228
6 0.3979714094695055 0.5478287612572825 0.39222232084136976 0.6114052956487442 0.3376641500748292 0.6064719474444269 0.34341351291504907 0.5428957188205276
6 0.41684640737446443 0.6079081824838813 0.389060055217783 0.605207004058943 0.39462452112991286 0.5479740751867995 0.42241059551975013 0.5506752400646924
6 0.4133389777642833 0.5490782553768854 0.44283192512989444 0.5463477029276773 0.44819374849203086 0.6042555468430701 0.41870080304090607 0.6069860853533368
6 0.559620522386922 0.6139373183752374 0.5596206488854705 0.5554006583065212 0.5880758762962159 0.5554007378266234 0.5880758976725247 0.6139372513292084
6 0.5833332535681848 0.6062718069221822 0.5833333765341422 0.5540069216438888 0.6161924056624457 0.5540070195484993 0.6161924342861766 0.6062717536860509
6 0.6647001593819368 0.6100646946393742 0.6562505770153848 0.5422973530920827 0.7079286592880862 0.5358545210150987 0.71637850444381 0.6036215553597942
6 0.7079947048429176 0.5372822312500002 0.665650322784245 0.5372822312500002 0.6656505615882224 0.46550522656250004 0.7079944786853503 0.46550522656250004
6 0.670695367798885 0.5481547633824153 0.6242466774363038 0.5498914787148864 0.6215799953563419 0.47856907058402876 0.6680281689885987 0.4768323649069192
6 0.5992764274074034 0.4847218833982936 0.6289249611329524 0.4831206266284086 0.6321277037720847 0.5424173052771388 0.6024791705821144 0.5440185546033193
6 0.5715272774133382 0.4845688806098768 0.6041879152643332 0.4832988477686108 0.6068377300898646 0.5514370916493397 0.5741770925916398 0.5527071176620836
6 0.5322395543239509 0.4631196552859956 0.5545163676088123 0.463661067371721 0.5526877736980396 0.5388944153076515 0.5304109605249323 0.5383530063284289
6 0.5069327544740645 0.4656493407367283 0.5332954077040313 0.4677850427410589 0.5281898186433409 0.5308027152135611 0.501827166684393 0.5286670234636635
6 0.5038854187425841 0.5269869703551935 0.4771265929340416 0.5284321654479991 0.4738715742557815 0.46816537897663413 0.5006301544394773 0.4667201905553566
27 0.36709397670517774 0.7101367117209579 0.32186224649842643 0.7027052194642888 0.34088024001243866 0.5869710288715679 0.3861109219390073 0.5944024321587095
27 0.42546794942290944 0.47869345620402565 0.4021002703124168 0.4815331015625051 0.3886052939270712 0.3704868679313194 0.41197263942729023 0.36764724303595914
27 0.45231895492054264 0.34642523885404125 0.4696605933452247 0.3461345656232772 0.47169186615724357 0.467315130354463 0.4543502277956577 0.46760580140512575
27 0.33565971002792594 0.48232944752196394 0.33082435803453336 0.36479996509235335 0.36921040772972447 0.36322084471951627 0.3740460357984148 0.48075004461266563
27 0.6166051135796806 0.37238765877907093 0.6384233970660489 0.3742814921601573 0.6282497224814279 0.49148306204525294 0.6064314409406961 0.4895892433216933
43 0.2988648784352108 0.3410756639491632 0.3402540633469471 0.34211117729347096 0.33573315102592005 0.5228013511352018 0.29434396651686257 0.5217658501898969
57 0.2270155654075552 0.5281165680067925 0.2938698876819217 0.5272833561109184 0.2951046244278359 0.6263451073557068 0.22825030229762433 0.6271783119722809
55 0.298535040112597 0.5279074650168748 0.3480719573058195 0.5322973108024148 0.3335925877400996 0.6956713644684972 0.284055679180824 0.6912815853399542
40 0.7605018359610085 0.6724738671875 0.7100264876536357 0.6724738671875 0.7100272239256356 0.5317073171875001 0.7605012707455217 0.5317073171875001
41 0.7265112152722395 0.7041514140964177 0.6746094000394578 0.709730507013685 0.6564818016030358 0.5411031265787103 0.7083820141416481 0.5355241186619604
38 0.7093493535646758 0.35958169032901977 0.7093496384663922 0.5365855250384125 0.6656503578943784 0.5365852774107727 0.665650602966366 0.3595819763789011
27 0.959375 0.88828125 0.9703125 0.88828125 0.9703125 0.90078125 0.959375 0.90078125