57 0.26132281496518317 0.5210209976702558 0.31429552036217956 0.5468390248917151 0.26081641051655424 0.6565545608892314 0.20784388858908187 0.6307368149617592
6 0.37472638711449235 0.6316167386210956 0.42092983579254906 0.634994458943091 0.4168373751595027 0.6909674419492745 0.3706339286753746 0.6875897407116429
6 0.2900716430910961 0.5286827380868471 0.3388180200111037 0.5330024213307204 0.33112534338897603 0.6198036076317373 0.2823789708821778 0.6154839573176204
6 0.2826086953125 0.4432055734375 0.32744565312499996 0.4432055734375 0.32744565312499996 0.5205574921875 0.2826086953125 0.5205574921875
6 0.6557316073548236 0.5543648287772844 0.7083878413443472 0.5483263318842289 0.7177874733188219 0.6302835409063263 0.6651312469811046 0.636321992821101
6 0.7256468416728694 0.5369471753231859 0.6806933152836336 0.5413291913104566 0.6727910047428622 0.46026535304120525 0.7177439848269387 0.45588336367431725
0 0.2992147751032235 0.4432020701673152 0.25240304883607223 0.4416580881417561 0.2573788673788613 0.29081780019097997 0.3041898000715264 0.2923617690688881
43 0.3263173447838881 0.5214069742900804 0.28113845405164284 0.5193020853438918 0.2902836670372153 0.32303892377543536 0.3354613983381114 0.32514378535739175
55 0.2895618224957843 0.5276004747094704 0.3387586479394713 0.5324346224770753 0.3214257769368487 0.708811042298637 0.2722289627747614 0.7039769747072785
40 0.7688674373312097 0.682483201236282 0.718177361488415 0.6870162714843387 0.7045829461786752 0.5350094798694237 0.7552716019657737 0.5304764733174926
41 0.7274762742669054 0.7325160670213846 0.6746594807456177 0.7375034787587661 0.6573433903373598 0.5541401536380838 0.7101583507629812 0.549152827137856
38 0.7227884341454001 0.5368924657005341 0.678223594412998 0.5384439479930775 0.6713098991973538 0.33985369320344544 0.7158735246196102 0.3383022324513178
39 0.6981688301789291 0.29368894663027995 0.7531901412761499 0.2922154298689329 0.7575258410747665 0.45410479237472695 0.7025045306288575 0.45557829551887674
27 0.959375 0.86953125 0.96875 0.86953125 0.96875 0.88984375 0.959375 0.88984375