6 0.43228905026126085 0.4353356407228517 0.43300711853601115 0.44419798430071805 0.40963185944508496 0.44609182056743973 0.40891380611992645 0.43722949096619573
6 0.4357527113411379 0.6260985397143738 0.4507139953053638 0.6489588625905451 0.42492237206852224 0.6658363531026772 0.40996116658448045 0.6429760995099306
6 0.47248638970779666 0.7122264579601955 0.4693662647862311 0.6968240621040453 0.5034192019530792 0.6899268181158542 0.506539369021084 0.7053291568658584
6 0.5467084748819389 0.2984698388039429 0.543511415433386 0.3401229715901308 0.4771386022439401 0.33502855143498617 0.48033578410161226 0.29337555191837567
6 0.5357095543142805 0.3356962248263047 0.5334508540147453 0.3844851709736082 0.46607097200865155 0.3813657131850201 0.46832984337470407 0.3325769473504045
6 0.460627128857368 0.4041327990553681 0.46062719278529585 0.3749999722420521 0.5191637590310165 0.3750000571725838 0.5191637962651612 0.40413278245944123
6 0.5275261037058954 0.4014227063569634 0.5275261813023917 0.43089432026042324 0.4627177355267804 0.43089429977858523 0.46271777896606636 0.4014228070276676
6 0.46136540297823103 0.4515823420828706 0.4597691267983919 0.4266255320627764 0.5337457075685279 0.4218940279202128 0.5353420982021362 0.4468507148066616
6 0.47804878124999994 0.45189701875 0.5358885015625 0.45189701875 0.5358885015625 0.4749322484375 0.47804878124999994 0.4749322484375
6 0.4728010095917625 0.2981502710839975 0.470532655189686 0.34714846962378976 0.40309015163097683 0.34402615511195195 0.40535866005450316 0.29502811892584196
6 0.4521711620759561 0.39797126766417346 0.3885945904090704 0.3922226693069736 0.39352815361667126 0.33766468147838563 0.45710433428212127 0.343413261950017
6 0.39209165676220437 0.41684631719842713 0.39479330247775124 0.38906012770955517 0.45202608282238543 0.3946245225620419 0.449324543947796 0.42241061384387046
6 0.45092148986373104 0.41333890748159113 0.4536525535736473 0.4428318933684993 0.3957446498467334 0.4481937226140064 0.39301370772159316 0.4187008495205852
6 0.3860627171875 0.559620596875 0.44459930312499996 0.559620596875 0.44459930312499996 0.58807588125 0.3860627171875 0.58807588125
6 0.3937282234375 0.5833333328125 0.44599303125 0.5833333328125 0.44599303125 0.6161924125 0.3937282234375 0.6161924125
6 0.3899352588208558 0.6646991655094542 0.457702654284617 0.6562514423086202 0.4641455917987969 0.7079292704260157 0.3963782049229394 0.7163769475668055
6 0.4627176307621994 0.7079945864746815 0.4627178689702305 0.665650301368588 0.5344947159766207 0.665650605146407 0.5344947958151351 0.7079945718042919
6 0.45184526120226565 0.6706953095963412 0.4501083844770619 0.6242467013939375 0.5214305938629877 0.6215799674103369 0.5231677843092939 0.6680282486875133
6 0.5152780030999793 0.5992763054946344 0.516879696185697 0.6289249412012007 0.45758276999310965 0.6321276951126067 0.45598125054527827 0.6024792251318913
6 0.4485629431369489 0.6068377165014067 0.4472928199166972 0.5741769580973237 0.5154310674212184 0.5715273542134772 0.5167013825484901 0.6041879120480439
6 0.536880344532733 0.5322394677397367 0.5363389346809981 0.5545163597800079 0.46110552859408926 0.552687782150187 0.46164707344814815 0.5304110287931059
6 0.5343507823123446 0.5069325801485913 0.5322148857374032 0.5332953184596586 0.46919709873441207 0.528189848758631 0.47133311486038565 0.5018272419615422
6 0.47301307444740814 0.5038853559206896 0.471567754620537 0.4771265924081834 0.5318345273525438 0.4738715835168434 0.5332799604572074 0.5006302259932216
27 0.2898627992484535 0.36709346938176884 0.29729565972513683 0.32186248658896127 0.41302904020176356 0.3408802641028694 0.4055965022711234 0.3861109565691081
27 0.5213067523174004 0.4254678859458835 0.5184668984373957 0.4021002703124675 0.6295129009824905 0.3886052802561479 0.6323528937708716 0.4119727338720631
27 0.6535747209105693 0.4523187628391771 0.6538655254165633 0.469660518200704 0.5326848542563312 0.47169188400083917 0.5323941999489534 0.45435027653816223
27 0.5176706254048895 0.3356596835041263 0.63519991317105 0.33082437661259306 0.6367792278639399 0.36921055863979396 0.5192499403258353 0.3740458555483972
27 0.627612404206161 0.6166048401914311 0.6257183806006879 0.6384233205090488 0.5085168937697517 0.6282497204287854 0.510411136941002 0.6064314838985374
43 0.6589242497998384 0.2988641237704991 0.6578890142960745 0.34025358799320554 0.47719863256145345 0.33573323377525116 0.4782342199712275 0.2943441222199843
57 0.47188321381065634 0.2270153933979862 0.47271673720251783 0.2938699056650232 0.3736549000393552 0.29510460674690564 0.3728216429724398 0.22825035386339898
55 0.47209264875482404 0.29853423289411285 0.4677025562974677 0.34807183782038803 0.30432805722887224 0.3335930439769742 0.30871849956861297 0.2840558383723083
40 0.32752602590380775 0.7605015698501852 0.32752646140181696 0.7100266526509058 0.4682924152743908 0.7100271953687409 0.46829277669860403 0.76050131388425
41 0.29584861545822605 0.726510023188486 0.29026907449872397 0.6746085734362813 0.4588958428777232 0.6564820632170134 0.4644761999355751 0.7083825994503724
38 0.6404186972351908 0.7093495937500002 0.46341413891150296 0.7093495937500002 0.4634148998006822 0.6656504062499998 0.6404178394822111 0.6656504062499998
27 0.09921875 0.959375 0.11171875 0.959375 0.11171875 0.9703125 0.09921875 0.9703125