6 0.295397492615848 0.5856499619941832 0.3423202008013959 0.5879958238182774 0.33828129417452146 0.6687739683620509 0.2913585873446891 0.6664281246728853
6 0.32912085783561906 0.518430779110935 0.37506606968258893 0.5228061043210328 0.3677959620403044 0.5991423179946139 0.32185075427014453 0.5947670213374134
6 0.3868 0.5384 0.4176 0.5384 0.4176 0.6184000000000001 0.3868 0.6184000000000001
6 0.6523850248546523 0.6138868564375575 0.7027663085048061 0.5960457661412505 0.7263133973947333 0.6625322490216934 0.6759321738484232 0.6803732171917543
6 0.6351882997524854 0.5388316724147906 0.6791264593988444 0.5337623956274177 0.6874651549383088 0.6060314108154926 0.643527000715153 0.6111006554390385
27 0.3250503206747908 0.4133798836191942 0.3597826470650034 0.4113953202020103 0.3663999999999987 0.5272000000000003 0.3316676750106353 0.5291845471032292
27 0.39193943494376526 0.42540325755004255 0.41664235585778897 0.425977700631066 0.4139029207492513 0.5437744381177725 0.3892000000000735 0.5432000000000007
43 0.32680024631156357 0.5751999999999999 0.2855998212605755 0.5751999999999999 0.28560044125663353 0.3976 0.326799798107686 0.3976
0 0.28435671058525713 0.5456142934162558 0.24676375585249843 0.5412661289904138 0.26528478367356456 0.38115477208119486 0.3028768714847274 0.38550288508525504
38 0.682 0.40800000000000003 0.7236 0.40800000000000003 0.7236 0.592 0.682 0.592
41 0.7280575486028056 0.7653779927277172 0.6781651684910912 0.7707613235557691 0.6601142742977117 0.6034836519057827 0.7100049570658484 0.5981004121088123
55 0.2984293939661029 0.5835775310508895 0.3475824913808765 0.5901303722030986 0.3248263554686446 0.7608030160081322 0.27567328069801533 0.7542502892106965
57 0.29300526105271274 0.7293954987208678 0.2403220387368492 0.7281983042546786 0.2437771104625881 0.5762131815331688 0.2964587548020745 0.5774103581694866
27 0.9453125 0.88359375 0.9546875 0.88359375 0.9546875 0.90703125 0.9453125 0.90703125