6 0.3423524780025673 0.6269833535835518 0.3393350415491341 0.5972178445930783 0.4178862220828705 0.5892555487106756 0.42090385105359474 0.6190208396545634
6 0.3466187756984027 0.6601251982280927 0.27957190643417107 0.6649880215794307 0.2756124467517793 0.6103980877958036 0.3426586075194109 0.6055352902639287
6 0.35653455588601446 0.654220556831283 0.36476900124750955 0.7049833345486662 0.29214988677699694 0.7167610513670938 0.2839158799727102 0.6659986654204876
6 0.37456507488332136 0.3381471310021238 0.36914508165057214 0.39384328930058465 0.2936427892059328 0.3864959161359557 0.2990629885077851 0.33079998971820923
27 0.5165765594206277 0.5918575340608686 0.5178785216804727 0.6132601892425382 0.41191220429175246 0.6197051289235906 0.410610464062529 0.5983026875000168
27 0.18299679262020163 0.6722238508891847 0.1778464890084024 0.6298869444370202 0.2849156306315308 0.6168634238884756 0.29006631591892074 0.6591998723359038
43 0.5814547951549685 0.2999299368618766 0.5801584791017831 0.3435408690375121 0.38303791674411514 0.3376805996469856 0.3843346379723016 0.2940700880987489
57 0.3856999767401703 0.2221348547830338 0.38208371721145795 0.292214336571151 0.26759061280017704 0.28630595964443367 0.2712071667692726 0.21622679233667877
55 0.3869151134574622 0.2875036883704947 0.38394860983646595 0.3402028775631513 0.210686138143501 0.3304492657587801 0.21365304382095474 0.2777505305571711
38 0.3635400724537021 0.7022301037773593 0.3645015675763261 0.6615192122415648 0.5589676251217952 0.666109798213903 0.5580069740940417 0.7068198661461728
41 0.3607897240494822 0.6583219557699841 0.36267018119383465 0.7085455293299507 0.18435221255845136 0.7152192379578618 0.1824727270194444 0.6649966152561455
27 0.08671875 0.9640625 0.09453125 0.9640625 0.09453125 0.9703125 0.08671875 0.9703125