0 0.29193956268795773 0.30920194005525725 0.2567297029904694 0.3082632293070975 0.259855436787916 0.19102964198956313 0.29506497344266336 0.19196834835271723
43 0.316034288812034 0.5037275107528357 0.26834637783679227 0.500943298759613 0.2791741254648059 0.3155082946226658 0.3268609093336181 0.31829247314201037
38 0.6755903525779559 0.3110255172951447 0.7179972076874037 0.3095517667442702 0.7242235685965852 0.4887060340814533 0.6818167145670486 0.490179768449235
41 0.7301112964690901 0.6663871148891529 0.6773315222959582 0.6682956269115621 0.670808894368065 0.4879046563105395 0.7235870024985616 0.4859961743471363
40 0.7207341221300112 0.45852466321272844 0.796598915786717 0.4613638934602244 0.7924391200394894 0.5725059250066323 0.7165743271784777 0.5696667194948573
55 0.29498097219891406 0.6687439410025283 0.24555114297777436 0.6563712573971638 0.2855999768167976 0.4963936149193383 0.3350284426625194 0.5087661210937389
6 0.31905696591275046 0.5003545931008516 0.27338301045574553 0.50296891632143 0.26869420978232483 0.421052593705828 0.31436763864155637 0.41843828562699537
6 0.3177892029925715 0.44974031046016394 0.3614514831140241 0.4508024644455347 0.35989266090439287 0.5148770399027905 0.31623038090162936 0.5138148909133617
6 0.3873531942297177 0.5334313203962816 0.3538032110484437 0.5313022413822248 0.3579913684556004 0.46531343097602107 0.3915410142201381 0.4674424992301164
6 0.3853967565921721 0.4743117299690036 0.4234718935960018 0.47709040699039407 0.4184731163404649 0.5455814720002375 0.38039798097156563 0.5428028097611788
6 0.5771998577391741 0.45804009927309547 0.6151119176115571 0.45709418955448167 0.6173305493323369 0.5460104153033059 0.579418489680279 0.5469563185903253
6 0.6410705542300548 0.537185419486296 0.6089742007779932 0.5368045469334258 0.6099213303846227 0.45701239695955037 0.6420173013291333 0.45739326726356483
6 0.6817538105505037 0.4404069286040367 0.6817539726124551 0.516715137852054 0.6340169116532479 0.5167150226180987 0.6340170150143649 0.4404070786840109
6 0.6803394625 0.4171511625 0.722772278125 0.4171511625 0.722772278125 0.4869186046875 0.6803394625 0.4869186046875
6 0.6259143817665063 0.5287798227622694 0.676588949674283 0.5252578084784842 0.681878728968627 0.6013597913945328 0.6312041634869274 0.6048817826182903
6 0.7304442138428158 0.5717148873218375 0.6792986758376856 0.57745721709214 0.6696995456965169 0.49196422092355957 0.7208443776311242 0.486221931150784
6 0.5967951705490577 0.5430319538617607 0.6321011016232205 0.5441055070843841 0.6303106640027636 0.6029818550903097 0.5950047332011081 0.6019083073889545
6 0.3997628227922405 0.5613477248036893 0.43126822347721827 0.5621141110228145 0.42984156850502586 0.6207564489602994 0.39833616796568094 0.6199900667801959
6 0.32929836064954543 0.5168841751425763 0.37856823074162094 0.5248744223418028 0.3653364194948381 0.6064574297653614 0.31606656304131775 0.5984672391738869
6 0.29106226309613703 0.4943280220602271 0.33951556940633054 0.5155442844661562 0.3157974759052422 0.5697065353439179 0.2673442298256532 0.548490374531185
27 0.6077509491872206 0.33633250372865303 0.6349265077154769 0.3354510447940793 0.6392689073464908 0.4693220358533564 0.6120933491913547 0.47020348757690855
27 0.713540872885801 0.42990553829156425 0.6828316942513766 0.43194298649375623 0.6748486812607553 0.31162249407715487 0.7055574432093863 0.3095850597404254
27 0.68226889688151 0.5661321481315073 0.7211348714098449 0.5596491661447878 0.7379097076378685 0.6602046467301929 0.6990437482040761 0.6666875672015548
27 0.6384042994976653 0.591802701345349 0.6824505437253947 0.5842397211640078 0.7056147029572912 0.7191293933822349 0.6615684856701591 0.7266922700994229
27 0.27487503740178454 0.5470402576841376 0.31812777942855064 0.5536733346435359 0.3005767251750058 0.6681071404854375 0.2573239991324954 0.6614741349931801
27 0.337358845642143 0.7375573817019944 0.2894112743434789 0.7278381691319986 0.3195737073875762 0.5790641123619473 0.3675198393152641 0.5887831728662766
27 0.9625 0.92578125 0.971875 0.92578125 0.971875 0.93515625 0.9625 0.93515625