6 0.30530445127601524 0.5830637307738926 0.3527523541612254 0.5884952138526837 0.34462235054991197 0.6595084824639044 0.29717445396943276 0.6540770360743009
6 0.6008248239179466 0.5110494371725743 0.6440343330534688 0.5145531374914372 0.6379005150284911 0.5901918682950883 0.5946910085875743 0.5866881903090762
6 0.674619396273556 0.5850160663004158 0.7081154437987607 0.6272649322284513 0.6584031143704578 0.6666732392853492 0.6249073432060186 0.6244246282076773
57 0.23457357057031913 0.5931118112078528 0.2980846546255407 0.5828123398846082 0.3145833790855477 0.6845386926521242 0.251072318320098 0.6948380608349883
55 0.300919378125 0.5843023265625 0.350070721875 0.5843023265625 0.350070721875 0.755813953125 0.300919378125 0.755813953125
43 0.34605057017768104 0.5641498639553346 0.3053487130902113 0.5580205121103682 0.3320532283139528 0.38070687769356293 0.37275405613991097 0.3868361508488692
0 0.34016981854040296 0.4876453500000001 0.2991512350863559 0.4876453500000001 0.299151642572383 0.34593023281250007 0.3401694847851786 0.34593023281250007
41 0.6995352862800246 0.755279362080945 0.6522738860844584 0.7594128654707775 0.63749068086031 0.5904002519679087 0.6847504976528853 0.5862668167481754
40 0.6773463188554842 0.6727661656219215 0.7001156770642183 0.5730721775056011 0.771727573266844 0.5894260812321851 0.7489590294520667 0.6891193591373299
38 0.6408612050682905 0.3879870527331441 0.680784596181411 0.38818938327923863 0.6798378154368265 0.5749936791575853 0.6399144243034698 0.5747913514129238
39 0.7059686603615773 0.5167855788924571 0.6631727157923706 0.5178814465524747 0.6592551288944151 0.36488558308745517 0.7020501695177472 0.3637897272191586
27 0.92421875 0.9109375 0.93828125 0.9109375 0.93828125 0.9265625 0.92421875 0.9265625