6 0.3326271916314454 0.555232559375 0.2955507436855669 0.555232559375 0.29555099227752635 0.4781976734374999 0.3326269883314126 0.4781976734374999
6 0.3758258750372079 0.568582785228707 0.3345595816279001 0.5714468585263993 0.3292959171202483 0.4956096343149814 0.3705617054947652 0.49274557856865414
6 0.35084337557645995 0.5811814039989163 0.33893497951544305 0.6398629031100903 0.29271350913052174 0.630483901808177 0.3046220929982155 0.571802658246197
6 0.3486777937732768 0.5906593791652927 0.3954336179842812 0.5989193623068927 0.38480747932021586 0.6590618050492048 0.3380516678054164 0.6508018699955664
6 0.3858246291179057 0.6107932617104618 0.41496481017111364 0.6100481692420061 0.4163985773808463 0.6661152695872148 0.3872583964803198 0.6668603579975786
6 0.7008855734981125 0.5612396515564604 0.6630622576939231 0.565480230654348 0.654344585711442 0.48772888436884787 0.6921674290629198 0.4834883321597061
6 0.6339132857208369 0.6022273667440806 0.6840370488088183 0.5790642733570769 0.7096349462236731 0.6344506433950088 0.6595112645781 0.6576136040313282
43 0.3329802956984622 0.556686046875 0.29625691840419677 0.556686046875 0.296257534290703 0.36409883749999994 0.33297988856929805 0.36409883749999994
0 0.2966330412059506 0.5241047434827578 0.25532608979403904 0.5185300999457604 0.27598083928376127 0.3654965167805542 0.31728693120737717 0.3710711011984579
38 0.6527603598239011 0.3968965445273709 0.692679227048302 0.39530685861921766 0.699351670004603 0.5628487534334935 0.6594328040140454 0.5644384197242783
39 0.6566289398980416 0.3642384920564587 0.7059386583423475 0.3527392195790265 0.7468722685836156 0.5282556384284618 0.6975625969906787 0.5397547677282073
41 0.7040836672964588 0.7453197079525656 0.6562386750326823 0.7496685244492743 0.6412632332622934 0.5849240459017946 0.6891066201973217 0.5805753031405547
55 0.30240900868420795 0.5727902463867708 0.34806870623140185 0.5751428945332056 0.34023052945372 0.7272461220200036 0.29457083448176036 0.7248935092032078
57 0.30875240691045747 0.6621618739750049 0.24083387037740067 0.6698073604253411 0.22921341712526555 0.5665836082275606 0.2971306532829203 0.5589381953792885