6 0.37771102809335844 0.5752337130398152 0.33375417577406097 0.5720201084867854 0.3394705139683083 0.49384136142416213 0.3834268045152385 0.49705494528496375
6 0.3959913711490799 0.5307148203736618 0.4267964522972534 0.5298316495837211 0.42885417333479836 0.6015983548594187 0.3980490924207061 0.6024815201743045
6 0.2931667555895956 0.5352104387900313 0.3305162878853025 0.5191484797223468 0.3625844186841505 0.5937108918302758 0.32523495172722505 0.6097727387651731
6 0.3475808315519089 0.5650787957887463 0.39569457936363506 0.5709412330515206 0.387822293547174 0.6355431198129504 0.3397085518249696 0.6296807173680073
6 0.4139789604981843 0.6471828396008447 0.38399198428953696 0.6458542121497619 0.3861013325958993 0.5982553422658797 0.4160880378761931 0.5995839637016604
6 0.5897114138549568 0.5926465803737446 0.6434021506740919 0.5554610825219944 0.6764919535318086 0.6032332885430217 0.6228013792580214 0.6404185900540459
6 0.6705164446517529 0.5588850171874999 0.6239808061619669 0.5588850171874999 0.6239811337096626 0.47526132499999996 0.670516155071482 0.47526132499999996
27 0.6199302597598262 0.3780122377312761 0.6603160611331305 0.3764623098369471 0.6653857798105491 0.5085546161843869 0.6249999793146799 0.5101045304813541
27 0.6148522398829073 0.6170209274282635 0.666469672930134 0.6023891157902126 0.7014877819240155 0.7259080658233293 0.6498704265773085 0.7405396834208842
27 0.40737251013808873 0.4367498549293181 0.43236038350505623 0.4386728510550322 0.42465948076824134 0.5387334026296506 0.3996716089344545 0.5368104207027982
27 0.34417906173109714 0.6009347043689045 0.38436165553525825 0.6123983163642591 0.3501259847332676 0.7323861937843851 0.3099434493560693 0.720922728115874
27 0.3800549827145687 0.5226796343868224 0.34497756709481564 0.5209483213144757 0.35188451168085066 0.38102562477184854 0.38696127624677956 0.3827569221428236
43 0.34171223415535223 0.5351916375 0.30468738641616255 0.5351916375 0.30468788083555864 0.3804878046875001 0.34171191938526135 0.3804878046875001
57 0.3013237977764902 0.635901308145628 0.260676796556254 0.6319391753746851 0.2738636088072326 0.4966754143529743 0.3145096752914469 0.5006375016200536
55 0.3138491863519448 0.5249584708207935 0.3615078693379701 0.536700074062913 0.32624982282970905 0.6797960014413476 0.27859119502772955 0.6680545555677545
41 0.7301397732792339 0.6719281129169152 0.6783995926773514 0.6878700332307595 0.6313757338535879 0.5352670806504658 0.6831145014972435 0.5193253931460867
40 0.7492879426100671 0.6273731929424902 0.7021376665041998 0.6337941843713825 0.6834289528856061 0.4964231285680555 0.7305781118636787 0.4900022148596079
38 0.655947429782259 0.36345074562954716 0.6977890748900109 0.3614680199746053 0.7050737797000011 0.5151894495654344 0.6632321362791345 0.5171721546791226
27 0.93671875 0.87109375 0.95546875 0.87109375 0.95546875 0.89140625 0.93671875 0.89140625