6 0.3359376431006922 0.47944250781250003 0.29076072826899235 0.47944250781250003 0.290761002844647 0.3895470390625 0.3359373755653223 0.3895470390625
6 0.37070713312778025 0.5145713904671539 0.3254458026120801 0.5157531928921617 0.32301530765323605 0.42266366802009525 0.3682760380348782 0.4214818734233602
6 0.37129136231646953 0.4471148739186381 0.4028550903086625 0.44801982311228805 0.400741649617089 0.5217294359938379 0.3691779218154352 0.5208244917320908
6 0.28759923664540565 0.5250625892686399 0.3356776336669327 0.5261784417072898 0.33394300897248286 0.6009107279431243 0.28586461225268067 0.5997948826388239
6 0.37543950531301107 0.6272034940685153 0.32253244684795845 0.6172858669062357 0.33620690491261485 0.5443473198830712 0.3891132824878696 0.5542648816068393
6 0.3775662263440154 0.5691809481958033 0.41047363138454784 0.5659732713922884 0.41704937567294564 0.6334263250125012 0.3841419735498448 0.6366339819172782
6 0.41202445625 0.577003484375 0.44089673906250004 0.577003484375 0.44089673906250004 0.639024390625 0.41202445625 0.639024390625
6 0.4541394883116254 0.5363371167912442 0.42532938322187874 0.536877191566337 0.42386697628057846 0.4588621956388405 0.4526767397712774 0.4583221240722092
6 0.5319293468749999 0.46968641250000004 0.55638586875 0.46968641250000004 0.55638586875 0.5491289203124999 0.5319293468749999 0.5491289203124999
6 0.585853578045203 0.6431108321436881 0.5551202054718942 0.6434436913783131 0.5543276429998514 0.5702521162162385 0.5850606017091877 0.5699192592163166
6 0.6618161683599055 0.6287869262315267 0.6095372859858799 0.6282873223037475 0.610357199651844 0.5425451624224934 0.6626352888921474 0.5430447625810589
6 0.65828804375 0.5240418124999999 0.707880434375 0.5240418124999999 0.707880434375 0.6 0.65828804375 0.6
6 0.6306774798789547 0.4224006703309936 0.6737477109934389 0.4203014178680349 0.6779231244565835 0.5059627231066731 0.6348528943220799 0.5080619627896684
6 0.6635669715362837 0.39289591917618044 0.7072947622132233 0.3854826514497663 0.7220159914663782 0.4723124122712194 0.6782882114470112 0.47972563702440035
6 0.603270705455202 0.45340544465036026 0.634412781374408 0.452715511202255 0.635955325036548 0.5223376501176802 0.604813249249446 0.5230275799887342
57 0.28525135485926967 0.6880947611080849 0.23281469481082695 0.6872135033165646 0.23536661359628397 0.5354427632934302 0.287801808818017 0.536324008873987
55 0.288222378516366 0.5235774921361759 0.33675875237099717 0.5251036519619758 0.3316143370000191 0.6886942646269759 0.2830779642068819 0.6871681276223928
43 0.33386574113546885 0.4820202119252104 0.28795217848221455 0.4782200733611204 0.30119883828785987 0.318188295628508 0.34711147901441564 0.3219883950656244
0 0.2765404703321792 0.2633955500789497 0.31734882908449435 0.26472159788895766 0.31273019060415663 0.4068532043481767 0.27192183255510827 0.4055271660364464
6 0.5825355916819035 0.5754188812896098 0.6159689590614335 0.5745136151191578 0.6176673358893368 0.6372313875614762 0.584233968700687 0.6381366484950052
41 0.712693619918582 0.6935632503565158 0.6619397964731206 0.6950624190107905 0.6569180586365064 0.5250500457405552 0.707670265555862 0.5235509011286061
40 0.7101523564959962 0.5347069517744758 0.7793281820679567 0.5477580048018523 0.7584208138372333 0.6585638657247728 0.6892450241369943 0.6455129457284801
38 0.723772103673582 0.46980045937900117 0.6800655879833357 0.4789302197024714 0.6460325068095472 0.31601212358188 0.6897381572681525 0.30688245819480275
39 0.6700241424472324 0.308937900695676 0.7196934986146744 0.29279830233436477 0.7615920972564254 0.42173588238578386 0.7119227995553956 0.43787535876761263
27 0.95625 0.875 0.96875 0.875 0.96875 0.8875 0.95625 0.8875