6 0.6004535960345265 0.4060517335219284 0.586217691330944 0.35348307186213235 0.6619853105960374 0.3329656324606292 0.6762213582815093 0.385534052750976
6 0.5871363584400342 0.3818925109238837 0.5904890051532448 0.4162804613948581 0.5103851959637495 0.424089475457432 0.5070327328360236 0.3897016935419102
6 0.5121951203124999 0.359035325 0.5797909406249999 0.359035325 0.5797909406249999 0.391644021875 0.5121951203124999 0.391644021875
6 0.5296166274031293 0.6283965930308795 0.5296168338937832 0.6718750200810073 0.44947732041055133 0.6718749755713448 0.4494774593423472 0.6283968969178347
6 0.5983227753073379 0.6777228756368314 0.5584903913342032 0.642475780269991 0.6075547088222493 0.5870357671847519 0.6473867593749674 0.6222826093749684
57 0.5233445558668564 0.7601903308791118 0.5233450771479511 0.6932742072697058 0.6299650767963385 0.6932747931238187 0.6299653427221301 0.7601901302588177
55 0.5344588408445361 0.6977837685205734 0.5375331179528757 0.6503652790683206 0.7061696332009433 0.6612961560334919 0.7030962355325983 0.7087138056341188
40 0.5513797800888369 0.3042908150593893 0.5466431887273302 0.23302695175894894 0.6520554808207635 0.22602078245149376 0.6567923554405297 0.297284331759334
41 0.7362838155839881 0.2870975004938391 0.7408352511346266 0.33786347891466456 0.5654134061619516 0.3535893909215299 0.5608624357255394 0.3028238325965259
39 0.31103490905468334 0.3318020763083552 0.30195603265906357 0.2846422156557525 0.44890820266175524 0.2563523937701108 0.4579873197163806 0.30351194460514613
38 0.37604055998770036 0.34754532299159047 0.3686447570925111 0.30572640769571746 0.5270680640893488 0.2777090955352869 0.5344641189868753 0.3195276946555444
0 0.41254802296998605 0.682857980932794 0.4089794372362121 0.7267824767411927 0.2739268739516092 0.7158109268197828 0.2774960349408957 0.6718870766503076
43 0.49897548924820967 0.6747169451877787 0.4914066865901532 0.7155783420702149 0.31896328753168746 0.6836392585224694 0.3265326534030919 0.6427786101746159
27 0.8734375 0.040625 0.890625 0.040625 0.890625 0.0515625 0.8734375 0.0515625