6 0.6195190141094145 0.5981104898456722 0.6195191816055967 0.5218021802543154 0.6598302224654162 0.521802372926064 0.6598303190206707 0.5981104149025176
6 0.6357191498028669 0.5957173409890834 0.6835044012500475 0.5809232955085851 0.7039796534430707 0.6470516121670663 0.6561944445651307 0.6618455612181271
6 0.6611999406509312 0.6826078306520301 0.6135270857575961 0.6915281753697855 0.6002446255680525 0.620550550401633 0.647916823592027 0.611630268240332
6 0.6026501343516202 0.6204689938839316 0.5710917773523079 0.6230279059901822 0.5654966304604159 0.554029556470991 0.5970545946870516 0.5514706604713583
6 0.2946634263721535 0.594559993331535 0.32974787412058504 0.5611337410098499 0.3809115790274973 0.6148298709276584 0.3458273544702024 0.6482558961450473
6 0.3925125292411167 0.6816496098497964 0.3434361270926729 0.6697117579960165 0.36038867417744314 0.6000305077550547 0.40946442555934937 0.6119682773611637
6 0.4172165569517574 0.6869356883008493 0.3866690549705254 0.6795050298051436 0.40001035723673795 0.6246668932010903 0.43055753334647306 0.6320975105536499
6 0.3438687544585264 0.5523828787422741 0.3004681153478259 0.5418252025331015 0.3197416583678887 0.4626028640672484 0.36314176536529885 0.473160472018376
6 0.3875225500078159 0.5811202602801443 0.3433779507586223 0.5746771381529939 0.35445714138825224 0.4987780382498914 0.3986011809026877 0.5052211183139634
6 0.4164019168218829 0.59415828069927 0.38480648807603757 0.5934899487299095 0.3862480123143541 0.5253560829447954 0.41784306932015625 0.526024410948126
43 0.3448593934826931 0.5519445631747225 0.30145877518611996 0.5413868380497818 0.33860352804265403 0.3887060770628186 0.3820031975576512 0.39926368047891064
38 0.6322430852977732 0.4179183572042298 0.6738342975019123 0.40970407592674657 0.7045623257627085 0.5652781101885648 0.6629711425996447 0.5734922934822239
39 0.7221420569051133 0.5060427461423673 0.6834949137759168 0.511056891032959 0.6625883058403588 0.3499235033515447 0.7012346206194024 0.3449094137229497
41 0.7130985648617525 0.7383250236854718 0.6659488034400738 0.746214654316059 0.6397586729925706 0.5897152478027381 0.6869069615879653 0.581825742459867
40 0.6742174662248317 0.5682057463331426 0.7252786987052104 0.553024710189788 0.763805724819349 0.6825953959733764 0.712744573651662 0.6977762371858152
27 0.94140625 0.8875 0.94921875 0.8875 0.94921875 0.89375 0.94140625 0.89375
55 0.3213329599385588 0.562928828792073 0.3699485316734581 0.5737410023577564 0.33600297120688083 0.7263545433954207 0.28738745288444534 0.715542534957242