6 0.6152601506715882 0.6222473903457719 0.6422486390005133 0.6543925305208604 0.5883617229440006 0.69962871479334 0.5613734760654552 0.667483801658256
6 0.5886944430828862 0.6443491834232079 0.5893027504112069 0.6019384400455772 0.6628725616550355 0.6029934738500367 0.6622645548201262 0.6454039193834897
6 0.5316132928325032 0.6307672930807733 0.5284858191299691 0.672469573270532 0.4561205496072489 0.6670428805358919 0.4592482970240326 0.6253409023369805
6 0.48245290594729795 0.38606051432062327 0.48137361197871087 0.34398643431362796 0.5492642881789607 0.34224487435132706 0.5503437365756554 0.3843187983075981
6 0.5317072668220817 0.3053667749156543 0.531707348040868 0.3454483839895183 0.45435534002479017 0.3454483442923186 0.4543554122939213 0.305366891145662
6 0.574220659782668 0.33560459087227773 0.619486804533949 0.304650195848271 0.6529616718750049 0.3536005437499826 0.6076956089239047 0.3845548413961103
6 0.6659201033820636 0.40057222370207973 0.6128172765515956 0.41570268525256865 0.5992947817850336 0.3682450577642634 0.6523973211012617 0.3531146396570519
43 0.5016945075976764 0.6706802204525709 0.49945105896858877 0.6890889831288198 0.4004350846927309 0.6770231640387927 0.40267869444778626 0.6586145903155881
38 0.3835322410286608 0.3510239591211297 0.3812672232094201 0.3103597857362979 0.530311933282519 0.3020577493397922 0.532577235698227 0.34272162170846354
41 0.7118106036233485 0.3056131858077006 0.7187486113804198 0.35262392564605965 0.5809725549589757 0.372955933204654 0.5740349207098916 0.32594552195376647
40 0.679543852806205 0.2650832477770207 0.6872673551127946 0.3079059231707171 0.5679118343225582 0.32943184709438994 0.560188597301476 0.2866094043278594
55 0.5613748008801167 0.6764598699175738 0.5688484786315939 0.6351883429921726 0.7058416982939661 0.6599920337743452 0.6983686855613769 0.7012629700087117
57 0.5669568379007615 0.7482126644594443 0.5573106633861471 0.6941266688770744 0.6411752039836074 0.6791715485315155 0.6508217670912018 0.7332570520977727
27 0.8578125 0.065625 0.8671875 0.065625 0.8671875 0.0734375 0.8578125 0.0734375