6 0.5901162790347598 0.2772277051074305 0.5904560363918563 0.2859556499420929 0.5562270307674453 0.2872880343819941 0.555887286723987 0.27856010234801165
6 0.5076269084113392 0.6760425280679437 0.510119121057869 0.7212740778842777 0.4128609436716033 0.7266314801632087 0.41036922724947544 0.6814004078815965
6 0.44379361615801827 0.6779817289331951 0.4472507107612955 0.6318089845594103 0.5291492018227473 0.6379399549088881 0.5256925121107088 0.6841123226819094
27 0.45275451758243435 0.6383546738198547 0.4537808640786807 0.6757742515265679 0.3246329951377902 0.6793148204688291 0.32360714590549833 0.6418957216711881
43 0.5087205425153343 0.6789226260819594 0.5087215150541624 0.7248935327712893 0.3357559334248208 0.7248953690722096 0.33575580994363463 0.6789253202939919
38 0.3346082116507887 0.3205396924181521 0.3381626105702935 0.2772775305387892 0.5166378657994528 0.2919399797039837 0.5130838549224563 0.3352017822556229
39 0.2148650585412497 0.2882173551595724 0.21932479135284666 0.25100233609632344 0.394461484470753 0.27198910756259315 0.39000205881382044 0.30920385209467
41 0.7198193952885958 0.2528248549837299 0.7282888498649527 0.307747967518353 0.5243790175499043 0.339189833047299 0.5159101272898852 0.28426720973463776
40 0.6111917429450386 0.2181752691261154 0.6111919372681314 0.28995759651922987 0.494912696231836 0.28995750167753087 0.4949128266250682 0.21817550221297727
57 0.5258499879658984 0.8003053600117592 0.520314400621487 0.7277805355416221 0.6468729218987619 0.7181222632728466 0.6524094852857161 0.7906460028485057
55 0.5177668699554943 0.7155739716735564 0.5282384560468927 0.6601551076773003 0.7174853544112239 0.695907639750795 0.707015075812933 0.7513253466389329
27 0.8875 0.0734375 0.8953125 0.0734375 0.8953125 0.078125 0.8875 0.078125