6 0.7227722914357173 0.5901162791694318 0.714044332215849 0.5904559810925095 0.7127119958214507 0.5562269963517735 0.7214399029898004 0.5558872954416009
6 0.32395731145209083 0.50762730989754 0.27872571816135405 0.5101186210772026 0.27336871803504437 0.4128607979393801 0.31859968516312165 0.4103695042291259
6 0.322018256891738 0.44379369096766486 0.36819084550597836 0.44724973163046894 0.3620602214846258 0.5291489134454399 0.315887635210629 0.5256928939551924
27 0.36164504951761955 0.45275452962156687 0.32422547085536735 0.4537802236943089 0.32068558835464955 0.3246329048627386 0.35810461068535915 0.3236072182747341
43 0.32107538493301035 0.5087209296874999 0.2751059619162106 0.5087209296874999 0.275106549121233 0.33575581406249994 0.32107491641090746 0.33575581406249994
38 0.6794600633645587 0.33460828119345226 0.7227214862069786 0.33816187646724255 0.7080603196385482 0.5166376382757281 0.6647989014852556 0.5130840844739394
39 0.7117824157364794 0.2148651570885658 0.7489969514149379 0.21932426785286138 0.728011180846579 0.3944613184015249 0.690796651213418 0.39000224465710287
41 0.7471755983275443 0.7198202427920171 0.6922511584364202 0.7282882442473032 0.6608104553081375 0.524378143294288 0.7157328395450122 0.5159103003634221
40 0.7818250363621928 0.6111918609375 0.7100422069237311 0.6111918609375 0.7100428300612975 0.49491279062499993 0.7818242539755147 0.49491279062499993
57 0.19969462111498615 0.5258498256812825 0.27221919862711275 0.5203150239798864 0.281878613806839 0.6468735581102232 0.20935404467945773 0.6524082972992621
55 0.2844250940732991 0.5177677258814009 0.33984464135573944 0.5282353035061123 0.3040956201244853 0.7174843528154432 0.24867612525974891 0.7070169637988964
27 0.921875 0.8875 0.9265625 0.8875 0.9265625 0.8953125 0.921875 0.8953125