6 0.5233500297098317 0.72051276426558 0.4946591880257074 0.6784744624007549 0.5664312041105859 0.629497400729873 0.5951219515626462 0.67153532499998
6 0.6314170855719112 0.619800932344845 0.6232612958899608 0.6699932193449489 0.5427025658033244 0.6569042161275387 0.550858674792039 0.6067123216156504
6 0.47769701245272245 0.5552328419746443 0.47709160121473815 0.5316320215102133 0.5453915669284015 0.5298799764393881 0.5459971078480521 0.5534806647498415
6 0.549381320709017 0.5048169722596108 0.5483981547071153 0.5310396353947656 0.47179972889978217 0.5281676923409651 0.47278304684198247 0.5019451887024204
6 0.5526131863667842 0.4758830783285582 0.5526132776946042 0.5020380503104349 0.4738675691960452 0.5020380323539405 0.47386763117208375 0.47588321419812213
6 0.47550332840296505 0.4744217811659468 0.47495703613230944 0.4508836564150748 0.5517441215781673 0.4491014853168078 0.55229053787059 0.4726394831084866
6 0.4620207893121915 0.6110733891406466 0.46202093204522043 0.579483609957937 0.5331010018509232 0.5794837760890421 0.5331010626309762 0.6110733527378378
6 0.46620199896142367 0.6402853423824255 0.4662021418872655 0.6083559040931724 0.5358884676476237 0.6083560826833374 0.5358885363407353 0.64028530964157
6 0.6329239337429726 0.3447597072538009 0.6473820452270047 0.3951820339374874 0.5646960147767004 0.4188900165294415 0.5502381984688327 0.3684679422124895
6 0.41576801979181255 0.3338599769676488 0.41434223968622064 0.29290606706769723 0.4980291118307605 0.28999253148304466 0.4994550492036751 0.3309462816262896
43 0.48083583353025006 0.6715335979486728 0.48083664848752505 0.7139942039046859 0.31707319589168037 0.7139955991326448 0.3170731146702792 0.6715357282746861
38 0.32663250340772265 0.3435393531961759 0.3233156497219625 0.30270779882253485 0.49513481850317476 0.2887503288270707 0.4984519812292092 0.3295815452014507
41 0.6390939453079909 0.29491734428425437 0.6516833051957747 0.34577522396180504 0.5139502322755334 0.37986774371266213 0.5013612985535474 0.32901022808812735
40 0.6080011136575649 0.2686935697947271 0.596853786327415 0.3235797739672352 0.49328394188535185 0.3025450356355997 0.5044314551387288 0.24765908285291166
55 0.5034372056713892 0.6981363452616239 0.5146381019613955 0.6456247317322045 0.6698929923559263 0.6787357757391173 0.6586931000606455 0.7312465112951635
27 0.85 0.1171875 0.865625 0.1171875 0.865625 0.1234375 0.85 0.1234375