27 0.335597825 0.2656903765625 0.3685461953125 0.2656903765625 0.3685461953125 0.3940027890625 0.335597825 0.3940027890625
27 0.6262705236680404 0.25909235089739086 0.6654421048338008 0.25766138876130784 0.6706253624880674 0.39954533926143504 0.6314537820179567 0.4009762914531249
27 0.34273080755781393 0.5718270289238957 0.38177002440522756 0.5780813934776781 0.3612928861130058 0.7058824285775486 0.3222536884698002 0.6996281437842871
6 0.38028715801544877 0.5861990092169324 0.32822994771686353 0.5744969869535919 0.34630361557151446 0.4941040311551526 0.39836016558592746 0.5058059777060383
6 0.3330208035154101 0.3882851630588806 0.3823799906131171 0.38988790226699377 0.37956015458848924 0.47672493621391165 0.33020096789118725 0.4751222062773244
6 0.5010190981672622 0.5069735 0.47350535623354517 0.5069735 0.4735055320512629 0.42538354218750013 0.5010189541966383 0.42538354218750013
6 0.6790503807677624 0.47450019249167513 0.6280673902042508 0.481595019540334 0.6167365269811853 0.40017500541619966 0.6677189523752531 0.3930802189298639
6 0.6269023015460107 0.5957194939791649 0.5993415537421924 0.5239038119295385 0.6546531966007478 0.5026787617056947 0.6822140898080988 0.5744940917227724
6 0.7192179574495867 0.5745324935508652 0.664670219315667 0.5823464918080137 0.6503984042869888 0.48272412072735993 0.7049452935848421 0.47491018320518924
43 0.3369056902730563 0.45998924032720795 0.2955168664697112 0.4627166849931005 0.2831437649743975 0.2749565624230086 0.32453170977953505 0.27222914702471535
0 0.29333245438533595 0.4225474379962428 0.2585871755545668 0.42111832987745984 0.2660831447270766 0.23888736583149653 0.3008277822018499 0.24031646069165885
38 0.672689471273543 0.251639578874886 0.7167618299694141 0.25194844968571106 0.7153446766732259 0.454153371034636 0.6712723179600744 0.4538445035791136
39 0.70142663125 0.19246861875000001 0.7428668468749999 0.19246861875000001 0.7428668468749999 0.36889818750000003 0.70142663125 0.36889818750000003
41 0.7414290240320724 0.6746794710355617 0.6884804843781467 0.6851214006657699 0.6489897279924435 0.4848896178608597 0.7019364197425375 0.47444787523247
40 0.8242783697149889 0.590664060712379 0.763358720189558 0.6337858667297376 0.6905106170069075 0.5308800751786531 0.7514293436523758 0.4877587334202922
57 0.26448318935285897 0.4860212105824266 0.3177942779205978 0.5130834457281122 0.26902903009124657 0.609139468223208 0.21571810027057836 0.5820774749982356
55 0.300637051122294 0.48034553890897 0.35074025347580573 0.48901305652627797 0.32011026815791865 0.6660552912621978 0.27000710003107997 0.6573879089536421
27 0.91171875 0.8375 0.92578125 0.8375 0.92578125 0.8515625 0.91171875 0.8515625