6 0.3275265183600595 0.452598016688421 0.3706822339914879 0.45679730951703673 0.3635019418433103 0.5305831389669304 0.32034622948344804 0.5263838695979042
6 0.5190204102743792 0.5497325708293 0.49140352436324974 0.5505856673406665 0.48903774906807485 0.47400106977613854 0.5166543048247831 0.47314797837247946
6 0.5427863205947006 0.4803778079996711 0.542786473958131 0.5588662964988032 0.518387552817785 0.5588662544932731 0.518387551707292 0.4803779192976702
6 0.7027517212236489 0.5226649125196124 0.6586902468495737 0.5205212041066047 0.6630166066148604 0.4316085645714896 0.7070775023439637 0.43375225873244827
27 0.6644271578125001 0.33139535000000003 0.6955445546875 0.33139535000000003 0.6955445546875 0.45639535000000003 0.6644271578125001 0.45639535000000003
27 0.5403111986161093 0.4832848836963445 0.5210258012135682 0.48256311809618785 0.5256874632887047 0.35801549314399417 0.5449725616249452 0.3587372532492839
27 0.4965814268872464 0.3701672522092996 0.5196925410438098 0.37082868425612164 0.5166815810688377 0.47602933683407894 0.4935704671336225 0.47536790925353545
55 0.2880002471899843 0.5240059920816541 0.33460109129691773 0.529972231746036 0.31187941207292624 0.7074267255603867 0.2652785860428821 0.7014605849117903
57 0.19639619925271745 0.5096104839669001 0.2713920684581126 0.49744834427088874 0.2905054547272812 0.6152972193212118 0.21550961418483894 0.6274592341812922
40 0.7506097711782331 0.653436857039665 0.6933539027263578 0.6279269372733547 0.7511561826979687 0.49820767063502003 0.8084108025203705 0.5237172677558003
41 0.7338332148898417 0.6933194064762481 0.6803846618055331 0.702595403779303 0.6516890877900323 0.5372656258538553 0.7051359900700618 0.5279897753772431
38 0.6702235789315409 0.3333238610839445 0.7149545736791652 0.3363256757175312 0.7023958660541894 0.5234574545426749 0.6576648744512568 0.520455676604137
0 0.29984116306536635 0.39938559954617914 0.25647407175108583 0.4017300435682968 0.24822296358399853 0.24910104486217635 0.2915893826695992 0.24675661938626767
43 0.3277210179215899 0.5046140602200302 0.28429898708452583 0.5072548654566116 0.27333238147753036 0.3269365934209416 0.3167533912539966 0.3242958199323308
27 0.94140625 0.88203125 0.94609375 0.88203125 0.94609375 0.88984375 0.94140625 0.88984375