6 0.4525979730429981 0.6724734615667697 0.45679842653214564 0.6293176347164018 0.5305834312946445 0.6364981999231611 0.5263833231367698 0.6796537099652025
6 0.5497324224406839 0.48097948682005465 0.5505858213515467 0.5085963919741397 0.4740011035532916 0.5109624910996297 0.47314786936362907 0.48334574635052596
6 0.48037790625000004 0.457213578125 0.5588662796875 0.457213578125 0.5588662796875 0.481612446875 0.48037790625000004 0.481612446875
6 0.522664989763598 0.297248376178574 0.5205211801747964 0.3413096535670648 0.43160835287051214 0.3369834949700376 0.4337523428592931 0.29292241432458577
27 0.33139531878396156 0.3355728140787309 0.33139541551872753 0.3044552579135087 0.45639525742535625 0.3044554868607191 0.45639535000009346 0.33557284577753105
27 0.4832848842445401 0.4596887867391457 0.48256315369292224 0.4789741711075362 0.3580154374075164 0.47431271250394935 0.35873733242408434 0.45502749636234957
27 0.37016711552075776 0.5034185521424016 0.3708287438558955 0.4803072738842387 0.47602933656185087 0.4833184373598063 0.475367895805789 0.5064295322223148
55 0.5240057770688509 0.711999235377803 0.529974360457004 0.6653984861411923 0.7074275266807035 0.6881224612060951 0.701459930198439 0.7347223021497551
57 0.5096123772243573 0.8036035652411408 0.49744781476556454 0.7286077022699305 0.6152941403117893 0.7094954895831286 0.6274595283118742 0.7844903344973881
40 0.6534376106690161 0.24939038730685467 0.6279255378137805 0.30664469704474584 0.4982065707641823 0.2488436545896637 0.5237187275590713 0.19158966118472445
41 0.6933188993926933 0.2661669584777852 0.7025964363564299 0.3196143194730027 0.5372664400807707 0.348311067536158 0.5279893748846689 0.2948641228993498
38 0.3333238305339137 0.3297760275131398 0.33632634574348685 0.28504450596801884 0.5234576773949584 0.29760438722512916 0.5204555896972352 0.3423355015237236
0 0.39938521217663947 0.700158757423574 0.40173052068337256 0.743525842322016 0.24910111990197947 0.7517772146933347 0.2467565800304783 0.7084108653212653
43 0.5046134060687564 0.6722778121057902 0.5072555423580525 0.7157004523104216 0.3269368844868268 0.7266687473494617 0.3242956312409433 0.6832469525797994
27 0.88203125 0.05390625 0.88984375 0.05390625 0.88984375 0.05859375 0.88203125 0.05859375