6 0.30563867777027554 0.5869738555798227 0.2498271153370979 0.5747548753059915 0.26620575850392925 0.49995197507246775 0.32201665190927997 0.5121708804134669
6 0.3010945911065619 0.6012298819865781 0.31597989045974373 0.5270022521022146 0.3716557405726917 0.5381662318794203 0.3567708584777165 0.6123934968516159
6 0.29675660307634644 0.48614767453653407 0.24918291402252635 0.48118778224313946 0.2586599346529965 0.39029540968768256 0.30623304118296346 0.39525527113926867
6 0.402853109744683 0.5427921064260179 0.36794326376866593 0.5376572597730941 0.37818405813595746 0.4680409641415652 0.4130935240184499 0.47317578200819344
6 0.6344382928473351 0.47580072219349234 0.6645926346863007 0.4770232884915557 0.6616916036138036 0.5485710295625509 0.6315372621490951 0.5473484701322072
6 0.7061528964122772 0.53125 0.66195182538479 0.53125 0.6619521193493938 0.44985464999999997 0.7061526419347501 0.44985464999999997
6 0.7447326735338038 0.504185472728835 0.7009210290470946 0.5054393396970666 0.6982757763768177 0.41300791778305906 0.7420868342727545 0.41175405941439186
43 0.29566881080677376 0.48624416994142977 0.24758261117131042 0.48057993600223176 0.2671832117024451 0.31419641453758534 0.3152684158295642 0.3198605882722878
0 0.23492786071733462 0.2776274397223423 0.277343554010713 0.27633761543267465 0.28090365011428275 0.39340722050210236 0.23848795717890425 0.39469703710936177
38 0.6908516213279654 0.33848703509277156 0.7363088278473242 0.33580624611085247 0.7462303916755673 0.5040343378824689 0.7007731879212997 0.5067150975246019
39 0.7287222877198474 0.2636787790015722 0.7725130810807741 0.2668747217324013 0.7624418552430825 0.40486625773058166 0.7186510639509152 0.4016703376806874
41 0.7414826907134966 0.693267793770991 0.6931168476763787 0.6952286658715822 0.6859602261314421 0.5187049562184545 0.7343245103475056 0.5167441155277571
40 0.7956157923430283 0.6649709296874999 0.7379769721234197 0.6649709296874999 0.7379775808055911 0.5523255828125001 0.795615207028618 0.5523255828125001
55 0.2622296921506404 0.5033782117104744 0.3171161360149881 0.5069728390164073 0.3052537634869168 0.6880815435486015 0.2503673246848166 0.6844869750185986
57 0.2145788627751699 0.5202130203171291 0.2692653784446293 0.5347252834556658 0.23380270891766486 0.668345240042818 0.17911626190129937 0.653833158464558
27 0.92109375 0.89375 0.93359375 0.89375 0.93359375 0.9 0.92109375 0.9