6 0.34286737445370363 0.6489826002102151 0.2867995324296544 0.6329945666416662 0.3075962622260704 0.5600728465876728 0.36366338366849504 0.576060772493313
6 0.3879110583363854 0.6773936811431408 0.3311202711877286 0.6579786388062462 0.3545244594289443 0.5895289273352702 0.4113145311146127 0.6089438375357936
6 0.38921903378718525 0.5842942680206626 0.3392450354197081 0.576506683149924 0.35260682917362374 0.4907722689488881 0.40258011708647246 0.49855979680172313
6 0.6041479357558046 0.49749972244921875 0.6506838287599521 0.4970082302588429 0.651624905826111 0.5861043977212154 0.6050890128689161 0.5865958862778062
6 0.5761709275442399 0.6197276044643126 0.6311315084175249 0.603039801781066 0.6539411924341039 0.6781533958021986 0.5989806684797259 0.6948410694767998
6 0.6360242827265665 0.6550542887829482 0.6325312476645877 0.5843371981787925 0.6865741555454861 0.5816680719030259 0.6900675304138986 0.6523848073803542
27 0.3008474578125 0.6228197671875 0.34216101718749997 0.6228197671875 0.34216101718749997 0.7252906968749999 0.3008474578125 0.7252906968749999
57 0.2710691211508447 0.5433610477729127 0.33419310483589015 0.5724946813886991 0.27918329808551334 0.6916709050892865 0.21605953446146486 0.6625376306310649
55 0.300267676527028 0.5611467187718292 0.35499205458313554 0.5607825254105494 0.35610414531868173 0.7278675420765184 0.30137976740297745 0.7282317294715269
41 0.6897800282770277 0.5849022844098037 0.681071797069535 0.7562589407143355 0.626816416819679 0.7535014365531066 0.6355255392149957 0.58214571138482
40 0.7441297777359068 0.7080627036684077 0.6733377646033887 0.6986831668173533 0.6886394743062283 0.5832150652280643 0.7594298984500938 0.5925944959153239
39 0.6256612824072363 0.30510983535078495 0.6805633455142015 0.29039291347286833 0.7222060412893825 0.44573659445174246 0.6673040326165847 0.4604533788807761
38 0.6208035340433753 0.38311720019773754 0.6666459947044814 0.3740058709490575 0.7029842253680272 0.5568258292784901 0.6571418015804511 0.5659370370160909
43 0.3436561467493675 0.552103747809948 0.2970804894283674 0.5425759956781284 0.3370757912779254 0.34707899211022336 0.3836502057359894 0.35660661247188946
0 0.32553472199856515 0.4624032622647663 0.27029450991017256 0.43939884305095045 0.32946119440339316 0.297330884623733 0.38470052610762195 0.32033509392173615
27 0.92734375 0.865625 0.93359375 0.865625 0.93359375 0.871875 0.92734375 0.871875