6 0.39502211549847743 0.3881252607582788 0.39571780098617637 0.4173787697111673 0.3361544864726511 0.4187950613749765 0.33545891061623934 0.3895416611871808
6 0.4135714018257204 0.4319862967127632 0.4119531117014503 0.40376623039755166 0.47299843977384626 0.40026568885778296 0.4746168324649034 0.42848564545184054
6 0.3811199908739127 0.294085779896304 0.4427869853749371 0.3089692976620041 0.43156871468272584 0.35544856771199784 0.36990173380490887 0.3405650852806251
6 0.4560795776176292 0.34650238662852395 0.4568977602857558 0.3062250974488291 0.5409696881058608 0.3079327974578829 0.5401516770463104 0.348209916221006
27 0.5198029828204653 0.3478089200833209 0.5226192124042655 0.31545744952450944 0.6521747769628519 0.3267345727852545 0.6493587797858709 0.35908583296184016
6 0.5171768651898674 0.6477652069740791 0.5196033450688446 0.690898165129129 0.43899388610748247 0.6954317392068772 0.43656778036131527 0.652299135442775
6 0.35818815312507013 0.6959918468749698 0.36843182811810493 0.6382098256676264 0.44109152267537866 0.651089177268094 0.4308483409673727 0.7088707650255766
6 0.4327524783714125 0.7092388168525952 0.43275264233488997 0.7309782122492392 0.37142858898880604 0.7309784249738198 0.3714285712972014 0.7092391764396945
57 0.3460359527384753 0.30936497386111933 0.34420314204430724 0.24768965125111952 0.4507996526159559 0.2445218761353415 0.4526327333283007 0.3061969211709425
55 0.28141922148370213 0.3381683497739622 0.28597906915274507 0.2913978622959279 0.44037582633802685 0.3064497142731401 0.4358163630394074 0.35321985228835656
43 0.4539592361660425 0.34415901018283634 0.45673051325843517 0.30436733345592243 0.6512057296462217 0.31791039294301027 0.6484348703605747 0.35770167065082475
0 0.6980748546301356 0.28360041266223 0.7007603701805465 0.3230808454971531 0.5395561786787084 0.334044972196466 0.5368709792520576 0.29456482707418824
41 0.43611776440377525 0.6477273801123152 0.4340342600396525 0.7033037047889316 0.25410486568557644 0.6965572225412319 0.25618935557974964 0.640981931744143
40 0.4401650473466816 0.6972468855217797 0.4383659201021146 0.7747808911620483 0.32460104236815823 0.7721403289593922 0.3264011321613225 0.6946073135947404
38 0.6352944262988558 0.6436908527058168 0.6369631519925179 0.6881785606348746 0.44058303436554525 0.6955413771987377 0.4389152300987007 0.6510545609978541
39 0.6309116293148236 0.6569810587744084 0.6419774056053029 0.6997067408996284 0.49797077380549126 0.7369967412898616 0.4869057783595281 0.6942717276905063
27 0.12421875 0.953125 0.12890625 0.953125 0.12890625 0.959375 0.12421875 0.959375