6 0.543430002671812 0.7076006680001374 0.5467251961226793 0.6569088123160077 0.6240964196890673 0.6619375828549475 0.6208016608172784 0.7126290236790151
6 0.5314872865010329 0.6686418599054479 0.5278292939015046 0.7125947497212197 0.44011443679698914 0.70529522385844 0.44377279586547047 0.6613427442216038
6 0.40768231412528166 0.7350461952998977 0.3969783533809732 0.7130896841958319 0.4339957239476462 0.6950462351576682 0.4446997039801772 0.717002647726679
6 0.5728968010769222 0.40602792823433814 0.5503334177742545 0.3460241607353114 0.612976595306236 0.3224692891113012 0.6355400703124587 0.3824728249999514
6 0.618151880571645 0.327514832809532 0.5565214677852737 0.3570844248864395 0.5270581070416256 0.2956769476376977 0.5886881874430401 0.26610744933870356
57 0.5502423196923019 0.770585410691389 0.5468909251659397 0.7106669065570819 0.6747827413935283 0.7035142646242112 0.6781349445165006 0.7634319078699959
55 0.5442188967851962 0.708218329080032 0.5467326831553692 0.6566760396258976 0.7132510560138599 0.6647953574927054 0.7107382096879746 0.7163367420526606
0 0.473826320583953 0.7034808261022037 0.4698487670302711 0.7403954406382776 0.3186624740217212 0.7241062009399195 0.32264056013241316 0.6871921996612409
43 0.5326364093480151 0.6680815613920512 0.5280790510466886 0.7139404183815722 0.3584603937473503 0.697084671237813 0.36301846945309535 0.6512266297435702
41 0.7076449342192745 0.27159256986303437 0.7121338822086045 0.33078615851805604 0.5334999432274117 0.3443313108277921 0.5290115219979725 0.28513819685419534
40 0.5988929566170782 0.3142670369309427 0.5117753393352586 0.2617010566969591 0.5600604496078176 0.18168018760153243 0.6471776038296184 0.23424598764228338
38 0.3479034067089515 0.34141639536151097 0.3458964111202931 0.2929128451856242 0.5228578090120664 0.2855900521461033 0.5248651992097848 0.33409319972553864
27 0.85703125 0.05859375 0.86953125 0.05859375 0.86953125 0.06015625 0.85703125 0.06015625