6 0.6396384116520721 0.5604837798151843 0.5936975340879371 0.5634639457630669 0.5888658288333772 0.4889831838792889 0.6348061497408253 0.48600303626664804
6 0.6185906594624839 0.5772137663967386 0.6697628969349125 0.5730644701418669 0.675566311749435 0.6446287637808493 0.6243940775674446 0.6487780325384457
6 0.5887553487222021 0.6671512360528141 0.5587901965508308 0.6170991271110766 0.6157300930196925 0.5830143705296401 0.6456952329942851 0.6330661705961456
6 0.31295283717872735 0.4701143653624117 0.35476700248125326 0.47520028213798665 0.3455959561262034 0.5505947133445467 0.30378179641923 0.5455088268093855
6 0.6632815395925036 0.4368606018953596 0.677647346368758 0.43142437824985963 0.6898845773613402 0.46376062479484115 0.6755187772984073 0.469196835555098
6 0.3043838473353162 0.41833729088671545 0.3239136662675719 0.4190682076562141 0.3219327867066113 0.4719934613708992 0.3024029679178284 0.47126254722064187
57 0.2905379947982283 0.5640858616276899 0.35144413408784203 0.589766155749932 0.2984967739029116 0.7153262739271612 0.2375908267088107 0.6896463202659526
55 0.3230181045895506 0.5674411085562862 0.3750232789979009 0.5678427012892728 0.37360823779511065 0.7510641430856371 0.3216030634324625 0.750662557708787
0 0.3110173949115733 0.502155882499999 0.2702575753031624 0.493066647043994 0.303775164237436 0.34277151250187565 0.3445341957853998 0.3518606559916866
43 0.34712537219013484 0.5503690095442992 0.30524824528345107 0.5474583953248207 0.3191400539500364 0.34761074720050156 0.3610160421338833 0.35052132179463513
41 0.6747808818779504 0.749981754155137 0.6238777775952258 0.7511335866141877 0.619907755766576 0.5756700133444564 0.6708090613191189 0.574518201210323
40 0.6681052431606531 0.5771174540184442 0.7387373134106383 0.576626555494109 0.7395103115858319 0.6878351665635076 0.668878241440666 0.6883260598540292
38 0.6271476623027183 0.35826515817314664 0.6678517124024665 0.3556754344144715 0.6799359645344794 0.5455992432593593 0.6392319179877859 0.5481889330021339
39 0.6566622881337025 0.3453615780041773 0.6949092358598818 0.3418724780923498 0.7082644387722894 0.48826293927685127 0.6700174956803266 0.49175200660072405
27 0.946875 0.8796875 0.95625 0.8796875 0.95625 0.8890625 0.946875 0.8890625