6 0.3997961953125 0.4480836234375 0.43002717500000004 0.4480836234375 0.43002717500000004 0.5372822312500001 0.3997961953125 0.5372822312500001
27 0.40405175504577073 0.3700557441372864 0.4202769008342102 0.36976817188572597 0.42179579245043897 0.45546155752119155 0.40557064670304044 0.4557491282388208
6 0.596807191642938 0.5602787453125 0.561480832430675 0.5602787453125 0.5614810868819404 0.4738675953125 0.5968069584165505 0.4738675953125
6 0.6253812219412112 0.5569647455061507 0.5928209050715623 0.5565578308091046 0.5939159833782242 0.4689576610588501 0.626475847581446 0.46936457289792194
6 0.6511833952797588 0.6575899381182904 0.6261640051990298 0.5831423825785028 0.6759110420940715 0.5664259309836784 0.7009306154602655 0.6408731265772776
27 0.6212540081902489 0.4722734931253887 0.5957880437499625 0.4717770031249992 0.5975340269110347 0.3822349606365402 0.6229997034390635 0.3827314478869024
27 0.5923370860228943 0.47988689139860063 0.5658967390625094 0.47944250781249953 0.5676120738861528 0.377398057902493 0.5940520797661293 0.37784243868439443
57 0.3446050547440791 0.6185854327797489 0.2665015820057306 0.6520094524407442 0.22851533492007547 0.5632531645273054 0.30661761448254765 0.5298294364431805
55 0.32406529447086996 0.5615370784428108 0.37685319497904857 0.5652375869131777 0.36566774160007753 0.7247798075368755 0.31287984714208505 0.7210793564142348
41 0.6264884337473404 0.5821418501954374 0.6769197195037577 0.5673626208486111 0.7228672000443339 0.7241305929438389 0.6724360162834273 0.738909582134673
27 0.91640625 0.81484375 0.92421875 0.81484375 0.92421875 0.82265625 0.91640625 0.82265625