6 0.39337340189115366 0.641329757177428 0.34224579524470755 0.6308046843453214 0.35530983735907284 0.5673524399926937 0.40643685956877107 0.5778774511179514
6 0.49382924295241537 0.526307011891813 0.49682245149574555 0.5981324080986706 0.47000225244653393 0.5992498726274563 0.4670092159934711 0.5274246421780935
6 0.6556001615839477 0.5624 0.6135999353177795 0.5624 0.613600156729035 0.49119999999999997 0.6555998952702566 0.49119999999999997
6 0.6 0.584 0.646 0.584 0.646 0.6544 0.6 0.6544
27 0.49280002754460384 0.5287999999999999 0.4723999520774669 0.5287999999999999 0.4724001125613313 0.41359999999999997 0.4927998550928123 0.41359999999999997
57 0.2522432547044673 0.586673213047006 0.32129158267309776 0.5889245174927925 0.3178853241406614 0.6933831407365009 0.24883699722818164 0.6911318592497581
55 0.31139011968855357 0.5586093478007479 0.3574440514806838 0.5599291931327113 0.3526494456565388 0.7272095787838124 0.30659551476583147 0.7258897551016135
43 0.3354482323617276 0.5401462876373281 0.2969455537088379 0.5398307120749668 0.298448127570623 0.3565840121509308 0.33694985157887913 0.35689958382530057
41 0.7039680471709744 0.7150211162120286 0.6557541861067193 0.720482186544973 0.6371436108152011 0.5561902415623797 0.6853559369885716 0.5507292592084237
40 0.7547057852727903 0.5554472171772687 0.7594987213625473 0.665656753772911 0.6887624289513496 0.6687320091235033 0.6839702461849129 0.5585231893706212
38 0.6537865504059255 0.3706541176895946 0.6934385900804045 0.37025762351196906 0.6951418466957193 0.5405845983325273 0.6554898071467505 0.5409810877996066
39 0.7402163520391696 0.5193750102344573 0.6906234471244943 0.5267700330122526 0.6659302690710547 0.3611787305275368 0.7155220829486098 0.35378379028491336
27 0.93125 0.87109375 0.9375 0.87109375 0.9375 0.88515625 0.93125 0.88515625