43 0.32124010299230576 0.7057795589452741 0.3237249083183542 0.66238595306997 0.4927226412935397 0.6720604966959612 0.4902386459363015 0.715453337687677
38 0.3158094481068474 0.31992967732632493 0.3169447307112705 0.2806097071772726 0.4912382862219147 0.2856414499879441 0.49010333043509036 0.3249610977393979
41 0.6835305999295542 0.2748595010721496 0.6892818197546831 0.3248425301572565 0.5123965708539799 0.34519391703536983 0.5066458087361525 0.2952112978079631
40 0.6627935921386552 0.24162062743791868 0.6494113408855355 0.29768573005498355 0.5162080380748648 0.2658913841857038 0.5295904923782473 0.20982656898132715
55 0.5046152579374166 0.7077893342789603 0.5098283424972578 0.6545368823202986 0.6940402534883106 0.6725665371122177 0.6888282949877294 0.7258179400631182
6 0.48473831431704184 0.28642141245709163 0.48473841598854506 0.3249646342649717 0.4229651091724236 0.3249646451494127 0.4229651180758083 0.28642153319231467
6 0.5009919911784664 0.3630402714342267 0.4573626333686889 0.3756853720385847 0.44272836795312287 0.3251943621114673 0.4863574999668572 0.3125492963614636
6 0.5849885064912996 0.38128880541675875 0.594229086894984 0.4116736264091486 0.5478571492027413 0.4257753626269158 0.538616674784862 0.39539063196062746
6 0.5762160017352471 0.6642703185583926 0.5643983929638807 0.7168880363580055 0.5072201803136522 0.704047707933795 0.5190380145116933 0.651430311798963
27 0.909375 0.03203125 0.915625 0.03203125 0.915625 0.03671875 0.909375 0.03671875
57 0.6452335057675782 0.7152945153467349 0.6458873179592501 0.7877525144468507 0.5307293868902434 0.7887901055700745 0.5300765376541676 0.7163330544405898