6 0.3437635638106258 0.6077650705668344 0.3727689350013179 0.5560942460151196 0.42850807419449666 0.5873800682224888 0.39950304882540877 0.6390505945063217
6 0.6504354137526889 0.4791311705289685 0.6548870581507344 0.5514497542278107 0.6091970755137481 0.554261815014021 0.6047457072322686 0.4819434944779763
57 0.3143835977471099 0.5239859066841386 0.3268200948601816 0.6159134671686692 0.2561969340563337 0.6254662564930425 0.24376106824695398 0.5335392620462631
55 0.32356425090551966 0.5401244254941896 0.3755084661344199 0.5528698382708819 0.3359804034893159 0.7139488619928414 0.2840362605172686 0.7012036513001242
43 0.34659712115774255 0.5295408031549391 0.3062686372514918 0.5278013198402279 0.3148636076564344 0.32856122257572923 0.3551910261545572 0.33030068265197476
0 0.3059538144735825 0.4955172403831676 0.2695449346560963 0.4892792667399724 0.2985752550974894 0.3198519289747792 0.3349833458729563 0.3260898319091494
41 0.7045644711754449 0.7277041942122248 0.654259906685752 0.7359699558456955 0.6254328028443297 0.5605490211797669 0.6757356693816519 0.5522834006875932
40 0.6739643372648061 0.6200875503575223 0.6881786180646259 0.5307238774058166 0.7642431593333185 0.5428216678191352 0.7500295617493293 0.6321847309926603
38 0.6359524318208969 0.33606431546766846 0.6764159336718194 0.3322294879818102 0.6952380742364994 0.5308225144344434 0.6547745800401117 0.5346572908706935
39 0.6488802615551776 0.36394328703473555 0.6874998887108177 0.349753395333073 0.7355190575840425 0.4804372306129334 0.6968994962193165 0.49462699461617265
27 0.953125 0.88046875 0.965625 0.88046875 0.965625 0.89453125 0.953125 0.89453125