6 0.33309998644551797 0.4691337507764025 0.295605043816181 0.46843085787713856 0.29706064560696177 0.39079778929088244 0.3345551979599577 0.391500678474586
6 0.2783622336959297 0.5311839389507175 0.314066801814306 0.49638026581320543 0.36620700452681376 0.5498655988014749 0.3305026465255878 0.5846690595037735
6 0.4049552802254084 0.5700419349051847 0.37398097812501874 0.6188153296874704 0.31924317760604026 0.5840564158248711 0.35021744488369677 0.5352832936497657
6 0.4778522992944545 0.5567255142077531 0.45225824335716425 0.5579327046967987 0.44900300940764737 0.4889204644618165 0.47459678124346283 0.48771328073042935
6 0.3753805389436593 0.4978972901028571 0.33294707821744396 0.5012739596835765 0.3264115205757889 0.41914680644701996 0.3688444876423773 0.4157701568087651
6 0.6353271699384777 0.433404676745473 0.6765560807796192 0.4344094201393196 0.674523930349892 0.5177916670810725 0.6332950197564742 0.5167869297927464
6 0.6703613865194029 0.405180059106595 0.7073222612962127 0.40386190033810737 0.7100898755676326 0.4814606748255523 0.6731290011470037 0.48277882662017035
6 0.6669160222430719 0.6317300158497781 0.6209064180355881 0.6365352002178901 0.6125547239216758 0.5565736705357353 0.6585636774066188 0.5517685199727933
6 0.6718750403921376 0.6027874967838304 0.6364240755233368 0.5685834732614312 0.6879355550780701 0.5151993156349689 0.7233862889498823 0.5494031268603822
0 0.30881023608537816 0.33899817213664 0.2872645928033535 0.3399827120880464 0.2836038079252603 0.2598709298161474 0.3051492947852239 0.2588863934301831
43 0.33310364311648755 0.4681716662636985 0.2943405664174179 0.4669693553742585 0.3002187547702988 0.2774782072073125 0.3389809397162935 0.2786805036601832
57 0.29441979020486997 0.6075782996509571 0.2224603971360466 0.6043308947280085 0.22741815577410307 0.4944972802528609 0.2993762379751388 0.49774465577794264
55 0.30374466686407686 0.5007207835610706 0.35019142933026615 0.5086114712455777 0.32462873294718975 0.6590659300293514 0.2781819974023847 0.6511753485895212
41 0.7276690894939293 0.6680109857347232 0.6808001011944498 0.6778008634399753 0.6491448955201804 0.5262656685503355 0.6960125891755524 0.516475931546789
38 0.6574390797574097 0.30932142077089597 0.6945554133360474 0.305512837910871 0.7123810425213151 0.47922401315868934 0.6752647155163913 0.48303255567802017
39 0.7238452245272811 0.390243903125 0.683084136080879 0.390243903125 0.6830843908242059 0.25923345000000003 0.7238449433774576 0.25923345000000003
27 0.953125 0.87734375 0.9625 0.87734375 0.9625 0.89140625 0.953125 0.89140625