6 0.3463515943362836 0.5302625267861814 0.30123150708448065 0.5327060069275075 0.29632669074499063 0.44213801619913023 0.34144616385322024 0.43969455289443693
6 0.3835353581381469 0.5681405623059029 0.33235342534692336 0.5586025529215667 0.34562372346738357 0.4874006236280381 0.39680507345656224 0.49693857716388756
6 0.3821729809834551 0.4981420589005594 0.4207951578555367 0.4988392461909639 0.41923789630118335 0.5850996499473317 0.38061571954665396 0.584402467619024
6 0.411005434375 0.5114982578125 0.450407609375 0.5114982578125 0.450407609375 0.5944250875 0.411005434375 0.5944250875
6 0.4633152171875 0.5428571421874999 0.48777173906250004 0.5428571421874999 0.48777173906250004 0.6055749125000001 0.4633152171875 0.6055749125000001
6 0.5123365113201999 0.545594685607028 0.5356689464992996 0.5473442003961876 0.5306904541862423 0.6137333170786656 0.5073580201551522 0.6119838125864654
6 0.5523488262949741 0.6046037420036203 0.5286025564587362 0.6039023168791617 0.5304028024137324 0.5429671094980175 0.5541488184358059 0.5436685308619615
6 0.569972825 0.51637630625 0.6022418468749999 0.51637630625 0.6022418468749999 0.5881533109375 0.569972825 0.5881533109375
6 0.6261405794240318 0.511448357374219 0.627811547324427 0.5725224038659332 0.5968480604791466 0.5733693580174339 0.5951772528212587 0.512295467503089
6 0.6116856663113595 0.49242282582812 0.6582944802034945 0.48039634432558853 0.6755056067230498 0.5470930539603789 0.6288968172364093 0.5591194696761945
6 0.7072324991481764 0.524426157278379 0.6648263931097063 0.5278709187125581 0.658935725679271 0.4553577717178075 0.7013413677819926 0.45191302937797184
6 0.2852791676042443 0.5701501790777331 0.3229973549562146 0.5429535322848263 0.37467437567102024 0.6146155243896801 0.33695637117614297 0.6418119555356301
6 0.38654901345148573 0.6738676460041283 0.32866201160413766 0.6448002725665358 0.3616260433663001 0.5791619055759015 0.4195123793925859 0.6082290797611043
6 0.6203473450260617 0.6618350930294792 0.5912502704192093 0.6096683577047249 0.6473580700632056 0.5783767881982768 0.676455156588986 0.6305432054192994
6 0.6652418731546277 0.6342690452497219 0.630279524086518 0.5831489598364501 0.6870149707825703 0.544350280895809 0.7219772442448402 0.5954700536280912
27 0.598434629388862 0.5174048391943837 0.6038143700513956 0.3863083553780096 0.6297001510083646 0.3873706481473474 0.6243206531249825 0.5184668984374445
43 0.34174468723881546 0.5341115623550727 0.29683125303154156 0.5303044498656646 0.31286490379238785 0.34117215770675763 0.35777715876315597 0.34497921856667607
57 0.27938689011944007 0.5332819878503403 0.34155468593598926 0.5720189989421335 0.279243138718698 0.6720095151718404 0.2170756624667547 0.6332729219883443
55 0.3048923643922308 0.5451992396487889 0.36096907810429 0.5517430997381757 0.34086111487738435 0.7240357771155288 0.2847844191559261 0.7174920258909164
41 0.7213853588979191 0.7183830987404732 0.6695687432193154 0.726220570798767 0.6430214069403064 0.5507216597917395 0.6948362771628354 0.542884321822402
40 0.7675081203127547 0.6230959582211424 0.7127670654555232 0.6491624957740455 0.666379270322409 0.5517551558653122 0.7211194176619529 0.525688873583056
38 0.705424831533378 0.5236735332608443 0.6629560812662021 0.5255552798301519 0.653442382709045 0.3108460171442969 0.6959099419968879 0.30896429748606585
39 0.7236426846195627 0.4461728764385455 0.6887125740539659 0.4472712777097498 0.6836486043861214 0.28623060768476144 0.7185780706070091 0.2851322167304812
0 0.3188657869989129 0.41219824854562154 0.26889202262805156 0.39369374668126184 0.31450020170439075 0.27052890869925 0.3644733356662755 0.28903327997879164
27 0.95078125 0.875 0.96328125 0.875 0.96328125 0.8890625 0.95078125 0.8890625