6 0.5308662146172765 0.3330998022057657 0.5315692871604369 0.2956050308689096 0.6092022189134241 0.2970606591197384 0.6084992884740359 0.3345552884896224
6 0.46881403232896446 0.27836377471816987 0.5036200451111199 0.31406602234178926 0.45013688701862975 0.36620483241914126 0.4153310093749951 0.3305027171874831
6 0.4299596253534901 0.40495229853377257 0.38118467031256387 0.3739809781250165 0.4159421282411131 0.31924608890475464 0.4647168202516241 0.350217297225715
6 0.4432745388460262 0.4778521880397847 0.4420672615302692 0.4522582313616493 0.5110794645676151 0.44900302683049503 0.5122868602804829 0.47459685778761124
6 0.5021027510740623 0.3753802854416156 0.49872590741540535 0.33294706617303715 0.5808530880486842 0.3264115360221345 0.5842301010826532 0.3688445676006586
6 0.566595281482023 0.6353269558738813 0.5655905960798009 0.6765560999514096 0.48220812791623757 0.6745239064804937 0.48321314805355087 0.6332951033206308
6 0.5948195011470716 0.6703611478426336 0.5961382377851123 0.7073222110691613 0.5185394882654464 0.71008989496484 0.5172210634323164 0.6731291302953624
6 0.36827063021394224 0.6669157389002347 0.36346463056543143 0.6209064602718006 0.4434253738656935 0.6125547731677099 0.44823169101459825 0.6585636974006139
6 0.39721254218750346 0.6718749999999802 0.43142107949893216 0.6364280094837451 0.48480090105340423 0.6879357912449565 0.4505926377881906 0.7233825105484276
0 0.6610018102187496 0.30881011963340493 0.6600173045181918 0.2872645181499723 0.7401290463952819 0.2836038696579594 0.7411136262174978 0.3051493936901759
43 0.5318281604905906 0.33310334563233873 0.5330308422280723 0.2943404683139049 0.7225217872976373 0.30021912954915153 0.7213194716489397 0.3389816332526925
57 0.39242158421347995 0.29441942640277674 0.3956696476028583 0.2224606106362808 0.5055028278256941 0.227418038112356 0.5022550922224127 0.2993765429408505
55 0.49927946373804843 0.30374401964185094 0.4913880522640284 0.3501912618352996 0.3409332815308517 0.3246290223152835 0.3488249597661479 0.2781821225331892
41 0.3319893038224109 0.7276678182646039 0.3221978016487128 0.6807994248525097 0.47373260767142256 0.6491454987193935 0.4835246614462676 0.6960131193836395
38 0.6906777151378947 0.6574385910511082 0.694487501503886 0.6945554104442536 0.5207763005075776 0.7123809514452356 0.5169672464211317 0.6752647982924597
39 0.6097559163378037 0.7238451787174185 0.6097562193766635 0.6830840840264716 0.7407664861081003 0.6830844775950341 0.740766754984179 0.723844998412278
27 0.10859375 0.953125 0.12265625 0.953125 0.12265625 0.9625 0.10859375 0.9625