6 0.40530697494818924 0.5772509555202932 0.3751620004416054 0.6179989824681841 0.2997151195936567 0.5621893499538883 0.32985996863965283 0.5214416556376135
6 0.6058855742970763 0.44342278850872546 0.6533559066945145 0.4422361138774109 0.6553206757007501 0.5208270420660315 0.6078503435402354 0.5220137098169697
6 0.6948720970889326 0.5016449882420202 0.6504396276063744 0.5029517391238459 0.6482448736248898 0.4283221412925772 0.6926768680866644 0.42701539745359113
6 0.5790421164880399 0.5590190795845161 0.6299066779303075 0.5410687934994424 0.6527253937005071 0.6057223972085068 0.6018608866617114 0.6236725747909411
6 0.5580979900723833 0.5725428448337042 0.5871548478449995 0.5642417946492193 0.6076529485061428 0.635985334205739 0.5785961140840072 0.6442863275203647
27 0.6070268022286882 0.7168485910389194 0.5882380383142163 0.719115893379004 0.5776115823485952 0.631067280910599 0.5964000000000169 0.6287999999999986
27 0.6594858007279072 0.7070674098316876 0.6194863076924548 0.7148440563944944 0.5971635015927177 0.6000395485903883 0.6371620743335598 0.5922629949955182
43 0.302 0.2904 0.3424 0.2904 0.3424 0.4928 0.302 0.4928
41 0.7004204174673987 0.6763285496708376 0.6460593698448065 0.6842866840371078 0.6212966244598874 0.515148910571657 0.6756560506189544 0.5071908949757157
40 0.6804468668007075 0.4883350167613743 0.7590518509061894 0.4855772047823567 0.7631853626470502 0.6033831983942936 0.6845803798560155 0.6061409833680356
38 0.6549008465369752 0.3205834346659684 0.7019113186564709 0.32319498783450223 0.691966768604857 0.5021980632462705 0.644956298614602 0.4995865394134792
27 0.95234375 0.8828125 0.95546875 0.8828125 0.95546875 0.8953125 0.95234375 0.8953125