6 0.3280953077180584 0.6113945347763956 0.2755463913516678 0.6049916920324775 0.28440236556843956 0.532319554541069 0.33695063102777567 0.5387223576663666
6 0.3315217390625 0.5519163765624999 0.38485054375 0.5519163765624999 0.38485054375 0.6501742171875 0.3315217390625 0.6501742171875
6 0.3163069319847409 0.505741250565671 0.2708399515557858 0.5031341264385124 0.2757346786478365 0.41778273351412704 0.32120110541836766 0.42038984157321335
6 0.3644702579291561 0.5205574921875 0.3138585270412477 0.5205574921875 0.3138588523645467 0.4397212546875 0.3644699707253949 0.4397212546875
6 0.4181175737697913 0.5415372747693049 0.38556206420878425 0.5426443007402776 0.3828985504311504 0.46431648007817217 0.4154536639171056 0.46320946090993914
6 0.49632193421041393 0.45290588230273837 0.5278856624724995 0.4520009389597467 0.530760537875608 0.5522669491799005 0.4991968098927373 0.5531718855201105
6 0.6281778519379486 0.43050712592979534 0.6781782437020638 0.4256330914897797 0.6861549792965889 0.5074573587899134 0.6361545911184976 0.512331364538976
6 0.6175422138384192 0.6244878785634077 0.5754598364785579 0.6308531043764146 0.5637223915066443 0.5532597907160579 0.6058041948090249 0.5468946086523742
6 0.597969920041578 0.5456269254409049 0.6568902207981182 0.5294737709848759 0.6774667242406167 0.6045215476593788 0.6185464666710914 0.6206745925981022
6 0.7110760548883945 0.5085840451302526 0.7314496701330881 0.5764372563674824 0.6710342869847636 0.5945755117174837 0.65066109055374 0.5267226562610159
6 0.4395005855250247 0.48037761880143365 0.4652764367939426 0.4791811460050408 0.4685880146640784 0.5505175157554552 0.4428121638804896 0.5517139818140084
6 0.49935093787519236 0.5536025077131019 0.466941876302144 0.5545897518309109 0.4644253501841149 0.47197757053097616 0.49683398856052463 0.47099033291469894
6 0.6807301746305257 0.40066182274881856 0.7247288769301576 0.39989592385238576 0.7262989762859888 0.49008842322424817 0.6823002740749189 0.4908543174125683
27 0.4988321178059323 0.3143610455388878 0.5245234933749998 0.31416069113448053 0.525691371874359 0.4639111458169368 0.4999999963328037 0.4641114984660983
27 0.4144022474489475 0.46968640975731274 0.3894603369891456 0.47063063121598875 0.3854659808459928 0.3651181611807191 0.41040757258656413 0.3641739455612033
0 0.2442965799019703 0.32457335751546906 0.27697566723327327 0.3236884690348131 0.28108470909830885 0.47542919965453273 0.24840562203939953 0.4763140798456743
43 0.3165768784987222 0.5051090970074754 0.27079448785980276 0.5036627846155147 0.2776254846133952 0.2874650278836555 0.3234066180883701 0.2889113197428694
55 0.28546039929130984 0.5327689596047189 0.3373034153610206 0.5393013477378763 0.3137032624706535 0.7265781047058172 0.26186026846244204 0.7200458346765534
57 0.21209133508045852 0.5133593353657369 0.2900991122379537 0.5109530208901435 0.29432282619768557 0.6478638211930008 0.21631505004097562 0.6502701063951728
40 0.7137681403614806 0.49299288190707635 0.7956519565785811 0.4908160254387305 0.7989870418946339 0.6162563131555371 0.7171032268203135 0.6184331466191979
41 0.7463460053180597 0.7012380939034254 0.6861011391788452 0.7111673049240141 0.6545774986342394 0.5199166561782083 0.7148202305018003 0.5099876249582972
38 0.7252040116597982 0.49198606249999993 0.6810459977696155 0.49198606249999993 0.681046429682965 0.31219512187499987 0.7252034611600493 0.31219512187499987
39 0.6989642090291 0.2881976708268933 0.7416785642516288 0.281588305527066 0.7662534168465527 0.44040248956434297 0.7235390763628402 0.44701179575291394
27 0.94921875 0.87265625 0.95546875 0.87265625 0.95546875 0.88671875 0.94921875 0.88671875