6 0.28168811042269226 0.5795087871602029 0.3310828899770968 0.5812252816027758 0.3286799158437361 0.6503667915201534 0.27928513685549206 0.6486503082227822
6 0.37060838330000934 0.6606621745710075 0.3176245826655304 0.6462271493081984 0.33457695891513595 0.584012297655027 0.38756014735906774 0.5984472348146413
6 0.412029153252206 0.6567583027067145 0.37856951445394316 0.6597179856748376 0.3735615329397888 0.6031069298680232 0.4070208110859994 0.6001472628822283
6 0.3205199178675002 0.5710590082390159 0.2770714787862971 0.5727278402626864 0.27437641394556067 0.5025613893511318 0.3178243557396172 0.5008925668751544
6 0.36441083652152884 0.5039946173366424 0.3720908240270546 0.5700030572314968 0.32020545504383335 0.5760390519323697 0.31252577898987965 0.5100308970586409
6 0.4066478078125 0.61337209375 0.4374115984375 0.61337209375 0.4374115984375 0.6787790703125001 0.4066478078125 0.6787790703125001
6 0.6245418201889379 0.6750410496253776 0.5894672094125326 0.6847918078930418 0.5731031488747931 0.6259352756475051 0.608177359990691 0.6161845760607334
6 0.6550426868337809 0.6026814898595724 0.6745497933463867 0.6607387625847139 0.6227486921796981 0.6781413032669856 0.6032419500268134 0.620084340197534
6 0.6620541899222872 0.6582864681371671 0.6594708204368089 0.5929254887830752 0.7073339410211474 0.5910339946663514 0.7099175962450772 0.6563946744681964
6 0.6792786421875 0.50072674375 0.7248939171875 0.50072674375 0.7248939171875 0.5828488375 0.6792786421875 0.5828488375
6 0.6286764686477682 0.5237846410600996 0.6790303323072067 0.5205182375046479 0.683456017442154 0.5887370045447019 0.6331021555469079 0.5920033891711082
6 0.5272239355995225 0.5444167528966708 0.5512543313099059 0.5454795799441371 0.5482547155966131 0.6132938266900023 0.5242243203078942 0.6122310059911032
57 0.29172377980842157 0.6918131614600092 0.2202513322241657 0.6952903078443232 0.21531078316195362 0.5937349000790636 0.28678181325062724 0.5902577881854507
55 0.27946599947881623 0.5825709423245542 0.3290625980147297 0.5808474411397344 0.33516768421611687 0.7565091588208623 0.28557108726658953 0.7582326293535704
43 0.3189816684283642 0.5743895789254927 0.27489900190073513 0.5738466104796923 0.27728064804455244 0.3805576331980521 0.32136204824348624 0.38110059373289185
38 0.6765768109364672 0.4066914521244425 0.7220217383896852 0.4058649076228109 0.7252466484761726 0.5831639985851611 0.6798017214223364 0.5839905319198602
41 0.7123055615043086 0.757225006080404 0.663436814981992 0.758017490470144 0.6607583828547376 0.5928262287089755 0.709625501728965 0.5920337573452608
40 0.7127398370321316 0.5834596980861232 0.7778089504527088 0.5947655788626144 0.7604981173661827 0.6943831228221133 0.6954290321019698 0.6830773532489934
27 0.94609375 0.859375 0.95390625 0.859375 0.95390625 0.88125 0.94609375 0.88125