6 0.5721611073444137 0.7275111429842748 0.5481100450723488 0.6858911727594648 0.6223746914226922 0.6429817669060331 0.6464257531591784 0.6846013642694727
6 0.5942210779689958 0.6621361851608294 0.5981881372821363 0.605076873797852 0.6768156727595169 0.6105427028949704 0.6728490763631498 0.6676015797723633
6 0.6076288049781624 0.3981464005943523 0.5879386561013007 0.3431120053751744 0.6483858429735392 0.3214861289914432 0.6680760807722663 0.37652032917341527
6 0.5607886794556407 0.2994708034887111 0.6193170434956983 0.27274064880564125 0.6432047643446595 0.32504381195286003 0.5846764458528924 0.35177389351157984
57 0.651132263192153 0.699158555444648 0.6624432441190038 0.759945011290805 0.5601483516967392 0.7789755805176779 0.5488381788335346 0.718189835789447
55 0.551687855509158 0.7042310453679541 0.5632894576231138 0.6495427870913794 0.7200881535203507 0.6828008368901624 0.7084876183496363 0.7374881579404637
43 0.5399880180819991 0.6687250712943575 0.5334417291842328 0.7141301850886 0.344701228954591 0.6869200866283446 0.3512482542799944 0.641515866357864
38 0.5465115120632618 0.2885430534392134 0.5465117059455906 0.3309759555083143 0.3713662220917513 0.3309759343781371 0.37136638119432064 0.2885433931225609
41 0.7196882074035784 0.26581928126661253 0.7285497926707194 0.316116873230379 0.5681217289778715 0.34437996607550364 0.5592605734440212 0.29408275256680255
40 0.6587191148546481 0.22956436697548216 0.6469064250613883 0.2991607618326207 0.5417830111399553 0.2813180759731752 0.5535959275255209 0.21172197871866372
27 0.9046875 0.02890625 0.9140625 0.02890625 0.9140625 0.03828125 0.9046875 0.03828125