6 0.5726207836295316 0.6495872410134323 0.5431553536760703 0.6511828742357335 0.5390597683493752 0.5755568439532307 0.5685247841158798 0.5739612219449597
6 0.5870410048833037 0.5617084819738815 0.6405197473033013 0.5526861546725144 0.6529762824188765 0.626513143071891 0.5994975553018094 0.6355354093706709
6 0.6992676569940386 0.6102886219638615 0.6445905694669136 0.61528524981193 0.6375716065007282 0.5384816550534944 0.6922479669931363 0.533485060439191
6 0.6681385523548897 0.4418118263949236 0.6681386809423202 0.5205575717889731 0.6246602597204856 0.5205574394980402 0.624660381192939 0.44181194307831534
6 0.6313498982898409 0.5231952057399998 0.6021198892851771 0.5245520246404016 0.5984855289505049 0.4462588987260791 0.6277151986298577 0.44490208773828144
6 0.5680772370254772 0.4515978495104962 0.6005456238435727 0.44880520434534094 0.6075048756350725 0.5297105242711236 0.5750364909671362 0.5325031525160518
6 0.3814222527543052 0.5013702830881844 0.33370959254170884 0.49671926138853284 0.3409716324974852 0.4222290063091976 0.38868379475354686 0.4268800035913029
6 0.37925176769613245 0.43671781318365327 0.41159143052937 0.4375934974925719 0.4095382676458712 0.5134133088483871 0.3771986049998759 0.5125376293311404
6 0.48199734942829764 0.5421602796875 0.4599184349420966 0.5421602796875 0.4599185884807184 0.452961671875 0.4819971998354049 0.452961671875
6 0.5263358190704821 0.4425959697910224 0.5507484865535162 0.441561301912907 0.5546600949763842 0.5338481102977223 0.5302474279695844 0.5348827710796615
27 0.4809782810239085 0.4627177687499999 0.4622961438032007 0.46271776875 0.4622963095685009 0.33937282187499995 0.48097816251492986 0.33937282187499995
27 0.5334386368463129 0.3442195060356594 0.5517186091976782 0.3443655683181002 0.5508886676537941 0.4482296848075705 0.5326086953125468 0.4480836234375004
57 0.30130810074047076 0.6023335975519548 0.2368392590840358 0.6068223586333557 0.22829262271409334 0.48407416459312286 0.29276017018150924 0.47958544840357814
55 0.29699803473920383 0.4896189999301207 0.3524511500279459 0.49731849881935325 0.3288120350217696 0.667555391622738 0.2733589430079064 0.6598560079438164
43 0.33633385421501316 0.4743615998959969 0.2920700014784643 0.46981961949367995 0.30958828033305963 0.2991085725673414 0.3538512265006375 0.30365050545703337
0 0.2915134269646842 0.4231449901871503 0.24210337011356842 0.4035951969024319 0.29100861038330095 0.27999831527014174 0.34041802855585956 0.2995479656716758
41 0.7053538305952998 0.7109658640797972 0.6505657501428459 0.7148629793279415 0.6379649883704133 0.5377245285716058 0.6927513005467745 0.5338274746890318
40 0.6881793468749999 0.5275261328124999 0.757472825 0.5275261328124999 0.757472825 0.6411149828125 0.6881793468749999 0.6411149828125
38 0.7082202657367134 0.49895470312500007 0.6674591509257652 0.49895470312500007 0.6674594844869262 0.3275261328125 0.7082197082779658 0.3275261328125
39 0.6775711404637832 0.3173307208610843 0.7270248195856084 0.30604795597981116 0.7628760829605881 0.4631816247484075 0.7134224407149077 0.47446428062304263
27 0.95859375 0.88671875 0.96328125 0.88671875 0.96328125 0.89296875 0.95859375 0.89296875