6 0.6402691863314658 0.6729454601291535 0.6285140423475468 0.7273752520371018 0.5557473826513615 0.7116617089502479 0.5675028328587359 0.6572323407248868
6 0.5915500383483732 0.6024790154404023 0.6631687000596003 0.6205786953751085 0.6485007680694252 0.6786110458828354 0.5768821431532842 0.6605114712239294
6 0.541399219936352 0.6780790629039953 0.5338754687329583 0.7245303471351713 0.43325974732601935 0.7082352681383898 0.4407838979497001 0.6617844886395751
6 0.4978197671875 0.569915253125 0.5734011625 0.569915253125 0.5734011625 0.6066384171875 0.4978197671875 0.6066384171875
6 0.44303181978284556 0.3410954624491907 0.434628503856743 0.29522587705483033 0.5320340351213417 0.27738153978305674 0.5404375149807947 0.32325091362076663
27 0.7479652974051305 0.6864590286497989 0.7427003863425625 0.7270908429344677 0.6257521332604483 0.7119383187730852 0.6310174764612384 0.6713070080881123
27 0.6429550573902816 0.6639055597676042 0.6516846496461994 0.6206966869430852 0.7727426341999717 0.6451508778011356 0.7640136509132844 0.6883592150339356
27 0.3236112800751698 0.6849075068555229 0.3270420788701358 0.6457635434779534 0.47380021477590617 0.6586237659311925 0.470370050501856 0.697767138863062
27 0.362871260173506 0.5882664786284088 0.36472519633878164 0.5634699007147809 0.5029332235185393 0.5738014290056691 0.5010796122926422 0.5985977014047881
27 0.35383007111761344 0.36528396623717685 0.34461810755612987 0.32104596946159564 0.45939319894273467 0.29714631032609007 0.4686053507638235 0.34138403340295476
55 0.5565692642680915 0.7154555275248334 0.5594049626400874 0.659462019449037 0.7522774031698418 0.6692272794565606 0.7494428988936761 0.7252196322954623
57 0.5717944007909637 0.7846604047911 0.5641975357593765 0.7143096387883147 0.6667974932367997 0.7032320603868065 0.6743950772734024 0.7735819977712873
0 0.2777993528619618 0.7276984509121749 0.277001679552086 0.683324229173348 0.4370935188195517 0.6804457702698395 0.43789194033263357 0.7248192329652889
43 0.5394495036795206 0.6770780634610005 0.5300722144244219 0.7255015576960662 0.3224683471019034 0.6853017516896711 0.33184643470303854 0.6368793190149905
40 0.6409393695671497 0.2115426569880799 0.6437681473236125 0.2814023061597293 0.5444955434156782 0.28542170570671244 0.5416670389846558 0.21556232396792682
41 0.729520610952477 0.2676868701230448 0.7328915999087258 0.321578851839006 0.5498032407795108 0.3330297693407256 0.5464327287203332 0.27913822819934214
38 0.35350092406508793 0.366920016320542 0.34167296547207116 0.31795231298036886 0.5310893063411868 0.2722003335685593 0.54291757734984 0.321167567212814
39 0.43998410797030374 0.28255044107382715 0.43665500204906493 0.3268255082690657 0.2944691251094582 0.3161340533002331 0.2977984927140369 0.2718592736305903
27 0.90234375 0.0265625 0.92265625 0.0265625 0.92265625 0.0390625 0.90234375 0.0390625