6 0.39256382992130057 0.5945221190051769 0.34014645675324573 0.5723210783104145 0.36733043421008915 0.5081457685043024 0.41974726540217944 0.5303466778813919
6 0.6104542811310694 0.6076514230964878 0.5803860688475879 0.6140423823792651 0.5657444913705376 0.545162923243487 0.5958123436810183 0.5387720035524459
6 0.5547316375 0.5581395359375 0.5812146890625 0.5581395359375 0.5812146890625 0.6213662796875 0.5547316375 0.6213662796875
6 0.5597413239611342 0.47274661025523196 0.5895132230424451 0.4709385655161329 0.5939393951439342 0.5438159579875047 0.5641674969861015 0.5456239925263554
6 0.5859807804300772 0.45744120093231583 0.6150234834736921 0.45687679544057014 0.6164216604879584 0.5288178850464517 0.5873789575350656 0.5293822874925408
6 0.3871241838602373 0.45307485660085983 0.417434762435164 0.45567358854060447 0.4110375780232971 0.5302825007621808 0.3807270013044217 0.5276837833857971
6 0.4101218313857089 0.46052824319814795 0.44492800571356383 0.4618810585736165 0.44174444040356775 0.5437839798182215 0.40693826655649445 0.5424311729257253
6 0.29942138968999643 0.3951049352986065 0.2796359007770661 0.39284308613440055 0.2847024824222899 0.3485256143493795 0.30448787237526176 0.35078745780238885
27 0.3562853093069407 0.5668604637024206 0.3959225475457515 0.5756135357344812 0.37014069646329517 0.6923499984420686 0.3305034907668869 0.6835970264596561
27 0.6201886435251254 0.7013210946791899 0.5985380000956866 0.7043658218138517 0.5836053933627454 0.5981943623710859 0.6052555817747134 0.5951496678051138
27 0.5881339143177229 0.3394071222093291 0.6104230930484391 0.33931762456808373 0.6109395707409249 0.46793934848275215 0.5886503920185078 0.46802884542306045
27 0.4195840270081135 0.3397859002604735 0.4431606483773294 0.34045970669537695 0.43953707271271014 0.46724356841676395 0.4159604515625688 0.46656976718750126
27 0.4122303121519053 0.45786423731021997 0.3919673509004724 0.45724894213951095 0.39513831429758284 0.35283345336207295 0.4154010185814059 0.3534487446708976
43 0.3531075360461955 0.4731104656250001 0.3135592352907679 0.4731104656250001 0.31355972257426856 0.29723837343750004 0.35310718369998995 0.29723837343750004
0 0.3165826536832128 0.4226260548157768 0.2756045413273114 0.41693765524204485 0.2942567513968015 0.28257931547037113 0.33523425583041444 0.288267671321279
38 0.6955206404288674 0.47817735222869834 0.6501536370996064 0.4834102775903085 0.6297466100043039 0.3064963681357556 0.6751126326395251 0.30126350084211373
39 0.6794229731590349 0.3233263217303483 0.7222024286244277 0.320768227030741 0.730116531697945 0.4531114281118465 0.6873370781437416 0.4556695024928897
41 0.7139272503411576 0.6433757426694231 0.6638871330279699 0.6523063271648594 0.6339223192568397 0.4844197040834182 0.6839610359673998 0.475489245777746
40 0.7009909763987707 0.46867323681898787 0.7743678910306926 0.4734721555895551 0.7676152949424022 0.576713134292454 0.6942383841342235 0.5719142551046472
55 0.32603269527123757 0.47165687841237225 0.37464428113605663 0.48287499660739186 0.3424667412375584 0.6222980856819517 0.2938551990949918 0.6110801010718762
57 0.2834663503165302 0.42191610711483424 0.33611566126910475 0.43568948542911307 0.30217620229950626 0.5654151995251696 0.24952694242085727 0.5516419600301999
27 0.93515625 0.88359375 0.93984375 0.88359375 0.93984375 0.89140625 0.93515625 0.89140625