6 0.43215736953209216 0.7338130469423001 0.4391939004755159 0.6849666434117008 0.5264289020077513 0.6975310860208638 0.5193928928441665 0.7463770221011026
6 0.47078704059470056 0.6874910425309629 0.4804834699515368 0.6373121524408223 0.550478972059409 0.6508360267691726 0.5407829575827918 0.701014552562502
6 0.6058281991558943 0.7529681691856305 0.5435739896149698 0.7231083798542154 0.5753327627827503 0.6569061394917715 0.6375861424587583 0.6867656941564249
6 0.6146839020964308 0.6067470963347397 0.6695238268857793 0.634962426824762 0.6360563920362665 0.7000019371837789 0.5812166041981754 0.6717868112149461
6 0.5628530905171374 0.27592072709811977 0.625909284613499 0.2547768197392543 0.6468760292571005 0.31730315164892114 0.5838198650646973 0.33844699599042133
6 0.6156916519597644 0.2566712041057835 0.5722082065627774 0.2955718860405334 0.5151774782518714 0.2318236138899996 0.5586607632708365 0.1929230576324568
6 0.498670129783477 0.4188904456651854 0.4986702739131488 0.3806178557919104 0.5877659367092747 0.38061807189642277 0.5877660000296601 0.4188904531884659
6 0.4924831691600957 0.3521228830315967 0.4906026420734406 0.3129511007899866 0.566906338700278 0.30928801987547455 0.5687870085563418 0.34845965175301963
6 0.47714199139829816 0.3262529381870938 0.4636116480523924 0.2686060982737228 0.5410771620977357 0.25042451692260737 0.5546076430383664 0.30807115498719295
6 0.512446825768393 0.21566496069658503 0.5138107283802356 0.26731442647703557 0.4290600387481618 0.269552174541814 0.42769630203520137 0.2179028705668086
27 0.3603158002337068 0.31969206886652207 0.35824303334106844 0.28083135239932044 0.4793677485314447 0.27437074333955264 0.4814407159176426 0.31323124285922954
57 0.5655715001821591 0.8391277156468844 0.5238667001882504 0.7557820016544301 0.6181578389142715 0.7086088011628863 0.6598628216304405 0.7919534941649287
55 0.5455367357574232 0.7304676670810476 0.5538879181327729 0.6672264732420642 0.7414863792238293 0.6919949592785198 0.7331366371745389 0.7552348317138987
43 0.526448269903085 0.7008178563950006 0.5145406972951605 0.7509553374980436 0.3369375827218164 0.7087793430439224 0.3488458197361979 0.6586428527749227
0 0.44148911883416986 0.7132006918140753 0.4329146985528496 0.7673208587483837 0.27982823408740387 0.7430689282583702 0.28840340314832247 0.6889496775528051
41 0.7115846379134609 0.18199462662559765 0.724360917663148 0.24539485472000422 0.5285145269887153 0.2848597303847737 0.5157387492838552 0.22145992504053197
38 0.30743522493423825 0.29168472118443406 0.3004707962710427 0.239986296687217 0.5085508917627521 0.21195519108919567 0.5155156729485952 0.26365319409712107
27 0.87578125 0.04765625 0.88203125 0.04765625 0.88203125 0.05390625 0.87578125 0.05390625