6 0.45176355419380343 0.4000703974918261 0.44940556462472614 0.432551405692604 0.3837957850125804 0.4277884621584823 0.38615389846938797 0.3953075893275922
27 0.3994649232397478 0.39536402055711956 0.3965751204615344 0.41992587128882686 0.2839457608708926 0.40667470464198935 0.286835710626292 0.382113021791587
57 0.5258938460810896 0.2794405438416814 0.5097829441108388 0.333817281561973 0.34652368448087145 0.2854468538005233 0.36263481018420407 0.23107052578057738
55 0.4969314715191331 0.311974079798098 0.49433735395473377 0.35987957715872165 0.309217576062224 0.3498545950629445 0.31181211340981463 0.3019495597942212
43 0.5091218742718411 0.3470918625236191 0.509946306595225 0.3060953139880348 0.7161822611275284 0.3102417330395402 0.7153582626023081 0.3512378528723455
0 0.5837295585570246 0.31572775916776885 0.591451876268934 0.2748457222355111 0.7613112120221786 0.30692948079399357 0.7535892756081921 0.34781118334952693
40 0.48952107966772473 0.697027062150095 0.48495131899221633 0.7837526779179853 0.37326113573737985 0.7778672463322968 0.37783192300787505 0.6911427199896414
41 0.30176521761450203 0.7060121620167301 0.298073351045673 0.6471515829739692 0.49142359941390623 0.635024443125025 0.49511655184016945 0.693883862001731
39 0.760080140924515 0.6596207903000785 0.7656623581743816 0.7077088076180182 0.5828640311847266 0.7289230941434427 0.5772828359420146 0.6808360019485653
38 0.5155156214814269 0.70122688619143 0.5083636118935146 0.6572120738488585 0.7004625708126468 0.6260007550400645 0.7076152696622557 0.67001468523378
27 0.10859375 0.9515625 0.11796875 0.9515625 0.11796875 0.9578125 0.10859375 0.9578125