6 0.2926683387056528 0.4021293764686882 0.3356839334317101 0.39794366800415265 0.34453403597706256 0.48888896014869254 0.30151844508861814 0.4930746425251092
6 0.41370741141508915 0.5473945428691053 0.37564885021856753 0.5482361938370663 0.3738712316969668 0.46784932031104304 0.41192931885962025 0.4670076745938339
6 0.2937643363937923 0.6098672634606963 0.29162890938800956 0.5381725668508137 0.338537448971465 0.5367755794223983 0.34067316044206564 0.6084699826614147
6 0.6477981607673655 0.42145720328732333 0.6945618860268041 0.41328980589074865 0.7096708883523206 0.4997935098975891 0.6629071760218039 0.5079608570278363
6 0.6541812649761596 0.5398065170974747 0.7034757785845613 0.5299313779945183 0.7152925163810551 0.5889124123732655 0.6659980178047817 0.5987875004473961
57 0.29336952430855945 0.586081524357534 0.3122109006444589 0.6860753387907245 0.23592700592087112 0.7004466315972772 0.21708649315621642 0.6004535774912918
55 0.29137199375 0.5377906968749999 0.34052333749999997 0.5377906968749999 0.34052333749999997 0.713662790625 0.29137199375 0.713662790625
0 0.269303341666955 0.2446667807605725 0.313201722350982 0.23956983708714133 0.33075510108562867 0.3907473969571123 0.2868567271311804 0.39584430270587
43 0.3317168584974297 0.4966461136609189 0.2836723004943451 0.4845873391821539 0.3257146450401933 0.3170937091762137 0.373758248019044 0.32915236001262876
55 0.7169675995282887 0.6923957758167849 0.6671513369367403 0.6956635590574906 0.6563837661896059 0.5315226461154803 0.7061985250936686 0.5282549119328962
57 0.7506138734075876 0.6785113396157153 0.7032700624090467 0.6758536643007569 0.7114725655934535 0.5297621158196192 0.7588151232854443 0.5324197562215098
39 0.7101403663791643 0.40448970434552306 0.6677527428205394 0.4004795705386914 0.6799186217037914 0.2718928374646087 0.7223056900226084 0.27590294497980067
38 0.6243696737132041 0.3351308469094896 0.6720127335355528 0.3233941382536675 0.714439337591898 0.4956092143328099 0.6667963262185594 0.5073457911753738