6 0.3097816783355256 0.5417574062727482 0.2617123099230412 0.5355526899550248 0.2747928119856624 0.43422598531285334 0.3228614508980172 0.4404306535868167
6 0.3191551372946151 0.4796319122474351 0.3723369552433269 0.48771761715164036 0.3606842104043153 0.5643546185155168 0.3075024037707408 0.5562689633511878
6 0.6385953089518352 0.4511577462851311 0.6870792392063549 0.45013214697610693 0.6889643580670963 0.5392424501979971 0.6404804280393819 0.5402680426247741
6 0.6784857579826848 0.4194031556306013 0.7286185897767155 0.41426817613489103 0.7394334416371748 0.5198469825346138 0.6893006161030826 0.524981923106213
6 0.2582109308953022 0.5735324097824014 0.31882076861404585 0.5608950823013165 0.33508234143664595 0.6388788342824819 0.27447253212255873 0.6515160690644877
6 0.3063629223344151 0.6293357841636917 0.33147888301630246 0.5677104956673289 0.3931307123895067 0.5928345121345766 0.3680151995037022 0.6544594222728686
6 0.41151571204488846 0.6538216687630398 0.37472038035468813 0.6506626473399795 0.37953398488093626 0.5946042300002208 0.41632892780660313 0.5977632347204384
6 0.6295376022206938 0.6298426179752815 0.5926469451966341 0.6388164527054047 0.5783617092481563 0.580096892172283 0.6152519747294036 0.5711231070650474
6 0.669547801481599 0.5545080976002011 0.6921015537499215 0.6148570942277551 0.6293318538638459 0.6383125360095045 0.6067785335500275 0.5779639048390237
6 0.7378212024774484 0.5592724940736167 0.7306458638513504 0.6314211354376053 0.668600834536619 0.6252508982546751 0.6757765316868927 0.5531026593490265
57 0.20352016100980563 0.5771314761315071 0.27641449411851227 0.5668356982842017 0.29269155630538535 0.682064407636686 0.21979724615118812 0.6923600703115552
55 0.3172311116444462 0.7449268842956184 0.26076729550914024 0.7424105741931005 0.2689001806879787 0.5599680843634149 0.3253619834464416 0.5624843500172153
0 0.3040349517900722 0.43496708566871073 0.2540012267899101 0.435894460109279 0.2511415419789955 0.2815893197270858 0.301174426631178 0.28066195306234265
43 0.31041101440507646 0.5414926680010957 0.2593897000335801 0.533368679884089 0.28864131534601256 0.3496765491086411 0.3396613413211753 0.3578004313344805
41 0.6720730120398457 0.5559543132886041 0.7312720083033355 0.5516529500280364 0.743765159096597 0.7235745650145083 0.6845661712771971 0.7278758567912234
38 0.6587510461754391 0.3138386776893783 0.7080210063377308 0.3058481591973492 0.7423389654830999 0.5174446187151504 0.6930690330734706 0.5254350281272081
39 0.7511172138574693 0.4056650124084047 0.7001814473414925 0.4105887320736443 0.6844596349617404 0.24794901533735228 0.735394578731416 0.24302533572563592
27 0.95390625 0.9 0.95859375 0.9 0.95859375 0.9140625 0.95390625 0.9140625