6 0.36654972288283716 0.5621861783624269 0.3202828269678548 0.5605783308788416 0.32293202279663547 0.48436052465824414 0.36919835828564374 0.48596836241267455
6 0.3929190095124113 0.5839703995836305 0.36330101589976493 0.6416088549578446 0.30915755466560313 0.6137895862731592 0.33877559111408573 0.5561514529254337
6 0.6615647446368484 0.5595150709776395 0.6860888486996828 0.6231481180302962 0.6352789810972581 0.6427276859543829 0.6107552496727067 0.5790949538514589
57 0.2120295311111704 0.5266198061571689 0.28663622155363555 0.5249699324501508 0.2888425027789481 0.6247275102630114 0.21423581269311853 0.6263773695099444
55 0.28801496473010957 0.5308713366318645 0.3365602478581877 0.5350991594346859 0.3205356409760043 0.7190787981703971 0.2719903671556949 0.7148510490842345
0 0.25557481136172555 0.3153715094028757 0.297486509091641 0.31380291862627774 0.30295454308850367 0.45989884029203265 0.26104284606947203 0.4614674172769539
43 0.3204887171610835 0.5460263766892394 0.27715940271377804 0.542116187818781 0.2928004453286803 0.3688146574529141 0.33612872759658785 0.37272479980549894
40 0.7250071931384809 0.524008361720992 0.790790528407797 0.5355655542427427 0.7733019877478 0.6351000352912308 0.7075186782604987 0.623542946294407
41 0.7314657602352099 0.714745690117703 0.6828415845634481 0.719804203417308 0.6639338807633521 0.5380709672433803 0.7125563906639627 0.5330125407323227
38 0.6590932846302167 0.3540879584479387 0.7017427565555181 0.35011449485521656 0.7196748612566353 0.5425794486266997 0.6770253969854139 0.5465528596986851
39 0.739098696128849 0.4560291676088426 0.6965435519872472 0.4574408629761689 0.6916310044485954 0.3093485588363959 0.7341854046287608 0.30793687592304525
27 0.93359375 0.87421875 0.93984375 0.87421875 0.93984375 0.89140625 0.93359375 0.89140625