6 0.4766550376085661 0.3294837084547236 0.47665514460720715 0.28600536715044234 0.5679442250395823 0.2860055192529657 0.5679443043848096 0.32948367153878594
6 0.5417830923064457 0.322387840948902 0.5432572430590881 0.3647231208559775 0.446414876423205 0.3680947613806333 0.44494094831145503 0.3257596958853975
6 0.4494512366793515 0.3239997448621649 0.4411600810424261 0.3737203070536726 0.34950669908880627 0.358436872132704 0.35779804459218667 0.3087165509811281
6 0.3386139267820454 0.4248935202006664 0.31348867010513004 0.38272105924481636 0.3887969701970633 0.3378563490737891 0.41392221455521394 0.38002859121393806
6 0.3159916508544711 0.4288224880555979 0.31803193375071714 0.4016185820057646 0.40194781671459623 0.40791173131755865 0.3999076890700053 0.4351154929697623
27 0.3255953643384828 0.40756413199324937 0.32626065345129973 0.43076278695665055 0.2224936980047687 0.43373803274943634 0.2218285674902063 0.4105395324763982
6 0.5353571680395817 0.6133668099524155 0.5403373732200407 0.6644440756045318 0.46344700789870785 0.6719396930101657 0.45846722137741835 0.6208628135736871
6 0.56484214975535 0.656850009411743 0.570079880494859 0.705195972758109 0.4899673407009004 0.7138734571281103 0.4847300537577439 0.6655279009390908
6 0.4499257672623571 0.6192364745278182 0.45871141083694056 0.6778062038067373 0.3667686109280339 0.6915954202719301 0.3579835756877401 0.6330262377161021
6 0.3165313552772204 0.6397576622557833 0.31063290092220086 0.5412174599649617 0.42261463359704976 0.534515068295251 0.4285140119633297 0.6330542773480866
38 0.6649021946975608 0.6406815817333719 0.6722746756763627 0.6885678597119183 0.49153785780572434 0.7163875042268005 0.4841663856301466 0.6685021209446174
41 0.28790282467264205 0.6997080249067116 0.2809151317434271 0.6409286437258561 0.4497039436362229 0.6208645156433035 0.45669250571438624 0.6796429046852775
40 0.4260687847306599 0.6863912008360918 0.43331844855697454 0.7544765188859509 0.3152367344132472 0.7670465655797197 0.3079880466425493 0.6989621475813057
57 0.318385632169111 0.3050367501825749 0.32263730602664964 0.23816948457406165 0.44469530245748956 0.2459301364067461 0.44044399556810276 0.31279704804662334
55 0.4501560598419019 0.3250580541936826 0.4413525392144493 0.373651117428875 0.28003330637125146 0.34442549026421576 0.28883713474135675 0.2958328503010168
0 0.7152529973058108 0.2684431326554125 0.7201645856131336 0.30941741701493647 0.5942886543822397 0.32450524920637713 0.5893773233094635 0.283531196827395
43 0.47456445652494494 0.32666048865102254 0.4797278040520041 0.2817504214052689 0.6404147449126185 0.3002239276656577 0.6352517808951461 0.3451336344017947
27 0.14765625 0.928125 0.16171875 0.928125 0.16171875 0.9359375 0.14765625 0.9359375