6 0.39499704385639234 0.2734308913893716 0.47403565233082645 0.29150509004045533 0.4615860982112281 0.34594550863636675 0.3825475048787439 0.3278713574498881
6 0.36276039583776765 0.3708186256218118 0.3914929569323249 0.311685636133014 0.4530222650611222 0.3415815138335339 0.42428996450973955 0.4007142801439527
6 0.4753563460745909 0.3593491300104815 0.47804085068401037 0.30962733266283626 0.5534071327167567 0.3136962499434521 0.5507228305535818 0.36341785133800164
6 0.4657241239403902 0.39104940876743755 0.46336507115984205 0.3570625804024567 0.5282229808846068 0.3525608748065003 0.5305821492488576 0.3865475777238004
6 0.5021802971173202 0.4713983046875 0.4338662239748601 0.4713983046875 0.4338663404629415 0.4470338984375001 0.5021801803535482 0.4470338984375001
6 0.4202477105301341 0.49482620444556685 0.4215652533157481 0.4668103645867435 0.5067507181389601 0.470816058784267 0.5054333589391717 0.4988317224428316
6 0.5099873012661646 0.4961464841700305 0.5092453676164723 0.5266900008871557 0.41748946706889 0.5244608969928958 0.41823161308514045 0.4939175980738876
6 0.4302324556770145 0.546610149332872 0.43023257355537226 0.5233050211371162 0.5072674263134331 0.5233052468928442 0.5072674546332792 0.5466102287634012
6 0.4520348094761175 0.6317090184717936 0.4520349907168111 0.6009885498815435 0.5290697432169509 0.6009888467708296 0.5290697840977145 0.6317090929300464
6 0.3373322636650755 0.5915984579563119 0.33427528924949 0.5632875102125982 0.40649126212906594 0.5554903456149926 0.40954839411256216 0.583801114609442
6 0.3596738813286038 0.6644873250131201 0.3559762992523474 0.6131211126202069 0.43743692776979515 0.6072577679672094 0.441134883823338 0.6586235750402056
6 0.3872113309383849 0.7145920344703844 0.3824353088268708 0.662171126261485 0.46706440812465644 0.6544616013531448 0.471840847734029 0.7068820437257777
27 0.388081374619901 0.667019384952179 0.3901100300973894 0.7051053048986134 0.28557900757755306 0.7106715633976939 0.2835507910310753 0.6725860614195794
27 0.24968453820599734 0.5954021157275189 0.248482688742115 0.575612440624449 0.3477233608533652 0.5695857286349435 0.3489253735123157 0.5893752285692769
27 0.6351059405991464 0.6048388526789614 0.6352403438582996 0.6250040100351294 0.524116751457882 0.6257440397268031 0.5239825593749856 0.6055790953125404
27 0.5942721720318787 0.5033460726783661 0.5932932536783255 0.527523880407663 0.49686327727465596 0.5236194640145234 0.4978423703050794 0.499441839056063
27 0.5969061366290589 0.48152345306107686 0.5953759748306311 0.5017462505416644 0.503556920883625 0.4947989275359014 0.5050872093750058 0.47457627031245414
27 0.4072345641221773 0.2849890577122552 0.40166408803440845 0.3300854160926317 0.28203644524319316 0.31530845541363084 0.2876071348800906 0.2702123379531786
41 0.46670015758616046 0.6528190298597976 0.47353402146029566 0.7059879007079489 0.2922067328047433 0.72928855445607 0.28537399602896585 0.6761207054561085
40 0.4507201193085848 0.7046474996455123 0.45014200173420704 0.7832851678003586 0.336718079917091 0.782450134483955 0.33729719568793826 0.7038134649270066
39 0.7022745527114012 0.6889600894431405 0.7047148558590379 0.7257788577401157 0.5704585949948751 0.7346744267670419 0.5680188596517155 0.6978561897897652
38 0.6880155387675586 0.652910921581285 0.6928871465449902 0.696265972649715 0.4995264095178982 0.7179875054933481 0.49465576477734885 0.6746333346188084
0 0.5922894755786956 0.26697514004285855 0.6123081732619085 0.23382568930510797 0.6844052031689216 0.27736358962516916 0.6643866389616733 0.310512924120759
43 0.49305342960906273 0.3110657030671982 0.4968564938063764 0.2684555352820322 0.6886075176470285 0.2855688015019374 0.6848048575836856 0.328178587817572
55 0.2799890148336317 0.31347282880655525 0.2889059531710245 0.25841935680246936 0.47502605286683774 0.2885636109983475 0.4661096495988204 0.3436166101664191
57 0.3673749752421145 0.2907837308676016 0.3656659220439451 0.2098658985935456 0.4840614895923636 0.20736526510066025 0.4857709024164478 0.28828272556402934
27 0.09296875 0.96171875 0.10703125 0.96171875 0.10703125 0.96953125 0.09296875 0.96953125