6 0.45394349767536823 0.3598866350193474 0.38176510489756765 0.3518098817486599 0.3871441230471646 0.30374326171074434 0.45932216491416966 0.3118199951105685
6 0.363763065625 0.354619565625 0.44738675937499994 0.354619565625 0.44738675937499994 0.40183423906250004 0.363763065625 0.40183423906250004
6 0.47821845728117296 0.34205916132365166 0.4799639117628658 0.3026724855956672 0.553570944328726 0.30593428472819956 0.5518256390827219 0.3453208169552305
6 0.4691590304105375 0.37825708049472945 0.47057241192271704 0.33766664955455017 0.5398436135482143 0.3400785612084494 0.538430391177144 0.3806688383460509
6 0.47917258782820227 0.6506280891520019 0.4774070976463918 0.6071648045912061 0.5452151903637059 0.6044106581492563 0.5469809504068053 0.6478736612340227
6 0.4862547423036858 0.6923241673599924 0.4844465591866083 0.6515197714229481 0.5586844762291321 0.6482303551723496 0.5604929545729647 0.6890344411683477
6 0.44295555514747775 0.6030467452531525 0.460388222986694 0.6525600291262356 0.39284695945559633 0.6763366323946134 0.3754147002804302 0.6268236962066044
6 0.4000161768282169 0.6661636185951796 0.4657300366184245 0.649313948101522 0.4789955315800398 0.7010423534312181 0.4132817053435929 0.7178919303352129
43 0.4780486303361613 0.3434101774274304 0.4780489953943743 0.30434760168752545 0.6620209151988092 0.30434868361310163 0.6620209053812687 0.3434109024623885
57 0.4704461319955726 0.2552575937642291 0.4733312723163863 0.3159222491275711 0.3715446088660883 0.320762632985242 0.3686597540370258 0.26009825439505396
55 0.2991276089105668 0.33950972750648173 0.306127217933863 0.2917879594061209 0.4614721531866053 0.3145719652498051 0.4544729590490988 0.3622933699917473
38 0.661914199820103 0.6488792372388749 0.6621645052381382 0.6900718527714779 0.486531963428547 0.6911368646409001 0.48628240011271373 0.6499449815860254
40 0.3730024492414259 0.7653190996907541 0.37546472481483306 0.7013582256605774 0.47402089146544313 0.705151488418522 0.47155934721922677 0.7691116576225235
41 0.308138803346651 0.7133004503279811 0.3057758273067748 0.6645044855628212 0.4743664443677744 0.6563403621573438 0.47673023678817117 0.705135471874834
27 0.12265625 0.940625 0.13984375 0.940625 0.13984375 0.9515625 0.12265625 0.9515625