6 0.6805830695398072 0.5920836053650428 0.6396915888980175 0.5971566956301354 0.6293413654575488 0.513734810153531 0.6702322663485347 0.5086617565679065
6 0.3377430564111137 0.47878361405221126 0.29008767709251515 0.47104115038438155 0.30480219777996354 0.3804793894414611 0.35245701991379974 0.3882218071495567
6 0.3873413101753158 0.5025507610772443 0.3412477909680547 0.5060070590446146 0.33510803356762153 0.4241284703198216 0.38120101722711297 0.420672192603609
6 0.4089493032780638 0.5207189673669491 0.37679946165940237 0.5171028832125042 0.3841597336632958 0.4516705708551814 0.41630926254140377 0.4552866371739712
6 0.36082043042677014 0.5741547758779735 0.30922986006305564 0.5693653171756754 0.31668633973868054 0.4890573961699034 0.36827623928138564 0.493846823488886
6 0.3617527171875 0.529616725 0.41542119531250005 0.529616725 0.41542119531250005 0.60766550625 0.3617527171875 0.60766550625
27 0.6781283683164929 0.641320723179322 0.6625877050225881 0.6474657914077203 0.643766537331885 0.5998732616503718 0.6593070656250575 0.5937282234374951
27 0.6946192038393519 0.6333913161662594 0.6773049242426623 0.6376106318951639 0.6603353979116946 0.5679823528842023 0.6776494562500375 0.5637630656249968
6 0.702866193850582 0.46182165596559 0.6877533251526984 0.46427700268450584 0.6828614058056246 0.43416846589291436 0.6979742128515909 0.4317131242789971
41 0.6919670582610706 0.6390903249265016 0.6487669923006933 0.6461998318990697 0.6271515506705327 0.5148673151350257 0.6703506247494033 0.5077578915293512
40 0.6837807727124527 0.49944861513230093 0.7357431721802641 0.5015020601080629 0.7314592007943475 0.609898181955991 0.6794968023012871 0.6078447558079859
38 0.6250740905472867 0.3047601331279203 0.6710430069516633 0.29471627686550933 0.7117941196397624 0.4812188304290691 0.665825240420304 0.49126257051785144
39 0.7175039198134527 0.39022578465047897 0.6667212941866865 0.39228846033356535 0.6614973016793328 0.26367034973668674 0.7122792498655599 0.26160768819415026
43 0.3364833967937102 0.4769917534080024 0.28674330238789025 0.46729424645837536 0.32203389395635895 0.2862952252329211 0.37177294883395007 0.2959926276799769
0 0.3184159518583556 0.3907023019938812 0.26555395479522304 0.37234047241789076 0.3091653206280398 0.2467925507916145 0.3620267124501879 0.2651542673833971
55 0.3197702295360614 0.4869285367468253 0.3735212064186726 0.49639485829804664 0.34350050079456196 0.6668402884623176 0.28974956044783085 0.6573741085568541
27 0.94453125 0.82890625 0.95390625 0.82890625 0.95390625 0.85703125 0.94453125 0.85703125