6 0.42339108714190843 0.7279069373571406 0.4223177778185345 0.6837849963866478 0.5091101272247442 0.6816738218635051 0.5101838373268492 0.7257953509083328
6 0.5450591954598849 0.6476204137653864 0.5350419046706065 0.6976146119769918 0.45699024638258834 0.6819770934802555 0.46700783577489346 0.6319832971063374
6 0.4840115426745797 0.6439179696030247 0.4840116912199619 0.6124468719560212 0.5588662248508172 0.6124470839090251 0.5588663016686723 0.6439179557467576
6 0.4833040469879961 0.6126842369050528 0.4856025022695576 0.5843462135959333 0.5727261577883382 0.5914116847860427 0.5704279458243491 0.6197494809563872
6 0.6503366056705318 0.6715252678526459 0.6472449901507389 0.7239449047208951 0.5483584886327435 0.7181128818695526 0.5514506187690813 0.6656937973256357
6 0.631653805283122 0.7004100835953619 0.5889568386882047 0.6582944482781651 0.6454323066012648 0.6010471299061368 0.6881289293114605 0.6431624320200134
6 0.6157394057271404 0.6168384703803779 0.6211046870380414 0.58376228255651 0.6899403384455809 0.5949267792371249 0.6845752964374014 0.6280027536838444
6 0.585029029735324 0.5332389209307012 0.5850292078670236 0.5640028007053909 0.49491275629611664 0.5640028738004955 0.4949128097804305 0.5332392258727324
6 0.5813952624715739 0.4441299918105014 0.5813953909300835 0.4710042229041521 0.49127904972772285 0.4710042823298007 0.49127909009064297 0.44413021989806223
6 0.63735465 0.40028288593749994 0.6954941859375 0.40028288593749994 0.6954941859375 0.4303394625 0.63735465 0.4303394625
6 0.6129609392949078 0.4201515645755987 0.6072236549958916 0.3847784012163495 0.677979342701974 0.37330280284619216 0.6837167490923548 0.4086758115848875
6 0.6524186807845354 0.31583192487714884 0.6705211930716359 0.3742941392115011 0.5930483710019416 0.39828191587546236 0.5749461603434156 0.33981995791796954
6 0.5415584512605847 0.2983530506294163 0.5910286449666273 0.25688256312432417 0.6409883734374944 0.31647807656246507 0.5915183222110727 0.35794841175196696
6 0.5571549379757244 0.358652974405029 0.5606117046988857 0.39417244005317714 0.47374319625953376 0.4026258306643312 0.4702866241285619 0.36710654482761335
6 0.4542151171875 0.3207213578125 0.5392441859375 0.3207213578125 0.5392441859375 0.36987270156249996 0.4542151171875 0.36987270156249996
6 0.5188954310037843 0.322135784375 0.420058011234687 0.322135784375 0.4200582052861819 0.27758132968749993 0.5188952227082382 0.2775813296875
27 0.4767441846386191 0.3709334818412313 0.47747458814808397 0.3934463663935772 0.3647068752463838 0.39710433540566936 0.3639766248879823 0.37459159825751054
39 0.3942171153471463 0.2651715129863958 0.39515865350836066 0.30717671034166677 0.24796482987858326 0.31047546603393333 0.24702356916509416 0.2684705527025767
38 0.30697342438259057 0.32719470220453056 0.30581405509497017 0.2811077197147856 0.5195369614300489 0.27573054106509914 0.5206967739432002 0.32181707418002325
41 0.7181507438058361 0.2538353177054456 0.7296543330926397 0.3125996001487002 0.5523059588700789 0.34731496193148864 0.540802915779409 0.28855114788602726
40 0.6886433609021196 0.20923995407011434 0.7004133132666084 0.25861176304403505 0.5314349182358455 0.29889375157682024 0.5196653497619081 0.24952227557457776
55 0.5440999154427573 0.7083375755456538 0.5573875998941276 0.6553864702562932 0.7262885510924662 0.6977637601802058 0.7130020133511152 0.7507138757777838
57 0.5297222710961478 0.7359452792104946 0.5665935694213431 0.6797327324607912 0.6718891317434554 0.7487876884464857 0.6350187434530881 0.8049994316939102
0 0.42877887814654514 0.7065061998379876 0.4287792382344833 0.7400990134601435 0.2550870803994485 0.7400989706529426 0.2550873624138603 0.706506801493804
43 0.5109262680398388 0.6852477993924565 0.5076230875998817 0.7311594716414997 0.305033413318597 0.7165835007807609 0.3083375071979617 0.670672827776753
27 0.8765625 0.0546875 0.890625 0.0546875 0.890625 0.0609375 0.8765625 0.0609375