6 0.3063164686273012 0.561984778508752 0.3551633592679764 0.568765071323292 0.34433785340411305 0.6467462062394748 0.2954909731247426 0.6399659625546025
6 0.4566296900693487 0.6177337832916673 0.43408175676745486 0.6935733822985874 0.3266129285286752 0.6616248371368778 0.34916133770298075 0.5857860654617271
6 0.4462234106805454 0.509730237332001 0.4758836187639872 0.5089718256591422 0.4781788668567515 0.5987270338952901 0.4485186589921568 0.5994854398080157
6 0.5081215707535875 0.6075581390624999 0.47634173304163596 0.6075581390624999 0.47634198939738326 0.5203488374999999 0.5081213482025078 0.5203488374999999
6 0.5423729425708643 0.6090116265625001 0.508121393475335 0.6090116265625001 0.5081216626377909 0.5232558140625002 0.5423727013769621 0.5232558140625002
6 0.5685028743005205 0.5966569765624999 0.5423727947423913 0.5966569765624999 0.5423729315813262 0.5334302328125 0.568502726399629 0.5334302328125
6 0.5832762566925567 0.606783549946148 0.6159398384885435 0.6022496806360534 0.6244376635931985 0.6634636785317614 0.5917740873645698 0.6679975207519895
6 0.599541775671014 0.5968627391299143 0.6572661078434976 0.5659430278340176 0.6896517573532037 0.6263976167901076 0.6319275618932352 0.6573171310507322
57 0.22963349640349406 0.6488508866641105 0.20930893562376696 0.5441827196762797 0.29205614912029887 0.5281166347892565 0.3123813060727798 0.6327839967554606
55 0.30555868146882403 0.5607913987809097 0.3550729224401721 0.5666110506224818 0.3346546390614549 0.7403110362833456 0.2851404160043103 0.7344914848803114
40 0.7162383243588692 0.5367170622517605 0.7908599363348685 0.5477028462724437 0.7755612593347223 0.6516092175692816 0.7009396688409879 0.6406235377745202
41 0.7208295843005317 0.7320429372464543 0.6700543369248635 0.7345637006773048 0.6609892339324688 0.5519698985083067 0.7117627139307388 0.549449178284488
39 0.7001644823486686 0.33428495968532124 0.7483496898171325 0.33021355005037534 0.7641360627102358 0.5170361083918005 0.7159508623878992 0.5211074678622241
38 0.664194915625 0.339389534375 0.7143361578125 0.339389534375 0.7143361578125 0.5443313953125 0.664194915625 0.5443313953125
43 0.35914120412337525 0.5490528264847276 0.3044582871367538 0.5537411123786278 0.2870256927413948 0.3504156544295054 0.341707056330506 0.34572743640396214
27 0.8890625 0.79609375 0.896875 0.79609375 0.896875 0.81015625 0.8890625 0.81015625