6 0.28287772836995373 0.4566324012769319 0.32428170483774466 0.4590065354433164 0.3196150881599351 0.540384591478703 0.2782111129437226 0.5380104719816545
6 0.290081521875 0.5644599296874999 0.340692934375 0.5644599296874999 0.340692934375 0.6432055734375 0.290081521875 0.6432055734375
6 0.3860302169064198 0.651315608467097 0.3334047941531253 0.6461859364396705 0.34064127916553844 0.5719595124703928 0.3932659821981588 0.5770891493658138
6 0.38451086874999996 0.5944250875 0.41983695625 0.5944250875 0.41983695625 0.6641114984375001 0.38451086874999996 0.6641114984375001
6 0.6670437482774787 0.5633649523989037 0.7164204823426417 0.5618608695694047 0.7186503667109037 0.6350568026288946 0.6692736331327751 0.6365608754061376
6 0.6142471696978191 0.5821425148924518 0.6657916369599661 0.5758621148936597 0.6744384676059099 0.6468204712031317 0.6228940078484584 0.6531008292432328
6 0.627251512523685 0.6630103819904898 0.5914420888839231 0.664173889327567 0.589196408225007 0.5950586543345354 0.6250053606283927 0.5938951546274458
27 0.6024464983534017 0.6574977921267952 0.623156440701564 0.6548062645608109 0.6415354572044407 0.7962018857633011 0.6208255229205406 0.7988933709564409
27 0.389945652688084 0.653658537488171 0.4123477055636613 0.6542650925904017 0.408994854900925 0.7780781610104535 0.38659280236538507 0.777471614117693
57 0.2985730537254767 0.5512190879164475 0.2985737385320135 0.6585366291924986 0.2245244192578184 0.6585364543115161 0.22452446394868275 0.5512196385512785
55 0.29001571877120114 0.5621646198998087 0.3421049103733367 0.562713518629888 0.33996869684449393 0.7654104525532035 0.2878795054434704 0.7648615648761578
41 0.6674592390625 0.5616724750000001 0.7180706531250001 0.5616724750000001 0.7180706531250001 0.755400696875 0.6674592390625 0.755400696875
40 0.7128826346437336 0.5783110177633918 0.7870195072857769 0.5850021861211812 0.7770988400548049 0.6949081513493925 0.702961976967913 0.6882170547443667
38 0.728507337617998 0.5199443703321707 0.6881512152368714 0.5186330686149556 0.6936786805772499 0.3485460442997944 0.7340338737868706 0.3498573306779731
43 0.3183033402337969 0.5383287431874657 0.2750322362322777 0.5334779578674678 0.2974114181644154 0.3338657553985963 0.340681351694343 0.33871647347167727
0 0.2987493471734979 0.4376710768980054 0.26108560611794474 0.43325592520689016 0.2777074510499915 0.29147134208349545 0.31537059141589907 0.29588645782474715
27 0.92421875 0.82265625 0.93203125 0.82265625 0.93203125 0.83515625 0.92421875 0.83515625