6 0.3515593451945733 0.58639478546609 0.40596850183294464 0.5899191849091501 0.4004594374920316 0.6749573498456648 0.3460502833894452 0.6714329791490234
6 0.476694915625 0.64462209375 0.500706215625 0.64462209375 0.500706215625 0.6969476734375 0.476694915625 0.6969476734375
6 0.3661377082698891 0.5702856249728195 0.3187071128733123 0.5596502518817813 0.33346240863068033 0.4938530768279777 0.3808925045190108 0.5044883917642228
6 0.6582605890127979 0.5855626416051193 0.6788997624302056 0.6414262549849382 0.6240093299542195 0.6617031086497217 0.6033705211178813 0.6058398034973039
6 0.6465626521422791 0.5757578626550506 0.699481650036887 0.5537213842807379 0.7258769560186238 0.6171012167348993 0.6729580367546077 0.6391375573148168
27 0.35063543071964887 0.640988317029936 0.3988088201942901 0.6578172911385414 0.36087164783612025 0.7663971481252367 0.3126983616210737 0.7495683836631842
6 0.3283899366069818 0.5443313953125 0.28742923876041004 0.5443313953125 0.28742951242077197 0.46584302343750006 0.3283897090368555 0.46584302343750006
27 0.36935014866730853 0.40988367428618083 0.3693502882156281 0.5094477538350299 0.3298022572314494 0.5094476198287988 0.32980239314292703 0.4098838161984808
27 0.6980225148497539 0.7393021963104044 0.6563625519299876 0.7536773742105757 0.6213949580891267 0.6523540558649212 0.663054054148347 0.6379790413201231
38 0.659832717829886 0.33708718322801334 0.7026659107983733 0.33251906995964536 0.7245611986447784 0.5378108560037373 0.6817280161670851 0.5423789063458081
39 0.6666072428949974 0.31949369483917195 0.7138888858214614 0.3048997672234073 0.7542465795809221 0.43564610818983535 0.7069649872373702 0.45023992051886097
41 0.7393572307552176 0.7046054828827506 0.6881283346067448 0.7171231220255722 0.6511697155614229 0.5658853172943074 0.702397132689498 0.5533678672361079
40 0.7058615828125 0.53052325625 0.7595338984375 0.53052325625 0.7595338984375 0.68677325625 0.7058615828125 0.68677325625
57 0.2964176548391606 0.7200154316976114 0.2410800417316068 0.7174550535317132 0.24867261580345712 0.5533987689917739 0.30400851292608877 0.5559591080661778
55 0.3065293780140337 0.5615913789144 0.3586184525875069 0.5703225162746006 0.3314962461390678 0.7321113560087725 0.27940720650883577 0.7233803590134756
0 0.28462116188939035 0.5172954655247431 0.24044748311268904 0.5082155428902433 0.2679810921723629 0.3742759406815307 0.31215397107894205 0.38335577812125715
43 0.32698313825471814 0.5463024864534435 0.28561405564801134 0.5441379916614484 0.2940548121825941 0.38283594464673393 0.33542293667062495 0.38500041406632846
27 0.93515625 0.88125 0.94609375 0.88125 0.94609375 0.903125 0.93515625 0.903125