6 0.2944972828125 0.398606271875 0.3383152171875 0.398606271875 0.3383152171875 0.48989547031249997 0.2944972828125 0.48989547031249997
6 0.3786300341024571 0.5211392777398537 0.3387792257020692 0.5234243535824661 0.33426164367767797 0.4446412844830946 0.37411198884149144 0.44235622198833613
6 0.37433445384749575 0.4850684739859328 0.40233764654647075 0.4863683387136782 0.39948894249289424 0.5477335836750967 0.3714857502276345 0.5464337252194456
6 0.42214356455133384 0.5692253614916629 0.3936935147380609 0.5657588007988738 0.40178621917425517 0.4993492546250664 0.4302359621544838 0.5028157963965367
6 0.3682661823157787 0.527242931345316 0.33788758678974773 0.5699536599453234 0.28500037827950564 0.5323399299794319 0.31537890552249337 0.48962942453119673
6 0.41281915307138206 0.57621777746296 0.3761884451930655 0.6129446778334258 0.3218047227725265 0.5587085708581438 0.35843518209730973 0.5219819199542506
6 0.3909041408703615 0.5681166003631748 0.42123071310084015 0.5702281083206399 0.4175148469701071 0.6235916350566946 0.387188275811468 0.621480137363568
6 0.414741846875 0.5888501734375 0.442255434375 0.5888501734375 0.442255434375 0.6452961687500001 0.414741846875 0.6452961687500001
6 0.528726639034403 0.5991848864090885 0.5016205060154562 0.5994659750506321 0.5007239730022093 0.5130007181838858 0.5278297090541173 0.5127196316006066
6 0.5560462622649993 0.5937282234375 0.5319292874276016 0.5937282234375 0.5319294483698513 0.51637630625 0.5560461074378509 0.51637630625
6 0.5601222251020772 0.6494773759100203 0.5601223351731051 0.590243856995689 0.589334217607302 0.590243952144646 0.5893342710488696 0.6494773075908086
6 0.5817047134596578 0.5725013735510063 0.6153065509788576 0.5694307158022666 0.6207171779539067 0.6286322428911656 0.5871153426822957 0.6317028839740648
6 0.6492765332084218 0.5191675669646523 0.6854810864575711 0.5665583448959286 0.6274219401875598 0.6109084249429573 0.591217713739411 0.5635179456846481
6 0.6896531601070137 0.48412857207058985 0.7267071248605816 0.521968165686851 0.6731218399173713 0.5744362176439048 0.6360681057357169 0.5365968522912781
6 0.5732792293553075 0.4989892370735432 0.6074815266140376 0.49671607442050497 0.6125110904426947 0.572385143552736 0.5783087945337684 0.5746582921135823
6 0.5999572716419834 0.49021760084444743 0.6343380904247624 0.48707567431434046 0.6393275374000496 0.541668846463407 0.6049467204953771 0.5448107594308602
6 0.625339675 0.4494773515625 0.6725543468749999 0.4494773515625 0.6725543468749999 0.5337979093749999 0.625339675 0.5337979093749999
6 0.660886228682557 0.4166877896838349 0.7047906825554264 0.40955474333382735 0.7171796003606232 0.48580502383261903 0.6732751556054382 0.4929380324450349
27 0.5272101972669816 0.5221190413818948 0.5044157609374906 0.5226480843750013 0.502304756260628 0.43169169091815246 0.5250988993299188 0.43116265126833125
27 0.6184209139216819 0.592281736032875 0.6639201834348114 0.5786905639043778 0.6953321880837393 0.6838363195885439 0.6498329803238221 0.6974273464070506
27 0.667405234245166 0.4621689442936877 0.6267889893406391 0.46573591281934434 0.6162084274411654 0.3452616104090737 0.6568240800324929 0.3416946678190603
43 0.33363840672518563 0.4899788121336966 0.28449816813383677 0.47957572778814656 0.320573595439555 0.3091804905391805 0.36971283034642966 0.3195834653604522
57 0.31083802515240677 0.5606097712819231 0.2426141273712119 0.5702635399313147 0.22918615981745916 0.47537144750790994 0.29740903947310926 0.4657177520455554
55 0.3095567318882786 0.4880461072962508 0.3591482715160055 0.49746534265741404 0.32917378260447094 0.655263788650153 0.27958227960607474 0.6458446849253147
41 0.7420777636328921 0.6384285413011667 0.6888845642172328 0.6536789387452554 0.6445441705598114 0.499033982387197 0.697735998263397 0.48378379193732174
40 0.7212683063389704 0.47353705081748665 0.7892130066965137 0.4871462280303706 0.7700047187764767 0.5830369046385906 0.7020600491416644 0.5694278344704057
38 0.6472312814840961 0.3078504265288066 0.6925189256894555 0.30207278544131905 0.7160832774408163 0.48677248223148284 0.6707956458069475 0.49255005856736117
39 0.6600613554932124 0.28395933336070095 0.7030539175801778 0.2719001969176454 0.7322598756414891 0.37602050447867413 0.6892673405246796 0.3880795751752678
27 0.93125 0.85 0.9359375 0.85 0.9359375 0.859375 0.93125 0.859375