6 0.36303435049649124 0.6101955778345335 0.31594189270663264 0.6311974492560228 0.2771577430899015 0.5442401066529414 0.3242495119148998 0.5232384133783785
6 0.41126639447270463 0.587233296121615 0.3909298314397347 0.6644071909062567 0.3291410850035845 0.6481263843563916 0.349477942800263 0.5709529526036948
6 0.4195370940084331 0.6700740294845381 0.3831295455643158 0.657084989368351 0.4017108721729983 0.6050096598185489 0.43811806636813344 0.6179986307533722
6 0.33170391799808385 0.5190295273683103 0.2797860600430795 0.5172252703114463 0.28308951096835244 0.4221857339591998 0.33500666695385917 0.4239899788662666
6 0.37449927258444404 0.5591658410847945 0.32696070367330776 0.5579485508953997 0.3292345647327011 0.4691695679180964 0.37677247394321967 0.4703868496670581
6 0.3804676021713931 0.49630102312001595 0.41607922725847857 0.5033596746576873 0.40031859372118106 0.58286680458857 0.3647069824464779 0.5758082001911515
6 0.40744943097558917 0.5085534131779643 0.4473543417853989 0.5123284546383398 0.43925654219356147 0.5979203175488346 0.3993516352028337 0.594145303429177
6 0.6218931777607395 0.6920231313847572 0.5910113551129825 0.6944463493321227 0.5859900499630157 0.630460018553989 0.6168714779935272 0.6280368160862194
6 0.6719135081721106 0.6754897070386203 0.6204408647059836 0.681381857143512 0.6108650343448971 0.5977360385406361 0.6623368512522347 0.5918439359907273
6 0.647321943760744 0.5722013621507868 0.7010899723987905 0.5540915248700143 0.7250553446057211 0.6252372164125921 0.6712873750817607 0.6433469298665265
6 0.6179379498554454 0.6194321205084862 0.5846944242426844 0.6207799010564057 0.5814510634086218 0.5407831702288763 0.6146941207000509 0.5394353991662033
6 0.6132448357350313 0.5309700082225741 0.6441824712659354 0.5301338069105951 0.6461090901982516 0.6014077973823257 0.615171454880624 0.602243993557435
6 0.639321075 0.494186046875 0.6828147109375 0.494186046875 0.6828147109375 0.58139535 0.639321075 0.58139535
6 0.6746880407147273 0.4546396217578503 0.7185588757471351 0.4501460775629561 0.7277128426376294 0.5395105997893634 0.6838420123380047 0.5440041134365766
57 0.20157172118695144 0.5224957503478739 0.2534095141237458 0.49228756676459434 0.3219737707262311 0.6099343805447223 0.27013624030269057 0.6401422091364741
55 0.30745752761572476 0.527615024966446 0.3628938570381024 0.5433327118238157 0.3120645163807012 0.7225875853267845 0.25662829932934983 0.7068701768442106
0 0.2997439586273458 0.44837229107340765 0.2566159954321847 0.4375187317463666 0.2918566712193069 0.29749382403559593 0.33498394000287135 0.3083472901901393
43 0.32387140974935846 0.5202704852202874 0.2717945724116362 0.5086109366061818 0.31146088518221404 0.3314575659580201 0.3635365182802843 0.3431169728739666
41 0.7380053704865759 0.732332925608955 0.6866259468849876 0.742331409096597 0.6515884875673237 0.5623029030341201 0.702966096244495 0.5523046016183738
40 0.7275380738417425 0.6666781219296326 0.6804805143847261 0.6434869199063047 0.7330059741299237 0.5369203416503002 0.7800626648283924 0.5601112872492927
39 0.7308393306484504 0.44677386501667915 0.690623562126575 0.44840440528187464 0.6842604508900649 0.2914607125891589 0.7244754975466776 0.2898301871413279
38 0.653347001758334 0.3664428760370306 0.7011790914840503 0.3580392061180643 0.7324613013739736 0.53608141728939 0.6846292390933968 0.5444849815146923
27 0.93046875 0.82265625 0.93515625 0.82265625 0.93515625 0.83984375 0.93046875 0.83984375