57 0.6116217083015272 0.6947280011303459 0.6270102900836036 0.7683776305492538 0.513620776053358 0.7920641886111661 0.4982332948147814 0.7184155139927699
55 0.5238811305137006 0.7124403061086174 0.5277692955878592 0.6543031394176029 0.7032298951885423 0.6660353770375398 0.6993428716941708 0.7241714527682337
41 0.7097080107563443 0.26178324557809995 0.7131813052263851 0.3147080973829124 0.5358209422284972 0.32634626726591326 0.5323480892548105 0.27342180811678646
40 0.6549512131084612 0.21371803356429048 0.6572558748795245 0.26808657509073613 0.503898603655557 0.27458662435944137 0.501594265618337 0.22021839555530723
41 0.5170730544639355 0.27683414131907036 0.5170732415326711 0.32167119824810064 0.33867580553271637 0.32167115935259044 0.338675983717053 0.2768344808483882
39 0.3268999969394599 0.2901445428861024 0.3236203789048204 0.24207983563555735 0.49083074427414886 0.23067028142528034 0.49411066238735657 0.27873467194116264
0 0.4908271905712809 0.7107815865682623 0.4903177719471614 0.7604839679139868 0.32844912182122243 0.7588234093858847 0.3289594264022071 0.709121929566173
43 0.5101043444059314 0.6667797051398329 0.510104842878377 0.7119565458780434 0.3219510151399163 0.711956414035937 0.32195140824808277 0.6667804690508743
6 0.5128917392850099 0.6161683381349755 0.5128920514051742 0.6671195774961042 0.429268230261755 0.6671195400358927 0.42926833516924034 0.6161687177305102
6 0.6309130850315796 0.6016855400106564 0.6245878535709153 0.6622392434128302 0.5385602001367715 0.6532536014419179 0.5448858723402736 0.592700399748157
6 0.5499973225670374 0.37867132067716636 0.5459484805726333 0.32467930571455517 0.6299077497783401 0.3183833880195668 0.6339568131897977 0.37237516159557776
6 0.5310104531250001 0.2710597828125 0.6209059234375001 0.2710597828125 0.6209059234375001 0.3243885875 0.5310104531250001 0.3243885875
27 0.86796875 0.028125 0.91328125 0.028125 0.91328125 0.040625 0.86796875 0.040625