43 0.3348260523216595 0.5354444749557 0.29525606252127545 0.5315871808462964 0.31221485621335887 0.3576335943811785 0.35178388891984014 0.36149084074901017
0 0.3077074176029555 0.47636857021578255 0.265488766500539 0.46754958977501265 0.295282350012144 0.3249304502635767 0.3375002647925385 0.3337493504950027
38 0.656956469337274 0.34998054512152704 0.7018860029089637 0.3449751238655885 0.7222754496506241 0.5279845339960502 0.6773459266396458 0.5329898931319278
39 0.6793571491361945 0.3363555533758391 0.7311420395310506 0.326564050839246 0.7587430516538234 0.4725325382145384 0.7069581874346795 0.4823239509222986
41 0.7068222282174474 0.7041617842511143 0.6554455395354353 0.7060879225527615 0.6491022881078834 0.5368915454276713 0.7004773998016844 0.53496543589998
40 0.7683094458301412 0.6527133944665751 0.6949362638266621 0.6592694695886315 0.686311786494116 0.5627522911024362 0.7596836530392466 0.5561962753263222
57 0.3210519614962095 0.6507658632375263 0.26151441699130373 0.6577411992463355 0.2495572000973425 0.5556878899166603 0.3090936299159921 0.5487126199479089
55 0.339219017701339 0.6984712253053852 0.2929436331495481 0.6921638706779605 0.314406724908622 0.5347203081469817 0.36068076399772053 0.541027570489749
6 0.336286218416717 0.5353665825462698 0.298663264739389 0.5334363443444722 0.30293128431014793 0.45025816644071454 0.34055377002891873 0.4521883926397738
6 0.338654890625 0.46062717812500004 0.3794157609375 0.46062717812500004 0.3794157609375 0.5331010453125 0.338654890625 0.5331010453125
6 0.672894021875 0.461324040625 0.7163722828125 0.461324040625 0.7163722828125 0.5331010453125 0.672894021875 0.5331010453125
27 0.96171875 0.89609375 0.97890625 0.89609375 0.97890625 0.91328125 0.96171875 0.91328125