43 0.5354446284574124 0.6651728209978667 0.5315871689140295 0.7047434076600175 0.3576330785220989 0.6877864283697936 0.36149116875560594 0.6482165581746634
0 0.47636919720048354 0.6922925345444421 0.4675488829009282 0.7345108061058838 0.3249291337718887 0.7047174756360879 0.33374992197673237 0.6624998551848652
38 0.34998062136992303 0.34304366126163083 0.3449749799510755 0.29811392918318746 0.5279840764629853 0.2777247091551616 0.5329900603763917 0.3226540571235961
39 0.3363556232523024 0.3206428088538836 0.32656369433357213 0.26885775192180733 0.4725321044386419 0.24125727078236436 0.48232428393214377 0.29304199405365067
41 0.7041616984557777 0.2931782952448731 0.7060883659451065 0.3445539474030995 0.5368915654223656 0.35089777851406606 0.5349653384880639 0.2995225322980839
40 0.6527125648003675 0.23169098083622733 0.6592697045324485 0.3050635670396986 0.56275261301505 0.3136885541202972 0.5561957936812405 0.24031626977934809
57 0.6507650348435163 0.6789477479686596 0.6577429250920659 0.7384852143194658 0.5556895001855082 0.7504432500764909 0.5487123397724645 0.6909064487560934
55 0.6984714907271155 0.6607798232773995 0.6921634551035822 0.7070546387681159 0.5347195400271403 0.6855935448820001 0.5410282062391616 0.6393194707300814
6 0.5353666510437733 0.6637136561242835 0.5334362779198045 0.7013365172113523 0.45025801527651765 0.6970688283332577 0.45218869506288684 0.6594462907859565
6 0.46062717812500004 0.6205842390625 0.5331010453125 0.6205842390625 0.5331010453125 0.661345109375 0.46062717812500004 0.661345109375
6 0.46132400010094443 0.32710599632888154 0.461324077302379 0.28362766537486844 0.5331010073774678 0.2836277731342083 0.5331010756202659 0.32710595615552246
27 0.89609375 0.02109375 0.91328125 0.02109375 0.91328125 0.03828125 0.89609375 0.03828125