43 0.32745511808286665 0.45876673574074617 0.28207602318832414 0.46003221227632735 0.27679224774522027 0.27054739699074093 0.32217034039433656 0.26928193487522056
38 0.7314510508036847 0.4646155975132117 0.6906958980189302 0.46737781070421036 0.6759047741606992 0.2491440018763064 0.7166589292207846 0.2463818233261162
41 0.7056854832009094 0.6735273516501036 0.6591456825249224 0.6776363196550342 0.6433099408338876 0.49828737304726384 0.6898483001214117 0.49417846773409563
55 0.30139192953674865 0.4830234193137803 0.3507779880824273 0.49030756804596687 0.3264560607599378 0.6551933971338351 0.27707002668478253 0.6479093534554565
6 0.3003074094302747 0.5715154402238437 0.2666977890992257 0.5754640950712979 0.257511523285757 0.49727852007243456 0.29112071792042116 0.4933298904589876
57 0.2998867937418481 0.5791461441145973 0.2148180044076753 0.5810571595990595 0.21257196841565928 0.4810529578102212 0.2976393643670008 0.4791419581306498
40 0.7413433390349837 0.47892776338076504 0.7935355015318919 0.5040769426286131 0.720953875341138 0.6546912452095746 0.668761945262986 0.6295424301928293
6 0.3338974154198695 0.571217610797733 0.317844492812128 0.5668421256761128 0.3277178883593024 0.530621911575001 0.34377071451262964 0.5349973827469905
6 0.5489397842031849 0.6018320566213304 0.48905913750797936 0.5960030275580781 0.4958011414319117 0.5267541693637942 0.5556810843007725 0.5325831641576333
6 0.4443198022456727 0.4978653648343112 0.35981831450419577 0.48415536975414175 0.37599893343917756 0.38443611354491897 0.4604992650134818 0.39814601134231026
6 0.280189959375 0.3881533109375 0.3259837171875 0.3881533109375 0.3259837171875 0.45923344843749997 0.280189959375 0.45923344843749997
6 0.2901490028482385 0.5635583516403242 0.30082046945494767 0.4828564353504 0.39727987653577657 0.49561042751211565 0.3866091081653167 0.5763117162502356
6 0.39387037143717407 0.5100842116412415 0.44290883226790356 0.5159465923406691 0.4324273245651966 0.6036157754760851 0.38338887153554424 0.5977534385696688
6 0.45125974130223767 0.4162600728269264 0.5097320735619633 0.4170971545411695 0.508448385162751 0.506760578878787 0.44997605302569355 0.5059235024363684
6 0.5943929049335566 0.5066494803671373 0.5090685187891495 0.5094181880388897 0.504913589866419 0.38135623578128736 0.5902364956426709 0.3785875521732984
6 0.6434865703689638 0.49113938539034635 0.6165499195403754 0.49282030193695225 0.6114803025419633 0.41158239611547326 0.6384166536278144 0.40990148893032424
6 0.6898475346450823 0.4831922687176658 0.6405513730261418 0.4849061556308831 0.6371566520484748 0.387261674800523 0.6864521740286591 0.3855477990362501
6 0.6446131105294626 0.5905874826690801 0.5942302181421155 0.5883581542354175 0.5975330181948948 0.5137296951824456 0.6479152833884427 0.5159590097910939
6 0.693705372298723 0.5676940389246716 0.6461521839053148 0.5692370693641947 0.6438410564743435 0.4980117863678091 0.6913936940583199 0.49646876488542946
27 0.29985075780848547 0.5536025977255574 0.3398914515624938 0.5581881515625023 0.3285669417958843 0.6570621405958483 0.28852625540298504 0.6524766290330524
27 0.39631027885820913 0.6939832955560279 0.3739585214472072 0.691411922497562 0.38853480733166634 0.5647264628382421 0.41088600536068043 0.5672978027024881
27 0.4190955996074308 0.7033553939820705 0.3984238060330654 0.7008727556774905 0.41484689682010867 0.5641456279179011 0.43551813928797856 0.5666282324740303
27 0.6602679256775446 0.6752729484239676 0.6205777428397141 0.6804557737228647 0.6058330868693247 0.567552102847328 0.6455223874999092 0.5623693375000062
27 0.689959298087615 0.40418129468056546 0.6837075849482517 0.2474534018524859 0.718646271565035 0.24605980552415013 0.7248982359375304 0.40278745781251213
27 0.638059822695709 0.425783968581029 0.6177049072891805 0.4263374791828535 0.6138933098527559 0.2861685126321554 0.6342479485150534 0.28561500549978414
27 0.5720337488236282 0.2804305373831289 0.5949308976781822 0.2812694220022749 0.5890436875914702 0.44195386025447436 0.5661465390625153 0.44111498281250144
27 0.547150610937365 0.4404181729665859 0.5471507729117775 0.3331010228927372 0.5637721092263064 0.3331010670283966 0.5637720500000114 0.4404181187500143
27 0.5420625038657363 0.4452961699871228 0.5171797676398455 0.4449533873606039 0.5188397254479469 0.3244748348760188 0.5437221316892646 0.324817615327851
27 0.39552240424450247 0.41951219435363657 0.37259095149170207 0.42082535349827477 0.3646345778856812 0.28188629929011577 0.3875657185765249 0.2805731485661196
27 0.4229986740148206 0.43205574926343215 0.398521945153675 0.4326514492616091 0.39498760658102583 0.2874264875923817 0.4194639745239783 0.2868307917563124
27 0.44674356279779204 0.43275261249999997 0.42265936148419314 0.43275261249999997 0.42265955102482167 0.266202090625 0.44674334742705923 0.266202090625
27 0.3232700630101135 0.40766550797532297 0.2846031627349248 0.4063447240820025 0.2892443222943939 0.2704856405745065 0.3279107274074704 0.2718064165390207
27 0.9578125 0.87734375 0.9734375 0.87734375 0.9734375 0.89140625 0.9578125 0.89140625