0 0.5898443890338285 0.28155390293977317 0.6026225989968452 0.2305052186720465 0.722855444527795 0.26060040027473413 0.7100775398325823 0.3116488205668404
43 0.5322138512377705 0.3272777774986758 0.5328039591184961 0.28251268785925227 0.6979765961882549 0.28468948366461844 0.6973868383590798 0.32945423121355794
57 0.4112864555430633 0.29753852551517285 0.40311882744776995 0.22692125812482863 0.5111696894974784 0.21442419744132887 0.5193375766300505 0.28504116571536386
55 0.5268292171317626 0.29076074606855196 0.5268294520839163 0.3417119581849023 0.35191620529008105 0.34171191357412745 0.3519163982930422 0.2907611405651818
6 0.5153977418516433 0.3387029263833931 0.48492307660808365 0.3304172814711941 0.4946461327825773 0.2946571598710387 0.5251206944421938 0.30294278986173473
6 0.4292682768625582 0.5020380114515499 0.4292683268622568 0.5200407603662082 0.37909406727521855 0.520040763434458 0.37909408756161156 0.502038084727095
6 0.5106976781006551 0.6598304304193611 0.5383487168784313 0.692917119369636 0.5180157915051495 0.7099071252458276 0.4903648497717086 0.676820527273282
55 0.5284828569615456 0.29240641720459565 0.5255097370821886 0.34323804261980273 0.35691015122210956 0.33337627860852764 0.3598836522594411 0.28254507854241556
38 0.7069213525902569 0.6782573755731177 0.7042014150373461 0.720110165284266 0.5257846615281778 0.7085144851371911 0.5285053328684626 0.6666624690109125
39 0.7117698105604404 0.7007885804935932 0.7147148836461383 0.7497097515595061 0.5571988935527088 0.759188903063843 0.5542547229847514 0.7102685862433118
41 0.3607940960595215 0.7226042858814659 0.35629666523152537 0.6704977540664606 0.5294341772382722 0.6555549738477084 0.5339324686674445 0.7076605492016969
40 0.416195244722644 0.7893392126538703 0.3978679254217923 0.7332769229676522 0.5275874215124077 0.6908772234359389 0.5459151834269278 0.7469386295894269
27 0.05234375 0.92265625 0.06953125 0.92265625 0.06953125 0.93359375 0.05234375 0.93359375