6 0.2768919255202036 0.5859825830092885 0.309363654167214 0.5269333219141298 0.4575231244651832 0.6083987057114074 0.4250524482961282 0.6674470598205826
6 0.3851247809797087 0.5037831306216025 0.35884772434030765 0.5366114441122908 0.28401945989753585 0.4767201731886183 0.31029639451969615 0.4438920951908878
6 0.3669428966304622 0.5302458509988889 0.38657739107065936 0.49314948874960884 0.4311258608186108 0.516726373644964 0.41149154072536476 0.5538225862746997
6 0.6133253487919319 0.5457721308886245 0.5881854865219793 0.4965088945736279 0.6748866836851448 0.4522671057270681 0.7000266003025217 0.5015299783190449
6 0.6371537064320592 0.618702679108424 0.6115378650719094 0.6077394047108743 0.63205045245968 0.5598169883917266 0.6576660841335524 0.5707802114760229
40 0.7818411954735893 0.6777995100812807 0.713843174958356 0.6790230235747461 0.711724832355003 0.5612689741191395 0.7797213622079653 0.5600454739182887
41 0.7204964212173763 0.7011755159427294 0.6766699174281712 0.7067691137909163 0.6580092260082893 0.5605739093768201 0.7018344773089211 0.5549803935109733
27 0.6512390497155138 0.3482882467470077 0.6873190420884612 0.3498598524353604 0.6817869326858954 0.47685678481307664 0.6457069409145788 0.4752851914221744
38 0.688025448906501 0.5223535560936905 0.6475020525452919 0.5255917532852826 0.6334020047746662 0.3491458629825911 0.6739244262766988 0.34590770564174406
43 0.33063167955765493 0.5008066325230837 0.28999171676036894 0.5005729643791939 0.2909996790974674 0.3253684405184073 0.33163868687745435 0.325602105803481
0 0.3017619406347194 0.399739697469033 0.25194527174926407 0.3848450319797422 0.29314401222882225 0.24705825735521525 0.3429600039680736 0.2619528129730507
57 0.25771485135317107 0.48961288420455823 0.31244610814178486 0.5003282045893698 0.2781933819095457 0.6752658120605565 0.22346217436427196 0.6645506606191209
55 0.30573029043375755 0.5320262900380278 0.36218381858225257 0.5444369856757119 0.32277109801009374 0.7236967304992205 0.26631763872478587 0.7112862497830954
6 0.4656359272401005 0.4994740142476233 0.46154723401002684 0.49897740225479814 0.46296993477221804 0.48726496655775037 0.4670586208305849 0.48776157811016163
6 0.5364367944683863 0.4950900937987527 0.5426133238190687 0.49584029119952694 0.5412776235020829 0.5068365492737772 0.5351010942662242 0.5060863525071801
27 0.94375 0.91484375 0.95 0.91484375 0.95 0.92734375 0.94375 0.92734375