27 0.3280165698432711 0.3329960542007469 0.32468832621839283 0.3739608898320977 0.2180744249712916 0.365298770227739 0.22140288090622562 0.32433416401963
6 0.32978983201553547 0.321598860024092 0.40406130233452586 0.33231803444511676 0.39610763198436416 0.3874256814783433 0.32183616964482553 0.37670653954152317
41 0.24625405986864735 0.7273399932925076 0.2435634962232598 0.6708186759443333 0.42435286555314633 0.6622124980626211 0.4270444580656658 0.7187327422610517
6 0.3382234633486405 0.6758115395729166 0.41455480267518396 0.6529155638717583 0.43216908340525606 0.7116303145047449 0.35583780590263814 0.7345261418635958
6 0.5155434830404602 0.6900631406367127 0.44080974846258414 0.6937993235353016 0.4384180542754166 0.6459588942938831 0.5131510633307244 0.6422227295404619
6 0.4353752256303096 0.3598283457223421 0.43224778130036157 0.31291676442668187 0.5131679700500626 0.30752221688986364 0.5162955932130444 0.3544336015369113
27 0.5144000000000233 0.34999999999996806 0.5095789849888206 0.31675103549185285 0.6123697222972169 0.30184687396689236 0.6171908798291952 0.3350956720350662
27 0.5097568478037147 0.6845537570440158 0.515017835402773 0.6467618022934363 0.6209882845603261 0.6615114171160289 0.6157277561734418 0.6993029607139425
38 0.45199999999999996 0.688 0.632 0.688 0.632 0.7312000000000001 0.45199999999999996 0.7312000000000001
55 0.41645214924062657 0.2829246185503895 0.41489511752729413 0.3348386859552274 0.2311921188860424 0.3293283022841171 0.23274957928879303 0.27741470029990234
57 0.2813932766829339 0.28340641001146444 0.28249224894955205 0.21638805447601134 0.401004407983919 0.21833129452163083 0.39990574470482443 0.28534934289278946
40 0.29617903414907687 0.8001403809089759 0.29308352179657504 0.721714871625994 0.40326915387072404 0.7173662894231007 0.40636562405757104 0.7957908004495099
43 0.4384 0.2696 0.592 0.2696 0.592 0.3116 0.4384 0.3116
6 0.3789413096175167 0.6134582891422199 0.41204244214497976 0.6231116041332764 0.40176523174784506 0.6583477449813795 0.368664113423506 0.6486944642614141
27 0.0609375 0.94296875 0.0734375 0.94296875 0.0734375 0.95078125 0.0609375 0.95078125