27 0.30163036688520606 0.6181184559824444 0.34064021857489024 0.6245950985086571 0.32387652456600335 0.7255519544236952 0.2848666898649981 0.7190753799948061
27 0.3740833275494424 0.49826052263206355 0.34028133475715094 0.4973747610383921 0.3431821081215958 0.38669387789242066 0.37698359879004784 0.3875796329216376
6 0.6455335289782624 0.5023603916411863 0.6563385581102921 0.5026529630303209 0.6556227423269547 0.5290868254039068 0.6448177132201636 0.5287942546222598
6 0.6753953979717835 0.5888256703675456 0.683211503808252 0.6012061759261613 0.6603162248195531 0.6156588633686377 0.6525001539527011 0.6032783884908994
43 0.3368189458709594 0.5475838642237367 0.29835702314153423 0.5445844874707676 0.3090676515961377 0.4072552011697326 0.34752880093469685 0.410254547455165
39 0.704869939187347 0.4723475328716528 0.6393305602176724 0.4703510088354203 0.6426180899014753 0.3624543268458673 0.7081565838495862 0.36445083753187435
38 0.6350877357995159 0.40833778806544224 0.6827488312211472 0.404609551549283 0.6952075708468328 0.5638690927027916 0.6475464807757589 0.5675972847193452
41 0.729057960351156 0.7285106954589985 0.6726876270874982 0.7426904890994852 0.6328832522924586 0.5844705925544604 0.6892518553471518 0.5702910250735984
40 0.793539239037159 0.7691712555838878 0.7370371589983051 0.7775853028426092 0.7152802328357666 0.6314994811508331 0.7717805573713576 0.6230855669617706
57 0.2608009220348322 0.5690747229020032 0.3186825468441157 0.586605066970411 0.28072520289310887 0.711917158015335 0.2228436740720099 0.6943870381995406
55 0.30607028470024034 0.5573765564335225 0.3536798032768047 0.5633860970651249 0.33310006564477135 0.7264059199928246 0.28549056516874316 0.7203964761976127
6 0.3786477268924955 0.560666521092089 0.33670226319986796 0.5618690992075606 0.3348082841299629 0.49580465161978965 0.37675329708179106 0.49460208001624195
6 0.37754946612187723 0.6609694353599266 0.3277913820879803 0.6466677011431924 0.3458614236152471 0.5838078718667223 0.3956189248398232 0.5981095168013061
6 0.33885755721360056 0.648229778930567 0.28988662837036827 0.6385812925262728 0.3056915620494465 0.5583742889966691 0.3546617776445373 0.5680227031769941
27 0.915625 0.93828125 0.921875 0.93828125 0.921875 0.95234375 0.915625 0.95234375