6 0.4821017522914417 0.7090802026179214 0.48877682492047825 0.6564204249985343 0.5691289614851485 0.6666042311667809 0.5624543811051126 0.7192635616931701
6 0.5897752040636988 0.6242698390565937 0.5735118963708601 0.6763145311820139 0.5068960382001251 0.655500076902147 0.5231595425220803 0.6034557315185953
6 0.49094193428152266 0.2933101164966173 0.5425389608078603 0.2580262587407468 0.5860627171875876 0.3216711953124735 0.5344657960265522 0.3569549255952562
6 0.5038863112871468 0.3097949588449411 0.5154610307587291 0.3591117498396321 0.4344142751065192 0.37813255080107555 0.4228398035502323 0.32881597417449954
6 0.500115417865004 0.6373592243403606 0.49778429324294393 0.6827918070738129 0.40317320399140044 0.677937366851938 0.40550473545442856 0.6325052161534144
6 0.5191636776335145 0.6056384181246204 0.519163859978562 0.6426630418766002 0.4299651192742431 0.6426630417090741 0.4299652507435212 0.6056387356096966
6 0.47581661519461704 0.6770009801472152 0.4764376626288822 0.7215674731027808 0.37373439215571125 0.7229977642259898 0.3731138391260629 0.6784317636418066
27 0.305270367934213 0.6331994158261095 0.30508762894271513 0.6117881407912339 0.43900040308301413 0.6106446414589853 0.4391834110917898 0.6320556454380312
27 0.2769142439379948 0.3622542804806521 0.2784241140860786 0.32302621750085114 0.43680883126592107 0.3291214948235707 0.4352992991299516 0.3683492429167095
57 0.47071308958800273 0.7528659655057623 0.4793520160017124 0.7047709769000471 0.6174923755148711 0.7295795012272562 0.6088543145061749 0.7776737207906518
55 0.4785846640363616 0.7067628513969543 0.4926232689832659 0.6510732631987662 0.6694936799680136 0.6956523624937111 0.6554563313989092 0.7513408699814407
43 0.48153310156249063 0.6759510874999991 0.4814358427130401 0.6756767665795851 0.48910134939842465 0.672959380560131 0.4891986083556503 0.6732337012514878
43 0.47612213215961674 0.6776707376864857 0.4753897933785538 0.7230955424454106 0.2789629111065324 0.7199267397646123 0.27969618133511176 0.6745028840154413
38 0.27367520174368565 0.33616838145666306 0.2709413517559369 0.28849076254055533 0.48392911591986376 0.276277335701925 0.486663413885708 0.32395449382729335
39 0.31672887347735923 0.3080952177675974 0.30991261258964187 0.272723857565403 0.44357164843222563 0.24696726668671737 0.45038806508159723 0.2823384290286157
41 0.667158854647596 0.2608992390394217 0.6754606295556869 0.3176680197035334 0.5001672014409451 0.34330088670324016 0.4918659371412559 0.28653255368945846
27 0.86328125 0.1015625 0.88046875 0.1015625 0.88046875 0.10625 0.86328125 0.10625