40 0.6792228567757093 0.5929337374318328 0.6688455524571282 0.4953907197973798 0.7410576375102664 0.48770912141028533 0.7514354560486254 0.5852515427764197
6 0.6435350216586357 0.6061795768309338 0.6228359534921992 0.5371891578970236 0.6757538067313362 0.5213138668349452 0.696453061864645 0.5903039592271809
27 0.6442770786431993 0.6014774733272388 0.6783999999998969 0.5920000000000134 0.7012999669932469 0.6744396921703528 0.6671770778341397 0.6839170861911583
57 0.28250114982324703 0.4974907127774641 0.3348623404060618 0.5141246675664745 0.2956612039134825 0.637512077752604 0.2433000960309073 0.6208783098287395
55 0.3175294889666702 0.5209653509385208 0.3644148285753772 0.5229663402330136 0.3569169334525668 0.6986315944870418 0.3100315954953885 0.696630637729611
41 0.6830857419337235 0.6823265132154656 0.6323528044747491 0.6833960703265913 0.6290095558002804 0.5247882807349636 0.6797410156974593 0.5237187391905291
39 0.6933785649878246 0.30964891731660177 0.72949702723065 0.3093454151264586 0.7307353767931772 0.4567097917853954 0.6946169146007151 0.45701329132761753
38 0.6984001300772888 0.49119999999999997 0.659199911272708 0.49119999999999997 0.6592002661789138 0.3279999999999999 0.6983996476122911 0.3279999999999999
43 0.34072012404169527 0.5014400558906333 0.30135024076150785 0.5037557787164769 0.2919479917824219 0.3439088578972064 0.3313170184540013 0.34159316124487465
0 0.30134284653649956 0.475596302507861 0.2680056387075638 0.4746061375100294 0.27238328519024435 0.3272391382664954 0.3057198707339239 0.3282292938011862
27 0.8765625 0.79609375 0.88125 0.79609375 0.88125 0.80390625 0.8765625 0.80390625