6 0.5286664567536263 0.32876498717479957 0.5171225018705172 0.2739320847128349 0.6005004783127106 0.2563789377007241 0.6120445843826019 0.31121163232778676
6 0.5070587049197002 0.26349132354306565 0.5014633441181786 0.31198424013365605 0.404720452828883 0.3008215701172884 0.4103159883968601 0.25232886238096053
6 0.5348483327418307 0.34788453509521505 0.5382294389205526 0.38273291960841804 0.45431180756338563 0.3908743250263435 0.4509308811701658 0.35602610960943853
6 0.5377716850396155 0.32546524195924076 0.6181481030597524 0.3047236986854094 0.6325776861568784 0.3606385357961649 0.5522012921840087 0.38138001642329317
6 0.6096007819120359 0.6975983845349207 0.5303526023209315 0.6777889650453173 0.5438587912703952 0.6237660944803811 0.6231061244493503 0.6435754032959748
6 0.5542012389951196 0.6331408587036728 0.5549169504402016 0.6016660736505419 0.6445159192940082 0.6037030307270363 0.6438004797190615 0.6351775488796899
6 0.5455999295429592 0.6011999046215901 0.5456000860190215 0.6312000031839674 0.45439997685900835 0.6311999908919786 0.4544000772232266 0.6012001501717409
6 0.5177735369045422 0.6563677796785017 0.522001605159744 0.7003306479923692 0.430371435956431 0.7091411402014909 0.4261438227516692 0.6651786921016414
6 0.49849697576212293 0.6972303925530167 0.5011071181527313 0.743155238360329 0.4033042067453607 0.7487122823333986 0.4006945854071091 0.7027879345159125
6 0.5083407019700417 0.7280655384881225 0.5184195759287604 0.6756650716373792 0.5995413322990544 0.6912658805099838 0.5894629917888778 0.7436658773469479
27 0.4599999840355622 0.6071997605945364 0.46124633977183294 0.6258902193297323 0.3513877363931215 0.6332144690652176 0.35014158632679937 0.61452420354498
27 0.6921549826325872 0.24495035239235605 0.7023698970727992 0.2887270568151871 0.6047891957268803 0.31149582822692484 0.5945744952175573 0.2677193088098557
57 0.4811327081407626 0.7973004690662168 0.47751061065105205 0.74395038498936 0.6687122461903527 0.7309695925009106 0.672335447444425 0.7843184994617184
55 0.5094306960448876 0.7320477343349217 0.514024150153432 0.6789611878381704 0.715495713050359 0.696389862704036 0.7109035148423573 0.7494752393121996
43 0.4990238369570079 0.6980689135076381 0.4996568731420439 0.7452542339398885 0.2772905800482022 0.7482337428549508 0.27665871196461467 0.7010495760904192
38 0.3103140962687121 0.3005157816251944 0.31279821255316165 0.25083964551185 0.5062942016397756 0.26051477581012805 0.5038105163167756 0.31019050620473143
41 0.6944462474866668 0.24945151801542673 0.701267166843536 0.30509065210939057 0.5240408152510554 0.3268157352629006 0.5172203741484509 0.2711770340570323
40 0.6588887232501293 0.1934373087546338 0.6548680914931992 0.26715278007155735 0.530119106637926 0.2603483201331945 0.5341400385653969 0.18663316358847953
27 0.89375 0.05625 0.915625 0.05625 0.915625 0.06875 0.89375 0.06875