6 0.45129909660590783 0.3539923268830904 0.44519121254802485 0.40411426805533485 0.3782648350824047 0.3959587101481026 0.38437288425518545 0.34583696032289485
6 0.5330036346908855 0.34233196572604246 0.5318905118682551 0.38344021168261505 0.4601936097617454 0.38149866800357335 0.46130689061067187 0.34039058443637416
6 0.4724738300684521 0.3084238309279948 0.4724739628838961 0.3569973078641015 0.38885013974174854 0.3569972546511469 0.3888502120925068 0.3084239826008212
6 0.4438381307865029 0.6355033195844282 0.37926817545292124 0.6566959647899872 0.3616894731754883 0.6031423823219443 0.42625879590207205 0.5819498493412611
6 0.45296167187499997 0.610394021875 0.5212543546874999 0.610394021875 0.5212543546874999 0.6599864125 0.45296167187499997 0.6599864125
6 0.4736793158491537 0.6633725180056569 0.5192957738362338 0.6374602616973649 0.5478993473460605 0.6878078304743842 0.5022830006906815 0.7137199325729057
6 0.38293881693005005 0.6574075791709741 0.41942877692906677 0.61835471975698 0.4776041581579875 0.6727052331997379 0.44111452131687656 0.7117577781399833
57 0.5027541441609173 0.2878051458010941 0.48042889371788533 0.33729992016692206 0.37671639892653275 0.29051990961492025 0.3990417213768751 0.24102537477400943
40 0.4950064472433269 0.7077444234409425 0.4731685495894453 0.7824043387807912 0.38678848234917496 0.7571415545425226 0.4086268227945311 0.6824823705308771
27 0.6676959148848027 0.6194634914827223 0.664593955210762 0.6661325769613758 0.5087747576052379 0.6557756429519622 0.5118773702852195 0.6091072717623525
38 0.674509569562133 0.6489643291670647 0.6751662815173631 0.695491106090009 0.47568647185539703 0.6983030877475624 0.4750307218373564 0.651777226748668
39 0.6991073089527617 0.6681628639677498 0.7023684919804509 0.7118328601366749 0.5657327980774198 0.7220335990441601 0.5624722887115468 0.678364230443241
0 0.5770601498575161 0.31506121641569784 0.5893447613323133 0.276070165832744 0.699437148035372 0.3107550546544633 0.6871527904718278 0.34974588739475077
43 0.47898174229806045 0.34149463533995966 0.48210400408584064 0.29902213360907853 0.6701669503751191 0.3128462265857412 0.6670451169106855 0.35531831201917913
27 0.06875 0.90625 0.078125 0.90625 0.078125 0.9109375 0.06875 0.9109375