6 0.33810068215314004 0.5499724690562784 0.39022455148699464 0.5572308418972456 0.3800705095492276 0.6301415421660546 0.3279466499101318 0.6228832173288636
6 0.3614131455714187 0.5414634140625 0.31759500497196314 0.5414634140625 0.3175952914722302 0.4592334484374999 0.3614128785741286 0.4592334484374999
6 0.6871552170122186 0.5365527773361041 0.6426989412443618 0.5437753512056803 0.6307799149710718 0.47041583151236904 0.6752356911159723 0.4631932991761
6 0.676630434375 0.43205574999999996 0.7211277171875 0.43205574999999996 0.7211277171875 0.51358885 0.676630434375 0.51358885
43 0.32045240813886267 0.5086333234194745 0.2802282653092334 0.5066727805387736 0.2889328536358562 0.32810380520299465 0.32915602283401313 0.3300643233599668
0 0.3042462227631404 0.41834821672767336 0.2699604880759807 0.4200502951805979 0.26478647755459406 0.3158281350616279 0.2990718024190073 0.314126066972566
55 0.2926159929457981 0.5118841520506552 0.34481732321137315 0.51946928089069 0.3223792252651947 0.6738740496501195 0.2701779171803764 0.6662890272729789
40 0.7806555620222753 0.5936403747503516 0.7216661864357548 0.6128073934500073 0.6897921063341528 0.5147177671687392 0.7487805249345456 0.49555091680034746
41 0.7313395970584224 0.6729395053786272 0.6799645174580746 0.6806045812519891 0.6569104839137481 0.5260970155738548 0.7082841535770967 0.5184320450331865
38 0.6732153246573489 0.3415571003484731 0.7173320192497386 0.3402131838485412 0.7225663266347055 0.5120307265099068 0.6784496328479008 0.5133746277817004
27 0.9078125 0.91015625 0.9125 0.91015625 0.9125 0.91953125 0.9078125 0.91953125