6 0.3775582782792526 0.4174006408788342 0.3151342504728518 0.4059479882629785 0.32510021631082964 0.3516310706508656 0.38752385244640664 0.3630836865177284
6 0.5182409429070276 0.31537384068184504 0.5146756542188768 0.360479909042044 0.43322540506471796 0.35404185590627696 0.4367908647926697 0.30893597531803885
6 0.3421519657167664 0.6894428407279126 0.3312722690245664 0.6373675898476241 0.4007218485004387 0.6228597921056007 0.41160181399618523 0.6749346763042084
6 0.49579527760761266 0.5979488943254658 0.4994343045043479 0.6501995851752627 0.42876760940816894 0.6551201945977941 0.42512895812069473 0.6028698576483972
6 0.4466586881769672 0.7015007443856502 0.43717660557103954 0.6528737804907928 0.5035447569626967 0.6399339550273803 0.5130270908173316 0.6885605815328293
0 0.46425758311522713 0.31088847069494735 0.46981848465486564 0.26811017725150327 0.6667932400887366 0.2937144418968355 0.6612327751665816 0.3364923293827484
38 0.6378447182468108 0.6356633052996116 0.6409318481897799 0.6842037067844184 0.44104812077011957 0.6969116778605013 0.4379620332686045 0.6483722531072663
39 0.6454850777063257 0.654966288240043 0.6561051988105646 0.7008497362059453 0.4755495053789218 0.742632150232604 0.4649304203522888 0.6967495910505074
55 0.4141315294772312 0.31743788627480996 0.4098617256390753 0.3653905286756 0.22791020838394616 0.3491887944860318 0.23218040939025286 0.3012366089710599
40 0.31711287426639956 0.7700341798952675 0.2873654971040196 0.7145054445725059 0.3980100013671972 0.6552410671152905 0.42775744816140104 0.7107690418421613
41 0.2328334271409176 0.6976612129636384 0.22715219804422304 0.6457625692531135 0.40571439742041093 0.6262169828455505 0.41139644935276465 0.6781146987828857
43 0.4339874010232734 0.35575630970043126 0.43679195074139443 0.30973145823127296 0.6500819811211613 0.32272735285466053 0.6472779694150859 0.3687516736325353
27 0.078125 0.90546875 0.0921875 0.90546875 0.0921875 0.91640625 0.078125 0.91640625