6 0.272984440625 0.46366279062500004 0.31506365000000003 0.46366279062500004 0.31506365000000003 0.54287790625 0.272984440625 0.54287790625
6 0.3896747922387931 0.5922965125 0.3543138997488313 0.5922965125 0.35431412332923173 0.5247093031250002 0.3896746079184368 0.5247093031250002
6 0.254279995803131 0.6064889133468822 0.2857827029143891 0.5513146827742398 0.34637562004729716 0.585907702125786 0.3148733150055705 0.6410815854148989
6 0.5473038795699949 0.5355477218961979 0.5696302995111182 0.5378962925497617 0.5620976149829175 0.6094979381026976 0.5397711973849937 0.6071493822083515
6 0.6183583527697465 0.6691395519786385 0.5888526949818242 0.6709338723230582 0.5853167739752507 0.612794333914782 0.6148220982244084 0.6110000237183792
6 0.612769994258997 0.589817676338193 0.6567881853743529 0.5853092295418983 0.6642183754187272 0.6578455444081859 0.6202001890712836 0.6623539600223731
6 0.6515403116022753 0.5641850002355673 0.699243054260478 0.5568006830370745 0.7114238090313165 0.6354801636571115 0.6637210783695764 0.6428644272100851
6 0.6757507848712976 0.47587060364865796 0.7130620438174446 0.47266716312604123 0.7190033615172524 0.5418619052794011 0.6816921047080768 0.5450653285940515
6 0.641089109375 0.4963662796875 0.67998585625 0.4963662796875 0.67998585625 0.5646802328125 0.641089109375 0.5646802328125
6 0.5618811890625001 0.6111918609375 0.5887553046875 0.6111918609375 0.5887553046875 0.6780523265625 0.5618811890625001 0.6780523265625
6 0.3635849420948034 0.663927666732842 0.3128393175762767 0.6515837056809208 0.3284080110508967 0.5875904816520642 0.37915302664032424 0.5999343653645971
6 0.4077087560506243 0.6736918609374999 0.3723478222070753 0.6736918609374999 0.37234804243848885 0.6140988374999999 0.4077085617935836 0.6140988374999999
43 0.3149516162142163 0.5432252117898004 0.27135629010695084 0.5423079977169888 0.27581074982151677 0.33063644311207546 0.3194047478006041 0.33155364250672936
55 0.2807606911165976 0.5541616741604738 0.33485687174527357 0.5623494954623752 0.3117310731025782 0.7151217316969157 0.2576349185580966 0.7069340321421439
40 0.7119214242078442 0.5561009324786614 0.7711592421568412 0.5602722019647839 0.7641385990250456 0.6599642508172968 0.7049007848553401 0.655793019917592
41 0.7191527999494838 0.7181433634754892 0.6711728585693209 0.7235434847218294 0.6531074165043265 0.5630456503039591 0.7010858926657875 0.5576456110545218
38 0.6808603075078281 0.3661933387132494 0.7201400424726216 0.3670979920393513 0.7160953705628117 0.5427059017251803 0.6768156358189117 0.5418012595527788
39 0.7049671615542366 0.36679129879462674 0.741970155539093 0.36402158616613334 0.7543242637931371 0.5290614799843727 0.7173212737695849 0.5318311610309718
27 0.915625 0.90625 0.9203125 0.90625 0.9203125 0.9203125 0.915625 0.9203125