6 0.539040466296342 0.6501864487461971 0.6110656554619709 0.6563534431399787 0.6069418154017967 0.7045096687273721 0.5349166300127308 0.6983427051731154
6 0.6261071961355356 0.6163757088142711 0.6152231053151809 0.6643052292377036 0.5520074331252545 0.6499513348493037 0.5628917335479855 0.6020221147692343
6 0.6293244098169453 0.3550259480525964 0.636239936745369 0.40618952451536605 0.5653565359016284 0.415769774525453 0.5584412469086146 0.36460641240816677
6 0.5314693314952592 0.3223424425199534 0.5921159955308894 0.298601718152271 0.613300650169549 0.35271707918628353 0.5526540265581161 0.3764577321265893
6 0.5630718292495658 0.4798750982878771 0.5591538036093198 0.5523493921016674 0.4517942571446838 0.546545160186045 0.45571285599430666 0.4740714746745967
43 0.5134831302274279 0.6743018327549747 0.5106684418660734 0.7158202988392575 0.34534667533205265 0.7046127425656431 0.3481620309058826 0.663095015363328
0 0.49247191275355817 0.7076537077681855 0.4878577875756491 0.7533438956051905 0.3197529300178985 0.7363681921658903 0.3243678043628506 0.6906788515129453
57 0.6153159218199562 0.6805058394362452 0.6357619507937216 0.7540298364930152 0.5319617570171431 0.78288933195681 0.5115167501347742 0.709366204526758
55 0.5353394048654536 0.6985444114947852 0.5384303087724902 0.6509135780432203 0.6939106377360531 0.6610011918287709 0.6908205484236305 0.7086312449135503
40 0.6080195550936196 0.2548563256687534 0.5978708652633031 0.322643935102733 0.496351820197674 0.30744528108168373 0.5065007515198658 0.239657981486311
41 0.6934335502523936 0.3061534814914986 0.6969274450364082 0.35820449664192183 0.5354245972746412 0.3690439746281411 0.5319311594971623 0.31699338594618176
38 0.3480325134742088 0.34316069254503084 0.3466308346619371 0.2985017021068442 0.515917331433684 0.29318799321311917 0.5173193666183806 0.33784662323012526
39 0.33220751181568176 0.31689761941613964 0.3269258748142647 0.2656360282112895 0.4954156186825003 0.24827609450952542 0.5006975878409321 0.29953729683217445
27 0.92890625 0.08515625 0.94296875 0.08515625 0.94296875 0.09140625 0.92890625 0.09140625