6 0.3040541228908751 0.474487387620162 0.3515305696247424 0.4766567341631129 0.3482468903436029 0.5485149326575165 0.3007704445752779 0.5463455983129425
6 0.3545389064805704 0.495053163721064 0.40593212775149823 0.5155475273368296 0.3838451705813668 0.570929658140488 0.33245200371879946 0.5504353936176875
6 0.3347999202057963 0.3995231542710396 0.3774329730150612 0.40171047751077166 0.3737161708933172 0.47415049478575266 0.33108311892169695 0.4719631821150485
6 0.3338995686240196 0.4550522656249999 0.2931384950497886 0.4550522656249999 0.29313868693964196 0.3783972125 0.33389936260539343 0.3783972125
6 0.5974776945561189 0.507187783560052 0.6487969358748842 0.4985296379287671 0.6603482397366633 0.5669916609490547 0.6090290105643135 0.575649757416853
6 0.6908817100849092 0.46917777026088664 0.7205943402805133 0.5228806488421874 0.6612222687965641 0.5557269508474155 0.6315099677379976 0.5020243558158592
6 0.6705866487409367 0.48256526520390514 0.6254276654520936 0.48439947421993257 0.6223050944028046 0.40751958755351897 0.667463603647775 0.40568538822476147
6 0.6675789268444987 0.38275113309385045 0.711344498630865 0.3837207523714154 0.70973572372543 0.4563320593928713 0.6659701520896988 0.4553624446213271
43 0.293817934375 0.2710801390625 0.33423913125000004 0.2710801390625 0.33423913125000004 0.455749128125 0.293817934375 0.455749128125
0 0.2621441907569988 0.29772588067348443 0.3090489937368375 0.30229827030018747 0.29584667023311795 0.4377260646522646 0.24894187243216948 0.4331537099841291
57 0.30026642678990356 0.582789794383974 0.23249365597609994 0.5809546909620005 0.23548933642780412 0.47035396644299077 0.30326092248844816 0.4721890539717363
55 0.3050747428633258 0.4714007847919626 0.3518773427249471 0.4743662232348235 0.34159498168389746 0.6366354400678226 0.29479238520764284 0.6336700421025948
41 0.713255970574437 0.6412613267130683 0.6585852775177727 0.6467681325993635 0.6411966595101148 0.4741451795594849 0.6958657955972285 0.46863845125608083
40 0.6941820480304841 0.5482752474893976 0.7057953589588806 0.4456895911174647 0.777357505489249 0.4537904166182468 0.7657448142208523 0.5563755007144935
39 0.6982643364651722 0.2899933165137613 0.7430885441768851 0.2863520039626503 0.7550879104405794 0.4340576464240992 0.7102637065354429 0.43769892896263607
38 0.7105979516439902 0.4578397203125 0.6661004480491783 0.4578397203125 0.6661009088270475 0.276655053125 0.7105974674208255 0.276655053125
27 0.9046875 0.9140625 0.9109375 0.9140625 0.9109375 0.9234375 0.9046875 0.9234375