6 0.3360095891017636 0.5333714771085614 0.2994433886412935 0.5344853651278851 0.296821583113001 0.4484163639763898 0.3333873070120035 0.44730248328181454
6 0.37760123330167517 0.4773234476274749 0.3729245024389911 0.5525475759294344 0.33065797305334854 0.5499198540483277 0.33533493605989406 0.4746959736619062
6 0.36888586874999996 0.48222996562500003 0.40013586874999996 0.48222996562500003 0.40013586874999996 0.55470383125 0.36888586874999996 0.55470383125
6 0.39855774014711187 0.4874068873248309 0.43225783582306576 0.48883516015013895 0.4288364906285551 0.569555179161251 0.3951363955139868 0.5681269156129115
6 0.3560562342420326 0.5655564513006568 0.402087461313954 0.5717883173958347 0.39225890142085973 0.6443783296358402 0.3462276829776556 0.6381465056922383
6 0.4227717169171683 0.6381432013460145 0.3921099789290565 0.635901627427818 0.396794545990133 0.5718330481915239 0.42745592334154026 0.5740746088955292
6 0.4495491767580688 0.6470345382790073 0.420829888566459 0.6462569224784779 0.42245174567244703 0.586370521889662 0.45117070940932535 0.5871481332826018
6 0.5666871729458762 0.6081462089456423 0.597532707823575 0.6042486982291223 0.6051538843022399 0.6645567064940571 0.5743083537403209 0.6684541942830905
6 0.596870350803897 0.6018891609051916 0.6273480219525709 0.599603924283553 0.6319957295572749 0.6615819751202493 0.6015180600085159 0.6638671980588552
6 0.5978260164047242 0.5790941350263976 0.5978261353532162 0.4996515288283479 0.6290760689448689 0.49965164496495185 0.6290761542513792 0.5790940462276425
6 0.6263586953125 0.498257840625 0.6674592390625 0.498257840625 0.6674592390625 0.5728222984375 0.6263586953125 0.5728222984375
6 0.6631759827170072 0.4775201825639033 0.7051292373130309 0.4762421944363379 0.7077957154207297 0.5637692519843556 0.6658424612932095 0.5650472312066142
43 0.33268602096632094 0.5350977566512497 0.2938610088388032 0.5317238239476159 0.31156754098140027 0.3279891560307196 0.35039147380814484 0.3313630403709454
0 0.31091938886049775 0.4147594793307781 0.26115659346760367 0.3973335023052599 0.29377375154081165 0.30419450935812026 0.3435360595461816 0.3216203932334008
57 0.31559932025061244 0.6526441925690076 0.2543057413092811 0.6574452320416643 0.24666677383709157 0.5599239095982046 0.30795925341749353 0.5551229132934922
55 0.34441947695040653 0.7325644007587299 0.29938640730131283 0.7296380091824906 0.31107722719525555 0.5497679863134274 0.35610875646682416 0.5526943285458435
40 0.7579307963752626 0.6577681489107654 0.7020747478499061 0.682380737374785 0.6547994240993376 0.5751051566772081 0.7106543897278925 0.550492844338433
41 0.6785918233947541 0.6451996732789251 0.7241763102164214 0.6455894249883031 0.7227403805343329 0.8135068699020437 0.677155893752456 0.8131171254464428
39 0.6480268199559305 0.3455244450867514 0.6980099754715638 0.3250916171710788 0.7434301843117055 0.4361945956708164 0.693447112035301 0.4566272761899512
38 0.6488336310262639 0.36274121567332135 0.6928333473402972 0.35867055789137825 0.7117797725062474 0.5634503099883429 0.6677800648370749 0.5675209086650463
27 0.86640625 0.9515625 0.87109375 0.9515625 0.87109375 0.95625 0.86640625 0.95625