6 0.3854048928095608 0.5842692222798361 0.33863969517130954 0.5835339730372772 0.3398751695167448 0.5049786433077542 0.38663975303200004 0.5057138876972523
6 0.399358001191672 0.6956062549551861 0.3462561026444746 0.6876431312017437 0.35722863900321045 0.6144856508500224 0.41032977294094053 0.622448716588725
6 0.3984375 0.628571428125 0.43308423906250004 0.628571428125 0.43308423906250004 0.6912892 0.3984375 0.6912892
6 0.46224472155347485 0.5371132075809251 0.48552889666359533 0.539382874666772 0.4788955969227118 0.6074262816339103 0.4556114237742577 0.6051566280866916
6 0.4806385875 0.5358885015625 0.5040760875 0.5358885015625 0.5040760875 0.616027875 0.4806385875 0.616027875
6 0.5275136724154663 0.614634146875 0.5040759871030787 0.614634146875 0.5040761669177982 0.5310104531249998 0.5275135080634072 0.5310104531249998
6 0.5275135875 0.5358885015625 0.549932065625 0.5358885015625 0.549932065625 0.6097560984375 0.5275135875 0.6097560984375
6 0.567665235374534 0.5281486196241897 0.597964681163262 0.5259608420667953 0.6033765419942938 0.6009049888003751 0.5730770977554585 0.6030927522890346
6 0.6037937494523931 0.6195794392417933 0.6522462320422164 0.610920874288629 0.6654794770709032 0.6849636071219388 0.6170270115479752 0.6936221075773733
6 0.6953125 0.45783972031250003 0.717730978125 0.45783972031250003 0.717730978125 0.5170731703125 0.6953125 0.5170731703125
6 0.6356586911953173 0.5717608869001055 0.6221947754704615 0.5738488402759647 0.6150917360052972 0.5280497674874791 0.6285555495454673 0.5259618221552265
6 0.6218282551762968 0.5721851294278558 0.6002090164383844 0.5740445888363142 0.5964878862124579 0.5307835733317026 0.618106967214203 0.5289241207700304
6 0.2865478765742182 0.4931825153182319 0.2753340500007653 0.49218877108800463 0.27705513776720636 0.4727688916784323 0.2882689324280818 0.4737626344881041
6 0.401494565625 0.547038328125 0.40828804375 0.547038328125 0.40828804375 0.574216028125 0.401494565625 0.574216028125
6 0.4082671941695253 0.5531692424236313 0.4156773467301491 0.5534470570687573 0.41481201852332106 0.5765257413066769 0.407401865993279 0.5762479272138142
43 0.3401065144931863 0.5780415629502398 0.2978074349845201 0.5772586602948856 0.30128192599522663 0.38958988913691195 0.34357980227025564 0.3903727804475532
0 0.30084292217145503 0.5449464022458544 0.2631329649206009 0.5390750856662844 0.2893698968618992 0.3705773585296591 0.32707894122529524 0.3764486010993094
57 0.2531351390924783 0.6171547733303565 0.3275635068456495 0.6303452366847255 0.31101057614296224 0.7237339787818157 0.23658224181349397 0.7105436440214884
55 0.3555128478805045 0.7785473425534704 0.3029013180491802 0.776715846018992 0.308694780951555 0.610342540141777 0.3613045001690125 0.6121740056032183
6 0.7113472358964827 0.6438092034227254 0.692136623360625 0.6421068874559289 0.6947795567170942 0.6122856306627789 0.7139900596017696 0.6139879417351798
40 0.7468001493002703 0.7076128162860913 0.6835906793821778 0.7034119813263217 0.6899834933572038 0.6072406688627882 0.7531917382189022 0.6114414627930768
41 0.6466098636066135 0.5990561318150788 0.6941446206087676 0.595967185755254 0.7051709971025275 0.7656261089328896 0.6576362456634115 0.7687150009123708
6 0.59544836875 0.5198606265625 0.61922554375 0.5198606265625 0.61922554375 0.5874564453125 0.59544836875 0.5874564453125
6 0.6621973959064462 0.5780049521019196 0.6199017151150201 0.5826900507482512 0.6118633683859116 0.5101267609469207 0.6541585416273392 0.505441690688416
6 0.6924584573848733 0.5165367376505848 0.6852048463206302 0.5162647869753643 0.6857286025863232 0.5022962006118028 0.6929821979115331 0.5025681509914014
38 0.6520432020877251 0.38621872324568907 0.6917972732043154 0.38552672197347426 0.6949666551121254 0.5675895987912462 0.6552125843221575 0.5682815908322403
39 0.6622760211581635 0.4031088358422663 0.704139012620999 0.3913765436906203 0.7391164595132977 0.5161750955123308 0.697253511997701 0.5279072807688133
27 0.89296875 0.82578125 0.90546875 0.82578125 0.90546875 0.84765625 0.89296875 0.84765625