6 0.6276158653515722 0.7274835293453743 0.6268440335784362 0.717953268467268 0.6700793100416149 0.714452226636483 0.670851183086711 0.7239824421153669
6 0.6626128699261926 0.7270628983233495 0.6699420794844855 0.7456743287858193 0.6162519920911791 0.7668137324279232 0.6089229267108749 0.7482024241635377
43 0.40334930543849623 0.7227327554403746 0.4055085748734655 0.6827514077745702 0.5843021049976187 0.6924043911131602 0.5821436446624375 0.7323849782616192
0 0.5739276402931637 0.7316390952193873 0.5726645802569692 0.7689112515113038 0.39257867371043176 0.7628075259592898 0.3938424702952261 0.7255361376850474
57 0.5975391083313752 0.7518381568419485 0.637614952873264 0.699114060800172 0.7208975646188946 0.7624068656359205 0.6808224118425414 0.8151303297686893
55 0.5953175756239943 0.7271719157700768 0.5978231479231226 0.6807753388994192 0.7701286620423389 0.6900782015749086 0.7676239973236534 0.7364739016882964
40 0.6134019260078958 0.2820673436080979 0.6261461264585932 0.20921151744274902 0.719449956525068 0.22553221727668768 0.7067060573016306 0.2983877781450586
41 0.5872091516533828 0.33968928408659343 0.5872093709252795 0.2877824362593954 0.7623545915045042 0.28778273277086547 0.7623548057775906 0.33968913956145064
39 0.3798862683324842 0.28366428862983506 0.3786999070453021 0.24117002033957916 0.5538367318740711 0.23628015093934074 0.5550233807315408 0.27877412383113653
38 0.38839632569067817 0.30915824762195687 0.392963978011835 0.2645963163644624 0.5727552499658941 0.2830241102674197 0.5681879941824945 0.32758567781585507
27 0.9140625 0.10703125 0.9296875 0.10703125 0.9296875 0.11328125 0.9140625 0.11328125