6 0.3326879275336978 0.5332841799980673 0.29047166064844987 0.5294738063753562 0.2980044177375021 0.4460253682507394 0.3402201545389971 0.44983571763717506
6 0.3366184581716425 0.48172027689925634 0.38515734093221 0.48834437764998223 0.37486080041867353 0.5637873459709491 0.32632192591256626 0.5571632855526889
6 0.32208029589560283 0.6189629282554076 0.35302983083977324 0.5688313868693463 0.4103648893010359 0.6042242508463909 0.3794157108500258 0.6543554811308812
6 0.387907609375 0.6055749125000001 0.419157609375 0.6055749125000001 0.419157609375 0.663414634375 0.387907609375 0.663414634375
6 0.6450702603128775 0.5828320984127477 0.6635592999463142 0.6549201757918168 0.6062100830001782 0.669626835750717 0.587721515416888 0.5975391641437877
6 0.6580108557151334 0.45573576507326424 0.702897506967247 0.4516337240192064 0.7109271350165045 0.539491661312784 0.6660404875195809 0.5435936747031902
6 0.6412883293758114 0.5600710433337978 0.6297134829554807 0.5617880029375032 0.6236211588667402 0.5207201740263128 0.6351959274516048 0.5190032202916945
6 0.6252843787405027 0.539291744333308 0.6320356764739472 0.5396788606536841 0.6300419183228314 0.5744466984822347 0.6232906206873849 0.5740595833082055
43 0.33300824938999085 0.5331670546822763 0.2915061310246756 0.5295549155521616 0.30939327741941725 0.3240586067823548 0.35089422428086436 0.32767069291277007
55 0.3026310112494457 0.5387518764811515 0.35516248831015673 0.5482707254672565 0.32096467388146266 0.7369757579568201 0.2684332427211302 0.7274570843362882
40 0.6919157609375 0.5268292671875 0.7357336953125 0.5268292671875 0.7357336953125 0.71567944375 0.6919157609375 0.71567944375
41 0.7152354028833088 0.7313853119885034 0.6643117240702168 0.7387088935002678 0.6382742471549818 0.557676915474517 0.6891961793855899 0.5503534589066422
38 0.6510373754748571 0.33419886237266666 0.6959477414320645 0.33107180924982854 0.7105731325044644 0.5411087066684618 0.6656627713488206 0.5442357151899764
27 0.88671875 0.90390625 0.89765625 0.90390625 0.89765625 0.93359375 0.88671875 0.93359375