6 0.27251644279613174 0.6276157673848584 0.2820467046108206 0.6268441127703684 0.2855478674078995 0.6700795084426018 0.2760176059927062 0.6708511597496253
6 0.27293726186542244 0.6626135323465207 0.254325071577 0.669940771723917 0.2331857260483048 0.6162505114715837 0.25179773038337316 0.6089233129966084
43 0.27726730598351423 0.4033496437011456 0.3172480938492299 0.40550789082922617 0.30759573616774105 0.5843020272877318 0.267614950578718 0.5821438095631303
0 0.2683603542061519 0.5739277474217546 0.23108844491889613 0.5726643936083967 0.2371935659967903 0.392578920810275 0.2744644734599433 0.3938422574713495
57 0.2481602391854949 0.5975404379988906 0.3008903991729994 0.6376079331177948 0.23759597756247786 0.7208941459684478 0.1848661886380114 0.6808270742394844
55 0.27282806194023124 0.5953184829626187 0.3192245568469616 0.5978229524211076 0.3099223205513226 0.7701285512248017 0.26352582942683966 0.7676241262930731
40 0.7179324807253806 0.6134022919953891 0.7907885049279457 0.6261442046706285 0.7744682262525657 0.7194482958222107 0.7016122332772738 0.7067065059188903
41 0.660310734375 0.5872093031250001 0.7122175140625 0.5872093031250001 0.7122175140625 0.76235465 0.660310734375 0.76235465
39 0.7163355802091473 0.37988634557971196 0.758829568327883 0.3786998296028493 0.7637200368806134 0.5538368077473559 0.7212260495258533 0.5550233088940826
38 0.6908413694121691 0.38839664071180713 0.7354027991952989 0.39296338452888535 0.71697618846963 0.5727550043475791 0.6724147670133789 0.5681883212198872
27 0.88671875 0.9140625 0.89296875 0.9140625 0.89296875 0.9296875 0.88671875 0.9296875