40 0.7624915156811767 0.7187839426572562 0.6909067734306973 0.7051689935665135 0.7156707512737057 0.5749878693335624 0.7872536810203883 0.5886026416546413
57 0.25316023675429733 0.5601223105444784 0.3169637720550327 0.560640586888328 0.31602550026286735 0.6761358185275508 0.25222196508366324 0.6756175477918082
6 0.3718137761611615 0.5762704944384173 0.34573639455391003 0.6479074597982217 0.2924016060022723 0.628494325550845 0.3184791562528062 0.5568577319364136
6 0.4154697649477157 0.6032146659238807 0.3919153367907029 0.6682679262150862 0.33793760372009274 0.6487257735312576 0.36149219287165124 0.5836728696107533
6 0.3467600224387297 0.48545166086090064 0.39145010218112475 0.4902920284471689 0.38410793080390704 0.5580752159435223 0.33941785522506507 0.5532348746851605
6 0.6559198704769642 0.598979418062068 0.6697652276432109 0.664770069554273 0.6137091393565015 0.6765649866783477 0.5998642008606794 0.610774699920766
6 0.6378084942504074 0.600327458051323 0.6991270939712422 0.5691431159994613 0.7301338509229254 0.6301058743347346 0.6688153863021853 0.661290016013974
6 0.6960262519899061 0.4492307032927597 0.7381286644507554 0.4486606873138683 0.7390882173967839 0.519530087995706 0.6969858049790219 0.520100100980264
55 0.31130246073416856 0.5567648632245448 0.3628814468272594 0.5603784477157856 0.349203456238115 0.7555891528758312 0.29762447650614376 0.7519756389478994
43 0.3444388506237601 0.5403016523403529 0.299401017121113 0.5394235899761363 0.30283319030718303 0.3634222829753501 0.34786989929432366 0.3643003341564459
0 0.305564113968785 0.5185924010644418 0.2640090048089405 0.5164779554563929 0.27368448243919374 0.32635162649175364 0.31523851793167523 0.32846604374997146
38 0.6465277137979228 0.40149936792070556 0.6940505149581213 0.3993936944021381 0.7007811645733 0.5512873092594758 0.653258364950716 0.5533929591843598
39 0.6860314637924603 0.3820581890448252 0.7292951890267432 0.3779862642031049 0.7424063169012243 0.5172824831286852 0.6991425974208596 0.5213543687751209
41 0.7261625200012531 0.7571103919014394 0.6696034839699223 0.7638009683930727 0.6474342098109673 0.576409281580885 0.7039911308693263 0.5697188302990914
6 0.6978624391210815 0.5708696207972367 0.7269727407685878 0.6240732031267862 0.6672336289544774 0.6567552461636976 0.6381237171351586 0.6035519985185347
27 0.871875 0.91875 0.878125 0.91875 0.878125 0.934375 0.871875 0.934375