57 0.3711517537914233 0.276137069897053 0.3562125119645998 0.21551724273208797 0.453059653672085 0.19165041803480592 0.4679990390574176 0.2522700291306726
40 0.3382333792743566 0.7330582251978452 0.3728228750122753 0.6802586723214435 0.4562858266799594 0.7349273665776443 0.4216970004886207 0.7877263277116623
6 0.3447734310582291 0.6777420502707245 0.33410864248946837 0.6202115971345211 0.4086062829326238 0.6064030730307489 0.4192713964196173 0.663933105263774
6 0.3677325593749856 0.6778642156250351 0.40328955277163914 0.6405851322208466 0.46751757735080446 0.7018376062846721 0.431960940537806 0.7391163400285828
6 0.33358475592717696 0.35317431951892275 0.350993388705092 0.29503659609989663 0.42198550794341827 0.31629361979178 0.404577132331724 0.37443112388959826
6 0.457052388378429 0.2694257312622743 0.43823300004237353 0.32744195479895427 0.365310164331504 0.3037875454003232 0.38412965405416344 0.2457715167965704
55 0.4591020962919856 0.2654251222779413 0.4505615890101353 0.3217585098672666 0.2783788231924973 0.2956544093325271 0.2869196677927448 0.23932146181412667
41 0.291991225225388 0.7378557556005041 0.28490693366927644 0.6818554375052089 0.45371641846929833 0.6605023569860284 0.46080157258006693 0.7165016634993525
39 0.5598149923803248 0.7291804330111747 0.5687684847134733 0.6831857887364338 0.6975847003875515 0.708257348158424 0.6886319619794676 0.7542513280963772
38 0.619729448960129 0.664231599565262 0.624203213487931 0.7101901484272528 0.45818064873128606 0.7263469760345221 0.4537077617713976 0.6803892326886907
43 0.4523677332809939 0.31040876896938324 0.4513820861084241 0.26346075077359565 0.62514561972705 0.2598122447186585 0.6261316142306441 0.3067599127876934
27 0.14453125 0.91171875 0.16015625 0.91171875 0.16015625 0.91796875 0.14453125 0.91796875