57 0.2893729863851604 0.6565539197009631 0.23261453196312232 0.6604987136244841 0.2237145564495222 0.5324484586896486 0.28047171798732506 0.5285037093512496
40 0.71711456875 0.5167151171875 0.77439886875 0.5167151171875 0.77439886875 0.6693313953125 0.71711456875 0.6693313953125
6 0.7355718587095907 0.7301923712948903 0.6835658967529525 0.7360087469439036 0.6614638279098699 0.5384036862056933 0.7134678598258688 0.5325874176592386
6 0.2879860341903395 0.5217696653551428 0.3407750754489598 0.5256028919247772 0.3338636204858858 0.620774468468794 0.28107458261388274 0.6169412736558986
6 0.34005055768716375 0.5463141511034854 0.39178060266567627 0.5551567394741319 0.3783604512674401 0.6336578574638837 0.32663042201807 0.6248153323345985
6 0.642395517488012 0.5631845759210765 0.6077884012951245 0.5648682842056154 0.6041216726601988 0.48950388245150406 0.6387283654983094 0.487820184570877
6 0.6833639656996411 0.5488080026033484 0.6390811348669558 0.5511163535899913 0.6354140285229732 0.48076859640215397 0.6796963669786464 0.47846025834731304
6 0.7259549400464493 0.5363372093749998 0.6810465560835155 0.5363372093749998 0.6810468255175692 0.4469476734375 0.7259546014032594 0.4469476734375
6 0.35858219560509497 0.543248290926758 0.3118787289896545 0.5400022389715866 0.31802033475378266 0.45165053459486926 0.36472316975971353 0.45489656435233117
6 0.35802293057338375 0.47285226065228514 0.3936057733561711 0.4741839462732985 0.39045888718021615 0.5582626239099531 0.35487604487127555 0.5569309471278747
39 0.6986529727541892 0.33274432388580766 0.7409760967715329 0.3249652276316083 0.7715198948382067 0.49113468367344854 0.7291967941016537 0.4989136969247795
38 0.6766706440387225 0.3302977753003674 0.7216935168071359 0.3292025190878326 0.7266790978712834 0.5341349330605475 0.6816562258469503 0.5352301743064725
43 0.3163129244425136 0.5140644475601991 0.27331571222350703 0.5124688810662852 0.2805305433943204 0.318074134102545 0.3235266871189424 0.3196696806289454
0 0.27335743003459356 0.47549692064470056 0.23449683277908662 0.46755044805842755 0.26934259857193865 0.2971554090597541 0.3082024309111375 0.3051018012687109
55 0.2882134803351164 0.5217440386103884 0.34196564353715075 0.5281395856780053 0.31841718094949556 0.7260337929013249 0.2646650394057133 0.7196383661968774
27 0.86953125 0.89921875 0.88671875 0.89921875 0.88671875 0.90390625 0.86953125 0.90390625