57 0.29005631319171243 0.6458686728587969 0.21735617786782768 0.6474211811139107 0.21502536220634738 0.5382482009678838 0.28772407072290207 0.53669570791934
40 0.7497683500233734 0.6818359840645157 0.6967507374920388 0.6939039890785179 0.6654908072455328 0.5565851753861235 0.7185070545108374 0.544517332464046
6 0.29136035638703106 0.5387012885051368 0.34454019756731213 0.5455909793145944 0.33486565882742525 0.6202589436617163 0.28168582626233274 0.6133692985365288
6 0.2849097737325792 0.45194218997693586 0.33431151078616494 0.46066995808251016 0.3198756807344125 0.5423750176729992 0.2704739583613218 0.5336473044887116
6 0.3729634632258012 0.47709813838230414 0.36542451912578144 0.5540172542138689 0.31966294116170957 0.5495322846987214 0.327202131102581 0.47261344942658057
6 0.3587478029238582 0.4827892478005405 0.39217268137235806 0.48216467051861633 0.39366977136023706 0.5622765031753814 0.3602448930024593 0.5629010764656379
6 0.4194916663011554 0.5777616265625002 0.38806487200429274 0.5777616265625002 0.38806508838968057 0.49273255937500005 0.41949144289321794 0.49273255937500005
6 0.3742722816685955 0.6345121727423803 0.3182915613061823 0.6157217038688381 0.34114473611759877 0.5476458319844303 0.3971248036602901 0.5664361830584942
6 0.4114978436604133 0.645333836562847 0.3767401212195409 0.6417154083151828 0.3843414510325829 0.5687096595065904 0.41909871011318955 0.5723280635946094
6 0.7307817257221814 0.62386159802428 0.6810796061926112 0.6314073855101581 0.6691180589219812 0.5526261665119736 0.7188194843685096 0.5450804324631524
6 0.7283139235853469 0.5536746835299701 0.6797849825525191 0.554746368322742 0.677807391160286 0.4651884220593645 0.7263356600242332 0.4641167446751974
6 0.683551911402219 0.5691763460756449 0.6375092488476639 0.5714132512704796 0.6334473032001142 0.487805778504504 0.6794893515851754 0.48556888816980937
38 0.7288147443243815 0.5538029035073984 0.680429733328765 0.55576184296018 0.6729097133352298 0.37001980072764906 0.7212934099621862 0.36806088859561903
41 0.2867833975127496 0.5374196500465614 0.3418521328870838 0.5385580947229454 0.33830123484301566 0.7103028933676399 0.28323249988409316 0.7091644671430107
43 0.32521166857247863 0.3539242982849043 0.32521191650573655 0.5392442639824715 0.278248489438397 0.5392440225679693 0.2782488419775291 0.3539246793630108
27 0.3877371270451704 0.48598476765196225 0.36691760112137217 0.48699627092892317 0.3614753237267223 0.3749818155644124 0.382294550321717 0.3739703194686002
27 0.8609375 0.878125 0.8703125 0.878125 0.8703125 0.8953125 0.8609375 0.8953125