57 0.2163094642729675 0.5800554041140061 0.2808831554016251 0.5604208356278351 0.31212549255246813 0.6631584223929398 0.24755188503968384 0.6827927916437166
55 0.3391675019423701 0.677668004745362 0.2849086676534398 0.6806010605150465 0.276047446662119 0.5166829748162363 0.33030471875440526 0.5137499603900672
41 0.7355837278328181 0.7031848187591518 0.6818890176530203 0.7090835525696951 0.6624552100186065 0.5321950985714684 0.7161481956375155 0.526296458252889
6 0.6272251888763094 0.6353348872924041 0.6130362087377534 0.5663032143577845 0.6663201295684757 0.5553522757622992 0.6805093592709 0.6243836085448035
6 0.3599613743946293 0.4871862540735399 0.394796955279503 0.48341995829374784 0.40128864004304887 0.5434587756060162 0.36645306195157445 0.5472250535628695
27 0.36775104572791406 0.4920059156645349 0.36775144551324956 0.3539243533760087 0.39462534240703917 0.35392447526583826 0.3946251765624993 0.49200581406248484
6 0.6336633671875 0.4527616265625 0.6803394625 0.4527616265625 0.6803394625 0.54287790625 0.6336633671875 0.54287790625
43 0.3189535108730297 0.507267440625 0.27581315117004124 0.507267440625 0.275813729986794 0.32049418593750006 0.3189530606804283 0.32049418593750006
38 0.6678442965655904 0.3497301525405989 0.7108155636975653 0.34603122623886323 0.725433266422101 0.5158393437203042 0.6824620049974328 0.5195382276941621
39 0.6918621408726722 0.2878899727741204 0.7429196863323568 0.28577578345740534 0.748814688421362 0.4281346185071825 0.6977571441832424 0.4302487912544216
27 0.9015625 0.86015625 0.9078125 0.86015625 0.9078125 0.88203125 0.9015625 0.88203125