57 0.3027860137501648 0.5428999428786638 0.3422071085784637 0.544669543257751 0.33526915254105916 0.6992082146604024 0.29584805947979476 0.6974386400539297
55 0.3407479297206919 0.5477499756244071 0.38702810018389755 0.5521357809945008 0.3704709003950484 0.7268315264344996 0.3241907400498576 0.7224457952855243
40 0.6708416994487152 0.5668282419746514 0.746372292876913 0.5707031621822888 0.7411300976225448 0.6728734025330441 0.6655995071730558 0.6689985197140571
6 0.6655239898879017 0.554186163700674 0.6773792242768195 0.6243458246622179 0.6214486177889285 0.6337953006575897 0.6095937875534219 0.5636359961195784
6 0.6318173714993236 0.650376031498156 0.5817756454742948 0.6606451457766944 0.566034640954058 0.5839460936684305 0.6160756534184202 0.5736770549090585
6 0.5887088945630694 0.6578593598065111 0.5851513824948142 0.6588501155231694 0.5809685237747999 0.643832633654948 0.5845260254355935 0.6428418794750137
6 0.4257832859397013 0.5961517977309276 0.45445769285470305 0.5999632088946747 0.4457955013785977 0.6651238336058026 0.4171210991527232 0.6613124463984446
6 0.4150187020256908 0.6532317009247682 0.37130155709166957 0.6430415508285634 0.389252335377023 0.5660407669613677 0.43296886398763945 0.5762308422523507
6 0.3707908132382727 0.47132470984503966 0.4138153136003666 0.47481969909453153 0.40717992928489366 0.5564971553689151 0.3641554318874114 0.5530021885983928
6 0.40455156343148246 0.5693380121886084 0.40455170408529284 0.4836236716219031 0.4344428993906604 0.4836237813028305 0.43444296401787597 0.5693379172383222
6 0.6766850948478123 0.5323318789492967 0.6310722602358965 0.5352316377704719 0.6263611478092344 0.4611277478660722 0.6719734680702913 0.45822800551358284
27 0.6197587947136753 0.35459606956816 0.6590191593671761 0.3517611547894835 0.6691585685238124 0.4921735915272689 0.6298982071760975 0.49500848088716237
6 0.37167819631406473 0.5312192517773183 0.3292860067743959 0.5325967052686098 0.32642026661915224 0.4443993166412106 0.3688118929783286 0.4430218723905643
6 0.3408786171983138 0.4629686794637474 0.33778985909475523 0.4624668577298138 0.34118660380113397 0.4415609364198548 0.34427535304917 0.44206275741913986
43 0.3400188417689378 0.3567246808220396 0.38189041134501167 0.35994703667101563 0.3685032782456119 0.5338908779788801 0.32663171325873464 0.5306685604219107
38 0.6194115838605967 0.354968283514404 0.6656479039643273 0.35215133092135686 0.6765559105309649 0.5311810048588211 0.6303195936959582 0.5339979228720495
41 0.6123471849870157 0.5555754082642389 0.6676400596503527 0.5517255982774205 0.6802539199684361 0.7328708099307948 0.6249610522206694 0.7367205514733964
27 0.88828125 0.9078125 0.89765625 0.9078125 0.89765625 0.928125 0.88828125 0.928125