57 0.29483008528575283 0.661795824507474 0.22648673920662077 0.6720461681762927 0.21104274179140248 0.5690826474889381 0.2793847623996726 0.5588324055772332
41 0.7281706714310303 0.7450498905586473 0.6742587792647328 0.7520451657508156 0.6540099601804741 0.5960041604957209 0.7079201567239579 0.5890089959971874
6 0.7168979801302839 0.6722412687410915 0.6647308840955475 0.6771313422960404 0.6569341552632295 0.593962110118309 0.7091004198201745 0.5890720756839793
6 0.6583991120289738 0.6182370769390764 0.6715177779619808 0.6890672090547834 0.6145377292885996 0.6996188368378038 0.6014195290623547 0.6287891134356386
6 0.5770970244873297 0.6365701147471842 0.6128990539219785 0.6329903886434508 0.6192158864444082 0.6961588355478958 0.5834138604978989 0.6997385386313967
6 0.6705999722105389 0.492599537563784 0.7176400543016825 0.4858801055744696 0.7288800525748229 0.564560457903279 0.681839979298843 0.5712798468635509
6 0.6280257096716468 0.513039708899666 0.676017693181052 0.5078981876594348 0.6842845183374493 0.5850555216570105 0.636292540038653 0.5901970093735883
6 0.6487821063334422 0.5908031750962313 0.6144995931341555 0.5963835248597512 0.6025223154130117 0.5228076073282412 0.6368044011021539 0.5172272931763305
6 0.6152436352448376 0.6122248496238061 0.5784261205948269 0.611488574876199 0.5802282036834185 0.5213965833605205 0.6170451520511051 0.5221328524869145
6 0.42225881413105526 0.5950911788766597 0.3861546200673729 0.5909257146205646 0.39564797918694694 0.5086518473477349 0.4317516802341288 0.5128172830590638
6 0.3917460773467383 0.585588383768795 0.35934007675837165 0.5841155224474347 0.3628223661510219 0.5075101505228427 0.3952279517251327 0.5089830023688733
6 0.32486849643476035 0.4978983850848459 0.37248397873372596 0.5004042470631731 0.36836354009074057 0.5786926425146811 0.32074805914692206 0.5761867966465548
6 0.3196554853725502 0.5651568319678129 0.2718028477427197 0.5591757860074619 0.2817662847378415 0.4794708953965218 0.32961830909812306 0.4854519022091241
6 0.286 0.588 0.3372 0.588 0.3372 0.6656 0.286 0.6656
6 0.31920643470061805 0.6623133979078992 0.3409995860251911 0.6019720366194563 0.3951796203136837 0.6215375955823663 0.3733868691435873 0.6818786178008971
6 0.38 0.62 0.4136 0.62 0.4136 0.6856 0.38 0.6856
55 0.29031969895686416 0.5839059428836677 0.34220942216336425 0.5915358853456338 0.3182395818346322 0.7545289023845226 0.2663498871856973 0.7468990878768255
38 0.6693336842622557 0.3789392803780328 0.7160371989184569 0.3768165479523881 0.724734030167383 0.568148579125255 0.6780305173663237 0.5702712817490541
43 0.2784 0.3968 0.3252 0.3968 0.3252 0.5648 0.2784 0.5648
27 0.8953125 0.82109375 0.9015625 0.82109375 0.9015625 0.83359375 0.8953125 0.83359375