57 0.3046080664831834 0.5369283549931034 0.35972719275866893 0.538071483487656 0.3557233903005681 0.731104324268555 0.30060426450711475 0.7299612168434596
40 0.7145942331450215 0.5327127242002987 0.7842078353318129 0.550674868309688 0.7601148688494277 0.6440392574031003 0.6905013228821417 0.626077268005178
41 0.7302412947009316 0.718721803186771 0.6778066506705045 0.7256914567748558 0.6537609430092743 0.5448056786899418 0.706193842038715 0.5378361394957542
6 0.4150032562627075 0.5594410302130348 0.4087310864221081 0.6134496152582491 0.3516883138166804 0.6068255283008724 0.3579607213400777 0.5528172211591399
6 0.4402872070847934 0.62521201042352 0.40280010748347195 0.6206443971276595 0.4107378884115178 0.5555067334906093 0.4482245538159759 0.5600743201693595
27 0.3805241512689008 0.7395411325123296 0.33509672118816525 0.731428808408464 0.36014455127372 0.591190937634081 0.4055706531249825 0.5993031374999935
27 0.4061842069099839 0.756559948633531 0.38000423437301833 0.7512436087944814 0.41000398326184495 0.6035374586268009 0.4361831299372625 0.6088537097931621
39 0.6962055022846698 0.33441964661750495 0.7314375596951095 0.3366212175476642 0.7197410391887615 0.5237924956652026 0.6845089839468983 0.5215909522043091
38 0.686780644461578 0.5242756011397872 0.6402693431942907 0.5233020503619176 0.6441213592175927 0.33931811462507183 0.6906315216939447 0.3402916533861879
43 0.3406930320815036 0.5191637640625 0.29585583602192855 0.5191637640624999 0.2958564907046366 0.33937282187499995 0.3406925974601336 0.33937282187499995
27 0.90703125 0.8328125 0.91640625 0.8328125 0.91640625 0.871875 0.90703125 0.871875