57 0.3038151770863351 0.6343116302369795 0.2194920087246146 0.6438216583599657 0.2081243940136801 0.5430313917901612 0.2924460379277889 0.5335214506188175
55 0.29805281808273776 0.5563143774191556 0.34910384268891903 0.5573697693356912 0.3449558705895015 0.7579894945338688 0.2939048463773588 0.756934123722382
27 0.29737368594464897 0.5777550482195422 0.3444923989684412 0.5780643863073326 0.3433143588448502 0.7574813262631266 0.29619564575966706 0.7571719939062231
6 0.2924219109999058 0.5674341110762223 0.3286200327897859 0.5456275459583264 0.36149033206152126 0.6001856281988579 0.32529230354589345 0.6219920697245517
40 0.7712517251060262 0.659512054992826 0.7196935551585284 0.670992527728431 0.6867079848843787 0.5228694070299286 0.7382647823798152 0.5113890937347677
41 0.7160429727605333 0.7579077538105072 0.6709644018003473 0.7619334564048621 0.6525341685280637 0.5555743777533249 0.6976109129383303 0.5515487562792695
6 0.7073593766409658 0.6358744571539602 0.6602085142036458 0.641601205813431 0.6501597678156941 0.5588718282974309 0.6973099245238927 0.5531451229130704
6 0.6550034063449175 0.5777629361030301 0.6652183544538275 0.657163212006773 0.6146662211817784 0.6636656978224116 0.6044516952259755 0.584265803594954
6 0.39414831433964537 0.6559442478707967 0.33580715230277747 0.644972668466571 0.348526745505751 0.5773464596914907 0.4068671814783329 0.5883179695056145
6 0.3287324524973201 0.5378775516867338 0.28366968520026603 0.5324042784990748 0.29252158473809686 0.45953247258526736 0.33758384916893647 0.4650057146574659
6 0.37853802901463496 0.5521566635704869 0.3293892399833567 0.550166810364283 0.3324101323788682 0.4755654765760135 0.38155835241286695 0.47755531831232945
6 0.6717706643703423 0.5405614549458074 0.6292538347557866 0.5419385395725456 0.6267112243029942 0.46343481280874027 0.6692275429528536 0.4620577364707134
6 0.6664145986037511 0.44999517754358964 0.708067508081399 0.4473556158426806 0.7131304313217015 0.5272441781329698 0.6714775233734827 0.5298837241000659
43 0.33313971572954415 0.5409287298453918 0.2894571979608145 0.5424446354807718 0.2835011106383263 0.3708088596985415 0.32718255425925236 0.3692929731018198
38 0.7135368674521487 0.5285005797947628 0.6722540567704982 0.5311655175403288 0.6605026325556764 0.34912650790218847 0.7017844446156687 0.3464616023813066
39 0.6996559999798819 0.32358731574064103 0.7448882092053282 0.32138971157225366 0.7534637171065697 0.49788693236456555 0.7082315098740537 0.5000845121180161
27 0.86015625 0.8578125 0.87578125 0.8578125 0.87578125 0.89375 0.86015625 0.89375