57 0.28857484305501657 0.7103086307652269 0.2330225745139387 0.7064477118996072 0.24392569310634826 0.5496002938914665 0.29947631781192285 0.5534611560387118
55 0.30289429875927 0.5481144866138327 0.3568442627768036 0.557387279056613 0.32817613938379964 0.7241614956719863 0.2742262121753356 0.7148888552092904
27 0.3641136673714982 0.7601619071524286 0.31908425938604523 0.75035619009875 0.34084129120674334 0.6504619979748252 0.38586974093595927 0.6602676067776989
6 0.32649306348787377 0.6426340307219408 0.35501568989377574 0.5732533698168294 0.4126049381195571 0.5969258844679699 0.3840827910914868 0.6663061397531362
40 0.7829614851647193 0.5642996154884776 0.7779193387531222 0.683706424138161 0.6949063610991288 0.6802005994932278 0.6999494010652825 0.560794710813063
41 0.7054391219631952 0.7509260405645146 0.6500970784494484 0.7533552582829776 0.6425315880734388 0.5809988818029096 0.6978716984162929 0.5785697065543768
39 0.665369014613816 0.35894241016573064 0.7148263603038458 0.35153853091582465 0.740585377806724 0.5235975706500211 0.6911280535546211 0.531001363101381
38 0.6907131859649098 0.5613177473791051 0.6448626659448564 0.5630336913433576 0.6387446669381234 0.39955995118353055 0.6845940743568235 0.3978440282637612
0 0.3036745611892684 0.5250909273173577 0.2629489272560477 0.521882891163964 0.2743024268222598 0.3777676839771662 0.31502724972438045 0.3809756878916868
43 0.34547412000245004 0.5421511625 0.3033944265231412 0.5421511625 0.30339504098083125 0.3779069765625 0.34547376533146235 0.3779069765625
27 0.85 0.9015625 0.8609375 0.9015625 0.8609375 0.9265625 0.85 0.9265625