57 0.5850437853624726 0.7029016130892685 0.6100475394562181 0.647339752295396 0.7139719419895982 0.694100618241025 0.6889689853182972 0.7496618001419522
55 0.6102979387489995 0.6726619172367465 0.6107698851726582 0.6185605248172422 0.7662647063091299 0.6199163355998831 0.765793597040215 0.6740168812622536
40 0.5865729627838618 0.3253983733129932 0.5831560516206764 0.2658115477540105 0.6834127767226619 0.26006250616391513 0.6868299393156576 0.3196490686135135
41 0.6146153325149726 0.3643236788147754 0.6168169484836881 0.31690379761262993 0.7600306648789683 0.3235523641121142 0.7578294192534258 0.3709718900219076
39 0.44597251570110075 0.32267606293273615 0.4432548360673536 0.28178688139725727 0.5698213442178712 0.27337466313782083 0.5725392433923844 0.314263609219266
38 0.4371813802046063 0.3456049559725104 0.43864264956482657 0.30863798719393715 0.6041972233376782 0.31518139777183735 0.6027362750058955 0.35214806057555853
43 0.599069358143538 0.6394862855467587 0.5979251775197554 0.6817448770642337 0.44319643572862333 0.6775547233701378 0.4443412524424275 0.6352967960400895
0 0.5745675932478207 0.6831185010513954 0.5650567632724233 0.7293271316173535 0.43139925269849755 0.7018199871949398 0.4409105692280946 0.6556120166328615
6 0.5573470655200481 0.6028291972116736 0.5561439157814903 0.5682727805163401 0.622890866774128 0.5659490229560874 0.624094214317779 0.6005052332021527
27 0.5734949444176891 0.5677526196444395 0.5768111576215915 0.5926947810819464 0.48133147696853484 0.6053874729980752 0.47801550031988427 0.5804455236894791
6 0.6142505251616512 0.3879299819505405 0.5427563750583886 0.39879435250290346 0.5362583185853964 0.3560338634494553 0.6077521278350559 0.3451695190651566
27 0.89296875 0.11796875 0.91328125 0.11796875 0.91328125 0.13359375 0.89296875 0.13359375