40 0.6057173696943892 0.17629467776283908 0.6487519803060877 0.24336646163904704 0.5277660825356634 0.32099150162050677 0.4847318778205363 0.25392007484896656
41 0.7157634792592944 0.26370135611412915 0.7243608704773123 0.3178216107552838 0.5366084584695727 0.34764552025459033 0.5280116039959921 0.29352574368875933
38 0.3185618137755455 0.3409191624824295 0.31652167541710696 0.29752562529317916 0.5249314098358582 0.2877265638704697 0.5269719605250884 0.3311196843619631
39 0.29195696955298445 0.31432197646148136 0.28589068903806947 0.26565880070652187 0.4902340058848722 0.2401854783365437 0.49630065131736956 0.28884823890698436
6 0.6044019523974384 0.6852943894781367 0.5524472026725107 0.6515311777770879 0.5882206292357068 0.5964904818210798 0.6401748845923976 0.6302534774977856
43 0.5173238821216728 0.6795691972487363 0.515994306112816 0.7192554934415879 0.3026535504486674 0.71210675604577 0.3039839913396918 0.6724213747799319
0 0.4842371198753881 0.7177992603281117 0.4796979317170553 0.761896337860309 0.2733089934424697 0.7406522131186024 0.27784907488069166 0.6965561588743141
55 0.5296459765889949 0.7054938702792689 0.5374309758459503 0.6558649322849519 0.7106817713776081 0.6830369512707405 0.7028978045283338 0.7326649635383808
57 0.4860903538756247 0.760343550510862 0.49204532561157066 0.7042235097509739 0.6593730967485953 0.7219749266477462 0.65341928539317 0.7780939035362953
6 0.6012627656043605 0.3987751464368392 0.5990351073612601 0.3896058718475636 0.6288293022545304 0.3823677482279939 0.6310569717217049 0.3915370060476576
6 0.47093021646185207 0.2485875601397664 0.47093025901551755 0.27471752321180726 0.3873546297561461 0.2747174860502384 0.38735467430262815 0.24858761073526095
6 0.5637523028954092 0.29850970340364114 0.5629568619918928 0.2886871051243224 0.589756432706622 0.2865169014085775 0.59055188431239 0.29633948796567805
6 0.5268895215374414 0.28990112208149765 0.5268895735882779 0.26800841829754246 0.5748546563489754 0.2680085038388129 0.5748546489977571 0.28990116301894076
27 0.80546875 0.11015625 0.82734375 0.11015625 0.82734375 0.12265625 0.80546875 0.12265625