6 0.48676324506891433 0.370633601324307 0.48413037399836867 0.32734420448954205 0.5562109744996633 0.3229603452402775 0.5588439996520265 0.36624957719542683
6 0.5768486191576585 0.4196869605222121 0.5771791971245648 0.4454961497562745 0.5097524036384584 0.4463595633401779 0.5094219420000172 0.42055049025478847
6 0.5113506787989763 0.581069543787738 0.5119524874124863 0.5501617304508564 0.5932756118800171 0.5517448493900114 0.5926740240379331 0.5826524461350452
0 0.4752905207993763 0.6969587161392845 0.47529087526652347 0.7379773532288304 0.3306684432260454 0.7379774022627692 0.3306687370209147 0.6969594237297001
43 0.5534322242993994 0.6801186952896737 0.5483246150288323 0.7221082076821251 0.3832107742126709 0.7020250933427118 0.38831900964646593 0.6600363245143046
57 0.693014722840644 0.7171425696605502 0.7010124476399824 0.7863957663105099 0.6022339734826119 0.797800185312518 0.5942371169030594 0.7285477780671917
55 0.7438421436246472 0.6919592547235425 0.7367527867878607 0.7429545315562867 0.5685575870865023 0.7195733802615052 0.5756477203885879 0.6685790153190218
40 0.6712414249138874 0.2442561530026823 0.6684404726478306 0.3003853041159204 0.5643868831392638 0.2951926269507435 0.5671880622029448 0.23906371876905838
41 0.7147495909234749 0.286694531455104 0.717759713956525 0.33558857997815944 0.5564241281604154 0.3455199332285703 0.5534144068344631 0.29662626341105663
38 0.3823644944376383 0.35520409535592923 0.3733351164735268 0.3115933722656059 0.5256740779431084 0.2800528377179532 0.5347036998145995 0.32366324176527783
39 0.44965366621067915 0.2774024925936279 0.44612939993896816 0.3172414159797038 0.3112429697649759 0.30530882157227873 0.31476745070654033 0.2654701436502551
27 0.8265625 0.125 0.84375 0.125 0.84375 0.1328125 0.8265625 0.1328125