6 0.32646671033171515 0.5010400192936925 0.36694895078119316 0.43339283735895073 0.4666314270775729 0.493041864549232 0.42614987857291453 0.5606884436740867
6 0.3138628389747282 0.41596819103477783 0.35510310565211967 0.4188397015729114 0.3489080272591991 0.5078071373182489 0.30766776248651695 0.5049356446803884
6 0.4020339492340099 0.5619881464656961 0.36850266238172935 0.619187918086112 0.31521255033737816 0.5879514873198386 0.3487438291911076 0.5307520289217169
6 0.639316835722525 0.5511278348828424 0.6701748725195102 0.6062730386204248 0.6141107523512801 0.6376415467431044 0.5832530878404896 0.5824966643080001
6 0.643596847476374 0.5360590921418161 0.6926663666663444 0.5318386701472062 0.6984131250782184 0.5986480770353515 0.6493436089610896 0.6028684745474152
6 0.6518341634119906 0.5386759969653946 0.6518343121032331 0.4675957194781974 0.6905570493626101 0.4675958549769268 0.6905571120244076 0.5386759205474981
6 0.6083832966645559 0.4850489827167796 0.6548532975002672 0.4833067451580176 0.6578542237032252 0.5633427917901327 0.611384223549976 0.5650850181930479
41 0.7249249698844551 0.6858374746090207 0.6753846421207754 0.6971904104252867 0.639563618707939 0.5408950129196932 0.6891025402642299 0.5295422430105802
38 0.6510293437896735 0.3617979901987758 0.6905603310586912 0.361587417271382 0.6915179024567806 0.5413424978082122 0.6519869152023148 0.5415530680987133
43 0.35152304119264954 0.5081188557129815 0.3106741077783681 0.5076663573803571 0.31253451637098806 0.3397765752150076 0.3533825165199005 0.3402290682021479
55 0.3038588161256257 0.49990774408704697 0.35010384228166913 0.5102635494393599 0.31884856102203685 0.6498241111436099 0.27260357622037645 0.639468435249735
57 0.2126507612157411 0.5213072854002385 0.2639868744215619 0.5070099677210661 0.3061910688484204 0.6585338564890604 0.2548550373953731 0.6728309715446779
27 0.3523571912909347 0.7087709632435988 0.3090054333907801 0.698653126214563 0.33806571858076495 0.5741577970886272 0.3814164177354087 0.5842755041112047
27 0.3901983427480218 0.45907578421508044 0.3513415558519455 0.4570043227469117 0.356917578699381 0.35241855597931243 0.39577386833570927 0.35449000424787086
27 0.4030188211172572 0.36544112844116994 0.4337450226191777 0.3633855836775937 0.4421908595805917 0.48962710724491226 0.4114646597927276 0.4916826351180053
27 0.846875 0.86015625 0.8546875 0.86015625 0.8546875 0.88046875 0.846875 0.88046875