27 0.6693313953124971 0.6686704390625202 0.6827202408720723 0.622658828972338 0.7975839491165289 0.6560779636263876 0.7841957476970265 0.7020890275074191
27 0.7581494721335957 0.3099893903866359 0.7653099991812269 0.34817984094707144 0.6496021220045805 0.36987338122055763 0.6424418609376517 0.3316831687500423
6 0.6745129987318705 0.33076677023712514 0.6728768355861803 0.381208857512821 0.5969278798266942 0.37874519137523194 0.5985642425258675 0.3283033119786639
6 0.5322281395129949 0.3900657750837752 0.5302317352491173 0.36476356683479483 0.5933458548990984 0.3597838593976758 0.5953423424590483 0.3850859760239466
6 0.505087209375 0.3207213578125 0.58212209375 0.3207213578125 0.58212209375 0.36421499375 0.505087209375 0.36421499375
6 0.6437672751853825 0.2781912435763503 0.651646854519413 0.32677203094107504 0.5706779638251191 0.3399041818099123 0.5627985959391708 0.2913235837733015
6 0.6082523219457698 0.6259103761459442 0.6074134019422672 0.6707485782931355 0.5191243111556787 0.669096313179048 0.5199636140736175 0.624258500610283
6 0.6065377079319205 0.6654560221473196 0.6098936420148675 0.6091436000074122 0.6994705848725289 0.6144811194883288 0.6961151695875287 0.6707930505419579
6 0.6655697487182124 0.6765566468953836 0.6461908571168351 0.7323091178723132 0.5753420462892791 0.7076860796545245 0.5947211516798916 0.6519340479664909
55 0.5733821528986027 0.711155490762834 0.5834664652517176 0.6549152537116245 0.7511524660239957 0.6849775580377526 0.7410693097199328 0.7412167683066528
43 0.5820738355014328 0.6703131768735067 0.5802403205686915 0.7136525785285601 0.3831959333155055 0.705315882715444 0.38503030046570075 0.6619774086496294
38 0.37874771489293835 0.32528628791860265 0.3779332910332869 0.28509392870123745 0.5619888855991348 0.28136378822526453 0.5628036460029762 0.3215558108053195
41 0.7283602176195245 0.2624633174412017 0.7369732992477793 0.31054981065163667 0.5724432019552523 0.3400182112597146 0.5638305381326063 0.29193208633586926
40 0.6865373158943839 0.23804781372586348 0.69005913319927 0.2858147207084396 0.5557417720831381 0.2957171325255828 0.5522202332788311 0.2479504880055479
27 0.859375 0.115625 0.875 0.115625 0.875 0.1265625 0.859375 0.1265625