6 0.5089228509680197 0.677814270044105 0.5149131803407272 0.6339305533445413 0.5838323665693679 0.643337049832586 0.577842377782531 0.6872204589635591
6 0.6202419903386271 0.6063554448642371 0.6154145274102802 0.6487979615468304 0.5369454890263796 0.6398733985903322 0.5417732278556286 0.5974311987170057
6 0.5139240278925854 0.6218725359688955 0.515502801781281 0.6607295766504065 0.42974354743648746 0.6642130075670517 0.42816511255784917 0.6253562924365584
6 0.534896906645713 0.3598729644023929 0.5019434699954672 0.303172588479777 0.5600779266095515 0.26938676666848066 0.5930313593750043 0.32608695624996326
6 0.5634413748430234 0.396960119428319 0.5422330297177496 0.3437827090962125 0.6050120313001344 0.3187460226901489 0.6262204514999894 0.3719232354904016
6 0.4470660145188958 0.38760078203411047 0.4398630316202343 0.3390473167871031 0.523369442017497 0.3266593728159926 0.5305726078983071 0.3752126182010614
43 0.487432166420831 0.6617351268337897 0.47530392226315143 0.7067562292478106 0.31663490306664244 0.6640166624256156 0.32876361205853755 0.6189963138225371
0 0.42207677107444397 0.6859768324113309 0.4081633052262532 0.7344974608296932 0.27426240069917185 0.6961052743918389 0.28817628932642947 0.6475853562107343
57 0.5800639045756952 0.6710878460231844 0.598144633231982 0.7355030247513347 0.5129216102147893 0.7594198563996895 0.4948416056500946 0.6950052973587783
55 0.5089141945122719 0.6803102626041405 0.5126092153464015 0.635146051142922 0.6644538301464991 0.6475666007851382 0.6607595559614765 0.6927301113309243
41 0.6603869267273694 0.2672012683644134 0.6703397872146297 0.3209995314042791 0.514894816988317 0.34975564948145643 0.5049424053004259 0.2959577733584951
38 0.32249981419715823 0.3601198342577961 0.3146605003279319 0.3114956549451717 0.48805350405973513 0.28354089917459463 0.495893159408638 0.3321646853842746
27 0.86484375 0.11875 0.88828125 0.11875 0.88828125 0.1328125 0.86484375 0.1328125