6 0.30021221088145467 0.5277055643173824 0.3533071932730536 0.5322060384443114 0.3461336601194489 0.6168286689385151 0.29303868207682626 0.6123282280313717
6 0.3872461117839521 0.6259602560862888 0.3373207860244065 0.620837603945639 0.3447230744939134 0.5487059707637217 0.39464775932515295 0.5538285898181211
6 0.7166996396503009 0.4931740208278472 0.6639484486390757 0.49638789835636415 0.6583790967980576 0.40497556262224654 0.7111296281555042 0.40176170525747956
6 0.719366108373265 0.5886647435536846 0.6589964490002558 0.609434217964503 0.6320991406995518 0.5312595542600648 0.692468021654804 0.5104902256897238
6 0.6587005226498377 0.6123394172700736 0.6048070010469928 0.6156227625708293 0.600296469560476 0.5415881715223835 0.6541892902650943 0.5383048476382307
43 0.335539979152486 0.509119409870512 0.28826955341060057 0.5080222813208951 0.29286237124142644 0.3101800462358141 0.3401315400420799 0.3112771594955488
0 0.26127773477935534 0.2232190642345847 0.3046356839025748 0.22235294146070816 0.30813021920414485 0.39728424129562845 0.26477227049008434 0.39815035692094347
55 0.300101258263453 0.5272510470920685 0.35267063283436073 0.5304177216716397 0.3425317867706781 0.6987128698992596 0.2899624163945873 0.6955462448447798
40 0.7012332015930269 0.5373415060021925 0.7764194322555795 0.5322283531436258 0.7835349454711604 0.6368478245682695 0.7083487201372236 0.6419609295471467
41 0.7151428111254745 0.6886914590650111 0.6545695929004296 0.693611814253882 0.6402015074451128 0.5167340979617171 0.7007728077877573 0.5118138197584748
39 0.6814557604693618 0.2783399964804508 0.7289351422680284 0.2712193795653745 0.7553787361725881 0.4475356667334307 0.7078993705141556 0.454656213306132
38 0.7146741000866541 0.4961672484375 0.6620243358785274 0.4961672484375 0.6620249316091531 0.29268292812499996 0.7146733393258273 0.29268292812499996
27 0.9640625 0.8828125 0.971875 0.8828125 0.971875 0.896875 0.9640625 0.896875