6 0.3102814388508932 0.5022495634209353 0.35641952602225047 0.5105343578867835 0.3432567298621052 0.5838316738979189 0.29711865627189127 0.5755469302853456
6 0.33738408926171815 0.5289379759028807 0.35142005630427775 0.4605282335006441 0.401717483420839 0.47084732991109296 0.3876818241842557 0.5392568008864232
6 0.4099608020208052 0.5583099206093888 0.3837290029965743 0.6111551148089314 0.3254620538780273 0.5822346295704324 0.3516939055826924 0.5293897344476483
6 0.6086957422536443 0.54843205625 0.5754075144524222 0.54843205625 0.5754077186246604 0.4689895468749999 0.6086955305740958 0.4689895468749999
6 0.6530611732705438 0.538372256939581 0.605491478287604 0.5400283357452456 0.6027629096602141 0.46164967210703917 0.6503320288989016 0.45999360342494333
6 0.6463923955415112 0.46195319853997907 0.6867614100702895 0.45773697226270166 0.6935172654981443 0.5224175306405024 0.6531482541129208 0.5266337363855667
6 0.6860437767670646 0.5176794610971608 0.7129157719920158 0.5671571417177091 0.6603729915148051 0.5956908477897533 0.6335012868377135 0.5462134167782736
6 0.5989123816800657 0.5482888035672154 0.6478026953224116 0.5396239639875966 0.6573270065140377 0.5933585761725471 0.6084367039217113 0.6020233745637888
27 0.6086956531250001 0.363763065625 0.653192934375 0.363763065625 0.653192934375 0.471777003125 0.6086956531250001 0.471777003125
27 0.6058094151816249 0.5869481071467315 0.65115489062498 0.5728222984374985 0.684838694548489 0.6809384187573798 0.639493288351332 0.6950640711891368
27 0.3882475327860675 0.4822299620934403 0.3486952905459475 0.48278874565036467 0.34675327139882484 0.34531320799602677 0.38630486246404416 0.344754428878941
27 0.35730113222530235 0.6878181138345442 0.31238913116158074 0.6735173919787771 0.3441312637663714 0.5738445468620309 0.38904239061673707 0.5881451152194426
43 0.31159429300009833 0.32217900593193255 0.35337207148540983 0.32363347942432963 0.34678650370358355 0.5127856765501518 0.30500872613038155 0.5113312208266544
57 0.2753953858407385 0.4981562204982919 0.30530549007380614 0.49847312802430366 0.3039465727865718 0.6267177121315636 0.2740364685987515 0.6264008080707357
55 0.31145350199506083 0.5002100952567612 0.35855791192454944 0.5106624898216225 0.3261598129573713 0.6566525606526622 0.27905544831003226 0.6462003032289428
41 0.7195897411253327 0.6656679800296313 0.6718980382382824 0.6751108746588392 0.6424163877059073 0.52622585474226 0.6901068157172858 0.516783089882982
40 0.6883566570666062 0.5152103271674399 0.7317694046196266 0.5091649514335251 0.7489577633130011 0.6325854056394672 0.7055450292538126 0.6386307154249871
38 0.6912218229740574 0.5255034524739558 0.650472360479057 0.526630341200617 0.6457742406377065 0.3567348202960777 0.6865227524086777 0.35560794491224895
27 0.965625 0.90703125 0.9796875 0.90703125 0.9796875 0.93046875 0.965625 0.93046875