40 0.69361413125 0.5714285718750001 0.742527175 0.5714285718750001 0.742527175 0.71358885 0.69361413125 0.71358885
41 0.7064927417414992 0.727511227419366 0.6585637581213177 0.7322533002620196 0.6436637545081112 0.5816678673988824 0.6915912910751558 0.5769258670087098
57 0.2973904349868235 0.6822062639678502 0.24749086686790633 0.6732681623099952 0.27210340484509743 0.5358815518111508 0.3220017559935968 0.5448195443442445
55 0.3185204854945596 0.5576804357878273 0.36912459493373717 0.5645101941702892 0.349476864492658 0.7100702311809761 0.29887277292493764 0.7032405694455353
6 0.4171843022587609 0.5968282899162543 0.40248760158715413 0.6636826854045207 0.3472136353464066 0.651532873835551 0.3619105907428093 0.5846788375984273
6 0.3463376198549213 0.47606703713476833 0.3921713108395579 0.4753464244820754 0.3934152113060918 0.5544570263766594 0.3475815204033097 0.5551776345467299
0 0.30801183516859965 0.5113245115904507 0.26762550242756333 0.5049560256621716 0.28926929273143287 0.36771174464459394 0.32965487889475753 0.37408017009633454
43 0.34703495444114196 0.5387530257856712 0.30753971630872456 0.5361575303238756 0.31834173357151485 0.37180475350490433 0.35783607415066854 0.3744002194077461
38 0.6502838233642478 0.4086817520596026 0.6861701813111267 0.4047948945149432 0.7023328228887067 0.5540106264081771 0.6664464719245871 0.5578974410660601
39 0.6824514014007264 0.3646952015623153 0.7216474974692346 0.36115739136614305 0.7375880719791894 0.5377562290299018 0.6983919820593201 0.541293996195827
27 0.94140625 0.92890625 0.94921875 0.92890625 0.94921875 0.94609375 0.94140625 0.94609375