43 0.3216004369182883 0.5448000000000001 0.2787998115359187 0.5448000000000001 0.278800492899677 0.3568 0.32159995030360733 0.3568
38 0.6623579050822173 0.40346021313104685 0.7064231955499736 0.4024402637474083 0.710464239535213 0.5770152334501496 0.6663989497166085 0.5780351694159844
41 0.7225834651795822 0.7713701941842391 0.6697411797304085 0.7786311534395203 0.6442824433917167 0.5933721522000349 0.6971227528039208 0.5861113283736751
55 0.26070664851488345 0.5744912423738641 0.3122265802801394 0.5923228548666617 0.2697587262302932 0.7150077309614359 0.21823890376481359 0.6971763459143331
40 0.7973383401199499 0.6668302769962409 0.7461340239550509 0.7308272760538942 0.676084251994439 0.6747870659184593 0.7272882682206046 0.6107906441109269
6 0.5581274625478727 0.6544393504210567 0.5525770738594247 0.731843707137734 0.43301144702377314 0.7232701421851034 0.4385627336714606 0.6458667619990595
27 0.45390677612908803 0.8042426767401109 0.4354090630239398 0.8039001848316906 0.43732485132443344 0.7004616249333546 0.4558221226105843 0.7008041127298984
27 0.4608 0.7024 0.4748 0.7024 0.4748 0.7696 0.4608 0.7696
27 0.4788 0.7088 0.492 0.7088 0.492 0.7656 0.4788 0.7656
27 0.5043958815067526 0.774457662965422 0.4910974233620209 0.7734941670095885 0.4960791717759321 0.7047477743581098 0.5093774225822472 0.7057112627342589
27 0.5142569190207951 0.7087847811454177 0.5290764699177544 0.710361067193781 0.5223307222036055 0.7737711850911382 0.5075111730810704 0.772194910415644
27 0.5326776922603358 0.7015799145329024 0.552064403315967 0.7023254350111116 0.5478953940577185 0.810718997283387 0.5285086835119728 0.8099734861870579
27 0.46103450036889626 0.43001376153898085 0.48330418109696893 0.42947063945874914 0.48657217723871327 0.5634592612976742 0.4643024966788971 0.5640023779269137
6 0.4612318496867829 0.5533519515296962 0.4870229413628522 0.5518641578409331 0.49150624086576045 0.629574731020907 0.46571515009736686 0.6310625142914192
6 0.3021170258029997 0.5698537931469098 0.3560412132676447 0.5814077232151723 0.33812289835270803 0.6650261219377619 0.2841987409610738 0.6534722846547436
6 0.6632748074185884 0.6978293795439786 0.6100711495824953 0.7058088767336682 0.5971942232441734 0.6199600809383795 0.65039697284044 0.611980652851944
6 0.6359417751972387 0.6138489454992344 0.6928000000000338 0.5871999999999846 0.7252363867966096 0.6563982061717814 0.6683782857260212 0.6830469542790859
55 0.30166294302557617 0.5690747201240839 0.3561056118378474 0.5791841694178622 0.32306850874795146 0.7570773212250655 0.26862589007726 0.7469680552611858
27 0.84765625 0.8296875 0.85546875 0.8296875 0.85546875 0.8453125 0.84765625 0.8453125