43 0.3567994222738662 0.721200203126637 0.3568000163589886 0.6783995509897279 0.5447999205085807 0.6784001124709239 0.544800182648487 0.7211999323676868
38 0.4034601313684334 0.33764186433138993 0.40244046661382527 0.2935761734634607 0.5770151921244633 0.28953607638870427 0.5780352178828707 0.33360140387287324
41 0.7713700422522152 0.2774165308229152 0.7786326032513671 0.3302575131400221 0.5933732075862963 0.35571789353930167 0.586111168833213 0.30287736748539357
55 0.5744901677165899 0.7392926369544829 0.5923273048049396 0.6877739856156059 0.7150096508862589 0.7302426826753451 0.697173396156586 0.781760584647694
40 0.6668290960479908 0.20266360806194508 0.73082959227213 0.25386310321911 0.6747904771211779 0.32391158282698973 0.6107901373711684 0.27271226705818524
6 0.6544409397858999 0.4418725917897585 0.7318437632001178 0.4474229432966611 0.7232694377810276 0.5669879770628452 0.645866620370839 0.5614376767823036
27 0.8042426673379168 0.546093153005679 0.8039001942626101 0.5645906699809415 0.7004614828073272 0.56267523910721 0.7008041142853472 0.5441778845958349
27 0.7695999818691917 0.525199903741197 0.7696000349162659 0.539199954191138 0.7023999787763842 0.5392000275100612 0.7024000019539471 0.5252000539859423
27 0.7087999999999965 0.5212000000000131 0.7088000493437221 0.5079999908168985 0.765599995178377 0.508000073373699 0.7656000046263216 0.5212000243208308
27 0.7744576863063912 0.49560391856845104 0.7734940493015756 0.5089022736844268 0.7047477563961593 0.503920917923064 0.705711457510688 0.49062263319715793
27 0.7087847794005029 0.48574305567507875 0.7103615234220797 0.47092350228926927 0.7737714118646863 0.47766946422133094 0.7721947433781224 0.4924889486144051
27 0.7015799071859874 0.46732229995325986 0.702325709977913 0.4479355697392984 0.810719054613287 0.45210471519448564 0.8099734043761373 0.47149130107821596
27 0.4300137098208552 0.5389654032280863 0.4294706490129556 0.5166955808745538 0.5634590875042704 0.5134280161107265 0.5640023809762624 0.5356975955880171
6 0.5533520117686521 0.5387681394727909 0.5518640512300408 0.5129769771993026 0.6295745546970011 0.5084938794704577 0.6310626652865494 0.5342848809991516
6 0.5698534281759748 0.6978828972235941 0.5814104943798384 0.6439591139657148 0.6650265179926009 0.6618773385279288 0.6534699985988937 0.7158006454724769
6 0.6978285806759459 0.3367256011409333 0.7058095036782106 0.3899286481436636 0.6199610394278352 0.40280577033287657 0.6119804068164285 0.34960298285550556
6 0.6138523740887649 0.36405675966596013 0.5871999999999389 0.3072000000000208 0.6563952762789995 0.27476478705607993 0.6830477016852683 0.3316213363791776
55 0.5690743135035063 0.6983364432032532 0.5791876592421659 0.643893902001809 0.7570791595345554 0.6769339550538737 0.7469669896344158 0.7313754510504086
27 0.8296875 0.14453125 0.8453125 0.14453125 0.8453125 0.15234375 0.8296875 0.15234375