40 0.7425200775318217 0.7325446913693996 0.6815740118653366 0.7026037276641434 0.7432508255102448 0.5770768903113075 0.8041954812775884 0.6070174433655245
57 0.1910800794410079 0.5893075460077649 0.2448173469226731 0.5749491815948576 0.2844760613689914 0.7233566517257836 0.23073888075407467 0.7377147949743036
6 0.27280565939122425 0.5809515678599739 0.3274993928475851 0.5906138714442133 0.3146961117116689 0.6630787956088208 0.2600023955407096 0.6534165594111794
6 0.3679269780861887 0.5948220523641329 0.3644181608760846 0.6664249838190247 0.3143287607920229 0.6639704210889159 0.31783790399049394 0.5923678334672378
6 0.40254958435491517 0.6630502597060285 0.3662840436213628 0.6640290629838522 0.36443310499839754 0.5954505671934828 0.4006981743181086 0.5944717702340148
6 0.5770453098136841 0.597872883227376 0.6147074075290675 0.5926451673459981 0.6242330443961919 0.6612628224904534 0.5865709536429904 0.6664905037221521
6 0.6161721421711945 0.6635174937881717 0.6161724065334511 0.6010173986454908 0.6719632568633642 0.6010176484574158 0.6719633283851181 0.6635174080034649
27 0.587923729687418 0.641715117187505 0.6159099434345308 0.638896467421252 0.6295899770195774 0.7747047528823948 0.6016037694702163 0.7775233608552563
27 0.6232344625000223 0.6431686046874984 0.6692687492883351 0.6386958242716514 0.6818245931144702 0.767902910103145 0.6357903149755657 0.7723756277413996
0 0.23751235064469256 0.3294326352502048 0.2830010418178972 0.3305376710117793 0.27954515076771713 0.47279263999068727 0.23405645991601887 0.4716876138578529
39 0.6891360161863531 0.33049349378069626 0.7380545126729885 0.3196285474793112 0.7726929714536936 0.47557828242128686 0.7237745121821035 0.48644312139485923
43 0.264713662709255 0.39294769115461914 0.3056441076176952 0.3914180293684371 0.31236540215934383 0.571253303394326 0.2714349584852016 0.5727829445357573
6 0.2702002551160376 0.4991955674540745 0.3124581809603342 0.5005642601276286 0.3101228781242753 0.5726598157771869 0.267864952728587 0.5712911311820623
6 0.3822640263191488 0.5764636602700975 0.34904637082104273 0.574311907852978 0.3530844905375261 0.5119819876024949 0.3863018034168135 0.5141337288931567
6 0.38550195132756926 0.4939905921503818 0.42268990658578787 0.49790514417302106 0.4144438375443542 0.5762355861670908 0.3772558862888218 0.5723210592265582
6 0.5456513564232637 0.5795112737172985 0.5206608850959356 0.5784779850459664 0.5233119328083831 0.514371302662918 0.5483021370479264 0.5154045858011598
6 0.6749393533099237 0.5891838776779288 0.623827258663141 0.583956140125145 0.6327811296681602 0.4964258189413256 0.6838924936957937 0.5016535190605415
6 0.7235007257360166 0.5952530061724864 0.6797584541512833 0.5963155678690076 0.6776021194725672 0.5075421861022272 0.7213437371889313 0.506479632365051
27 0.5290524098513743 0.40884899783760015 0.5482790319974811 0.4094328171223395 0.5447894746812381 0.5243454348997061 0.5255628527394265 0.5237616203822328
27 0.4452850699153714 0.39083898907890163 0.46604877620086427 0.39151716694607946 0.46179477943030633 0.5217537545975475 0.4410310734375571 0.5210755828125008
27 0.3604385368981866 0.4029230473162765 0.38748669769086064 0.4046869589083109 0.3794492891755681 0.5279266870731162 0.3524011296874505 0.5261627906249986
27 0.3141733318996103 0.4219570169855244 0.3507628458983163 0.42278383627713534 0.347809569927108 0.5534672158813796 0.3112200562227372 0.5526404046444645
27 0.6314373525956398 0.5074849749657562 0.6079972615555107 0.5047242041769925 0.6192556271300873 0.40914369471088397 0.6426954114238015 0.4119044474384723
38 0.6759903957853339 0.41431168349414 0.7198028179683433 0.41324740478059113 0.7242241463695791 0.5952440120703729 0.6804117247171462 0.5963082757642928
55 0.2721105056527904 0.5771226260379337 0.3251075070470506 0.5826398376546483 0.3071308624239464 0.755297224901242 0.2541338760381677 0.7497801099698922
27 0.96328125 0.92890625 0.97734375 0.92890625 0.97734375 0.93671875 0.96328125 0.93671875
6 0.44067796562500006 0.51889535 0.4622175140625 0.51889535 0.4622175140625 0.57412790625 0.44067796562500006 0.57412790625