57 0.3217675576811416 0.6293865813697241 0.24139535032998083 0.645880025560882 0.2197532609608288 0.5404258091670786 0.3001239745443627 0.5239325229649334
55 0.3111262587881356 0.5384103746792792 0.3593968841047399 0.5394024262211154 0.3557715714495089 0.7157811242964179 0.3075009465082985 0.7147890893085219
40 0.7761817636711612 0.6419870386915048 0.7206867681373978 0.6551385388293263 0.6858796916383199 0.5082764274741677 0.7413732648109317 0.495125104001367
41 0.7305794132098526 0.7077986550608931 0.6806209450212464 0.7181110311486796 0.6446966944015458 0.5440930079465625 0.6946535538594389 0.5337808011347545
6 0.621942938443226 0.6195121953125 0.6168478195612579 0.6195121953125 0.6168478292736381 0.6020905921875 0.6219429316628293 0.6020905921875
38 0.7105979206104394 0.5233449468750001 0.6701765069035446 0.523344946875 0.670177022843518 0.32961672500000005 0.7105973890219275 0.32961672500000005
0 0.3185266515023386 0.5184908499410361 0.2757010574459855 0.5203059025421213 0.2677774977724994 0.33334949138576403 0.31060203474964965 0.33153446147718224
43 0.31038648269918667 0.3399903763638779 0.3519461646220634 0.33854350406252065 0.3586504477211747 0.5311057972595016 0.3170907667233678 0.5325526508361215
6 0.6135634554075295 0.5596810501009598 0.659281212393239 0.557335588137104 0.6633055611714553 0.6357700400703515 0.6175878054193618 0.6381154853595343
6 0.3556702001856138 0.4786641517718886 0.4008289398997249 0.4804983264763439 0.3980382322135938 0.5492022215786546 0.35287949311589273 0.5473680567886259
27 0.93203125 0.91171875 0.93828125 0.91171875 0.93828125 0.92890625 0.93203125 0.92890625