57 0.310523552991981 0.6716277763736678 0.2412947469797473 0.6785498754603048 0.23048345126858294 0.5704309935531783 0.2997108505488768 0.5635089651378011
55 0.3 0.5496000000000001 0.3492 0.5496000000000001 0.3492 0.7288 0.3 0.7288
6 0.3419813505287266 0.6214574979237844 0.29259404520666976 0.6106551738061465 0.3060593203655344 0.549100606702786 0.35544609571843466 0.5599028711927243
6 0.4023263356134521 0.6160465345287018 0.3747999999999365 0.6560000000000291 0.3222387520246457 0.619791356851825 0.34976502574068036 0.5798381305594558
6 0.609134500971777 0.6676592839876062 0.5825524460964289 0.617567930055449 0.640366304104873 0.5868913920705792 0.6669483931730156 0.6369824370887779
40 0.6951483605665771 0.5761711082313621 0.7642125450065578 0.58216063326729 0.755008128609802 0.688282681579083 0.6859439524383788 0.6822932180578428
41 0.642 0.5696 0.6948000000000001 0.5696 0.6948000000000001 0.74 0.642 0.74
6 0.6469625936733792 0.6200518640748033 0.6502743156671613 0.6198862978982151 0.6514354125159798 0.64310824061938 0.6481236905501646 0.643273806426276
6 0.6354776433821598 0.6347315363115201 0.645179732431302 0.5647494162699681 0.7007497827424913 0.5724526703104129 0.6910480939252466 0.6424344303760385
6 0.6795653944251399 0.48242335476427245 0.7123286951117507 0.5147159132675082 0.6651011074242206 0.5626278031941133 0.6323379799812301 0.5303354186060275
6 0.6548001332267859 0.5936000000000001 0.6119998774023543 0.5936000000000001 0.6120001760364175 0.5176000000000001 0.6547998749306316 0.5176000000000001
6 0.3074964338057953 0.4662498167345511 0.34632690727505633 0.46902321302514044 0.3407065915786234 0.5477075722675965 0.3018761199128903 0.5449341929367107
6 0.37877003592859637 0.581251293433095 0.3352033844514608 0.5783471215643848 0.34077715267267195 0.49474518283415575 0.38434319802343 0.4976493342143678
39 0.6388760314506499 0.35435357587829136 0.6876421226891125 0.3392438452835645 0.7327965123386093 0.48497083375533934 0.6840304872984007 0.5000804162776101
38 0.6327455829676865 0.39835741465351765 0.6779045981196532 0.3915568704554502 0.7024925610638775 0.5548227245153206 0.6573335653577033 0.5616231861774851
0 0.31891960311975254 0.4830461858389051 0.2689246902366449 0.46768708268693404 0.3128525787195713 0.3247081332957912 0.3628466726698889 0.3400671048803331
43 0.3383966093996378 0.5492746207144525 0.2976114240060497 0.5423528447223357 0.32405101029314665 0.3865777817270567 0.3648352705029083 0.3934994760178943
27 0.928125 0.86640625 0.9375 0.86640625 0.9375 0.88203125 0.928125 0.88203125