57 0.3283722335714856 0.31052272232469846 0.32144967664760316 0.24129481355549845 0.42956828050421336 0.23048344527978834 0.43649111190700296 0.29971104695735007
55 0.4503999257514124 0.29999986712510057 0.4504002391603308 0.3491999870009696 0.2711999476048277 0.349200024118809 0.2712000680384108 0.3000003275569479
6 0.3785412753777564 0.34198091790435486 0.3893451209920613 0.29259415700388225 0.4508995571882224 0.3060593483561607 0.4400958861941717 0.3554459593177811
6 0.3839549517398382 0.40232346187056883 0.34400000000005093 0.3748000000000241 0.3802072392965101 0.3222414935131068 0.42016198711621655 0.3497648566896564
6 0.33233988301765294 0.6091328496744447 0.38243383793405883 0.5825556567332596 0.41310908678019587 0.6403672111500542 0.3630152433971716 0.6669442391519359
40 0.42382904743806193 0.6951473256154618 0.4178388113438132 0.7642121072120412 0.31171601189350895 0.7550081870271603 0.31770698175023426 0.6859442191347841
41 0.4303997607325982 0.641999912470568 0.43040016448640017 0.6948000853951765 0.2599997481971741 0.6947997056610768 0.26000026019733014 0.6420004621129859
6 0.3799481208027373 0.6469625820667272 0.3801137335938165 0.6502743071222895 0.35689178143138633 0.6514354183197454 0.3567261766075944 0.6481237008995908
6 0.36526811376347723 0.6354797010469903 0.4352504267144468 0.6451788818755335 0.4275477414469151 0.7007484507599703 0.35756544006801505 0.6910493253196867
6 0.5175772038186324 0.6795656691013426 0.48528115032706864 0.7123255143244088 0.4373716093458597 0.665100586355598 0.46966744500070945 0.6323409673177146
6 0.4063998894428096 0.654800046159149 0.4064000505600234 0.6119999095116112 0.48239987626186576 0.6120001338978615 0.48240002921841096 0.654799953848479
6 0.5337502494577393 0.3074963891987465 0.5309766641227043 0.34632691246232455 0.4522923622358803 0.34070658758133526 0.45506608705306917 0.3018762135395027
6 0.41874863134410134 0.3787699041149159 0.42165332129127364 0.33520345284098074 0.505254867290887 0.3407771298841213 0.502350389805656 0.38434337786823686
39 0.645644813023182 0.6388751218672779 0.6607581266338229 0.6876409599317327 0.5150312838612763 0.7327959633814652 0.4999188788926858 0.6840308973047221
38 0.6016416593959093 0.6327443205511089 0.608444419951752 0.6779037944128637 0.445178585081635 0.7024925024111643 0.43837666561023525 0.6573337701598584
0 0.516953461872049 0.31891935643835223 0.5323140543086993 0.2689250054075929 0.6752925021379497 0.31285300394172394 0.659932330575316 0.3628469978703948
43 0.4507253382552108 0.3383964210823235 0.4576481025706016 0.29761155636319075 0.6134226661506545 0.32405137876277995 0.606500272576227 0.36483590710774566
27 0.11796875 0.928125 0.13359375 0.928125 0.13359375 0.9375 0.11796875 0.9375