57 0.2730441087082909 0.5253878144257464 0.32071159221675316 0.5347131257439787 0.29303667122644583 0.6761618579959671 0.24536922234517533 0.6668366704496508
6 0.296459185291269 0.6103268213429297 0.316980984957695 0.5677635418781218 0.3655073884598323 0.5911579472963387 0.34498583377467185 0.6337210184319451
6 0.4008891241008996 0.5949198003344781 0.3902933292973785 0.6566927551698852 0.34358110998834945 0.6486809861982602 0.35417712175660654 0.5869083054047215
6 0.3485008188745269 0.5164678058618212 0.3945267563070729 0.5228566144966017 0.38506814323920935 0.5909915983897844 0.33904221340719687 0.5846028270629383
6 0.6084676240856197 0.5093760301769408 0.6500943517404494 0.5053313040186745 0.6570850297314337 0.5772703172715206 0.6154583054964178 0.5813150191031565
6 0.6971497546558112 0.6252612517751805 0.65261960371231 0.6335027049227997 0.6408590572301591 0.5699636929599757 0.6853887054263623 0.5617222870526037
55 0.3146265654920626 0.5648786301275378 0.3614265109799817 0.5758333278948977 0.32465442032230385 0.732909426417151 0.2778545344580152 0.7219549029660676
40 0.7514777317354628 0.6727977840135864 0.7052272981738952 0.6803690386563759 0.6813600487427038 0.5345836773425527 0.7276092587782159 0.5270125243578552
41 0.718994752401727 0.7252218049764582 0.6747151893342789 0.7344209319015025 0.6407225176890279 0.5708175367534193 0.6850007048391262 0.5616185549068292
39 0.7218645961735319 0.5399784675026327 0.6835188515939308 0.5448811462895058 0.6612503191497581 0.370718778360077 0.6995951244155094 0.365816161054328
38 0.6424048582832711 0.37378089426034883 0.6783774068203456 0.37159626957033803 0.6899197160219046 0.56164304523913 0.6539471703118807 0.5638276401012091
0 0.3104870572917662 0.5469540343437935 0.26790461498580953 0.5353686511697883 0.3149347071049533 0.36252222846799803 0.35751613035449736 0.3741074636161539
43 0.3436744040718622 0.5719205506121561 0.3060859958148967 0.5699231496227405 0.3161622496553491 0.38032801125965154 0.3537496122609127 0.3823253841773591
27 0.9375 0.896875 0.9421875 0.896875 0.9421875 0.928125 0.9375 0.928125