6 0.6362369787789248 0.5998640191402909 0.6169901453565672 0.6484576271906088 0.5629371488912511 0.62705062986677 0.5821840863210355 0.5784572819494811
6 0.5127090753624088 0.35966106228189154 0.5132993457386874 0.3499738466194969 0.5448101943031816 0.3518937983820905 0.5442199414205788 0.3615809975311083
6 0.5789494574485161 0.3457938406747105 0.5804797399714516 0.38346387621085665 0.5121823036631667 0.38623804913311816 0.5106521702716691 0.3485681585557042
43 0.5428164598595231 0.6432120298350623 0.5405459483907862 0.6804806467766221 0.3426671417171292 0.6684247136737287 0.34493834105307997 0.6311568402510812
0 0.45274850529119703 0.6606598734104647 0.45319259443942883 0.6988844472168926 0.26642230977040526 0.701052144089695 0.26597896894963924 0.662828321313081
57 0.5244639497861954 0.7128862029575834 0.5411065170694656 0.6616811738552041 0.6584346171050584 0.6998090117420609 0.6417928519214229 0.7510133566357746
55 0.5419442394289717 0.6761038777670858 0.5481894764542403 0.6280702818480068 0.7146299190563923 0.649706992716461 0.7083855847319 0.6977397637191121
40 0.6811607686918251 0.2576777859315291 0.6721963426817865 0.316723227206165 0.5740596637735962 0.30182391130732633 0.583024293867993 0.24277871921122
41 0.7239893180983472 0.29598423649229794 0.7299618196269648 0.342011398454891 0.5720167850261078 0.36250491234960497 0.5660446881532835 0.3164781156231015
39 0.46700129548662517 0.30170969078967436 0.4640428840492632 0.3378242360743677 0.34445834255791397 0.32802807185385624 0.34741694196645767 0.2919137377920512
38 0.38517070634793527 0.3589055677879786 0.3825029056221183 0.31985989100274437 0.5590521245010223 0.30779688983986736 0.5617202512021322 0.3468422171665988
27 0.88203125 0.05234375 0.91171875 0.05234375 0.91171875 0.06484375 0.88203125 0.06484375