6 0.5587604418388992 0.7203247312330665 0.5657330871998738 0.6686721115963312 0.6428515537586463 0.6790808618214639 0.6358793836959649 0.7307330505990308
6 0.5323531966345172 0.6296966241064608 0.5869257624732427 0.6490175353351567 0.5693612814549169 0.6986223371533227 0.5147887674268077 0.6793015288980506
6 0.6504361937260228 0.31426542630115967 0.6057499458346456 0.34810279118248316 0.5627606902961588 0.29133185847056603 0.6074467413649245 0.25749460529802126
6 0.5879359865532479 0.31179372642363484 0.5879360869582797 0.35699156491327705 0.5130813356968247 0.3569914989078298 0.5130814069739245 0.3117938316883375
6 0.6106994476999716 0.34104167907510463 0.6239947900664902 0.33440831313385083 0.6346314435303384 0.355726726640539 0.6213361066734251 0.3623600841908261
43 0.5638813790180848 0.6878118511199051 0.5603705508076473 0.7291986994227194 0.37861402320868365 0.7137806903002578 0.3821255785451285 0.6723946538043016
0 0.3192030985075007 0.7502282433620089 0.317304209886629 0.710400958520517 0.47815201274386254 0.7027320745459689 0.4800515751949206 0.7425586538063261
57 0.6599219327443961 0.7127784346813165 0.665967174677462 0.7749739321234002 0.5655604125030322 0.784730742923348 0.5595159481468954 0.7225359707459168
55 0.5567896683031677 0.7214981884329406 0.5617111678864148 0.6705090041942399 0.7175316005026389 0.6855458849312203 0.7126110290187171 0.7365342079224881
40 0.6390465007231114 0.20152745343060932 0.6698867069632115 0.2590753396996824 0.5778994034437801 0.30837054833546673 0.547059470418958 0.2508228965910803
41 0.7248220314800164 0.2641277130397069 0.7303223369085572 0.3177273594381881 0.5722158914385318 0.3339507352174054 0.5667160059817888 0.280351471711062
39 0.32496432000425557 0.2969032185913247 0.32198119781492096 0.2552380177482374 0.4895309452828087 0.24324165884520743 0.4925143347044241 0.2849065749145094
38 0.3665656547736944 0.31922762233138363 0.3654814864432865 0.2750752965636118 0.5676889988671974 0.27010918109612586 0.5687735601885606 0.3142611316723644
27 0.9109375 0.06015625 0.9234375 0.06015625 0.9234375 0.06953125 0.9109375 0.06953125