6 0.6144279135817214 0.7321703915610802 0.5587676450838899 0.7132731481248694 0.5770231108456301 0.6595119693177883 0.6326827632818777 0.6784090990564827
6 0.5878554155328857 0.6134022597189938 0.6455186901215484 0.6243404109238653 0.6349220539796079 0.6801962718003716 0.5772587954742221 0.6692581816182894
6 0.555611432887531 0.3599694332515348 0.48913590994641254 0.37184924928247415 0.47993659590747484 0.32037359743184324 0.5464117652362575 0.30849381381493324
43 0.5357548396260654 0.6896337483781598 0.5336751026713955 0.7366696464002459 0.32067019395537955 0.7272501398717229 0.3227509604334955 0.6802153347391752
0 0.45829851053804305 0.7225880529005224 0.45564952575500683 0.7695007126422727 0.27888699474988243 0.759518995467367 0.28153685870074696 0.7126072699013504
57 0.5466980435883215 0.7945353463906424 0.5417478657644779 0.7189557315535007 0.6512940513857757 0.7117818530080702 0.6562451090902641 0.7873605199033263
55 0.5604902166425063 0.7189446858774388 0.5641261269315692 0.6666613380687927 0.7554651498430758 0.679964398732829 0.7518303765460814 0.73224666722554
40 0.6557184245831422 0.23005017669390757 0.6471085647599466 0.29896973459676035 0.537985904633274 0.28533736173506724 0.5465960204878684 0.21641810214180476
41 0.7457121874173254 0.2832361861003393 0.7482720523042872 0.3316829092887506 0.5706386613378527 0.34106745170393526 0.5680792229958342 0.29262112023673353
39 0.27687112127978253 0.2944967162413019 0.2751365818069189 0.25394077612492527 0.4683086846303013 0.24567862427865816 0.4700435329789343 0.28623423316297253
38 0.5399707997576115 0.2743987979885856 0.5399710307227679 0.3200141487278143 0.32267431700870475 0.32001407595021975 0.32267453640190524 0.27439918887035497
27 0.9015625 0.059375 0.9109375 0.059375 0.9109375 0.0640625 0.9015625 0.0640625