57 0.4597580937205521 0.7170522248428758 0.4785556727306357 0.6634341027122986 0.6047412566565527 0.7076655197008324 0.5859445942916182 0.7612828639199829
55 0.4915894745034848 0.6789417789388049 0.500009033315564 0.6285724776340899 0.6720805817794826 0.6573306344844614 0.66366203377072 0.7076990336530373
6 0.5668228612945541 0.6546993883568636 0.5149860937349331 0.6311740587454082 0.539743539945789 0.5766293563549295 0.5915798046089549 0.600154553491686
6 0.619698099645916 0.3725950321031818 0.5749986416260526 0.39916249506410195 0.5435906144356295 0.3463207664020347 0.5882898407207904 0.31975339195528474
6 0.5287974960590418 0.33590096868894453 0.5299647979825295 0.3766084835377215 0.46097782577692215 0.3785864623096735 0.4598106809079354 0.3378791030772485
6 0.5499206880031124 0.3938694953337379 0.5517938217549272 0.42076747288606026 0.4965961156284493 0.42461103621107427 0.4947230803588809 0.39771315202298824
6 0.4297955139795704 0.6486115332626544 0.43671726878017125 0.5999321664064527 0.5027435831756293 0.6093193093316654 0.49582217404224593 0.6579983663870278
40 0.5101782710817133 0.2825597414541536 0.5193625238035793 0.2131903026730223 0.6210309270727521 0.22665050581548724 0.6118469776769189 0.29601967221229364
41 0.7040752432390036 0.2678873739803446 0.711636232900446 0.3156900353685674 0.5297411566713208 0.3444586041030481 0.5221806236141902 0.2966563402738134
39 0.2857659136025177 0.3340353556516665 0.2797124650066962 0.29463623117244464 0.44238290897249044 0.26964305445116427 0.44843660180890765 0.3090418816009722
38 0.3193540981709475 0.3432974866137301 0.31813119902619746 0.30473927755187336 0.5149872838740066 0.2984951681600328 0.5162105440971345 0.33705301307271934
0 0.4304540788112945 0.6813458634275318 0.42309092780658375 0.7203672921715766 0.2872779586271008 0.6947423638703283 0.29464153995456854 0.6557214902958374
43 0.4915705351680799 0.6519164903644782 0.48777998063576433 0.6940065213641163 0.3054798659292146 0.6775888934353536 0.3092711203084946 0.6354996331840033
27 0.88203125 0.04921875 0.88359375 0.04921875 0.88359375 0.05390625 0.88203125 0.05390625