6 0.2508133562431567 0.5551846442779237 0.2884839099455121 0.5214242221087035 0.3438936956355292 0.5832457310500432 0.3062233699905619 0.6170059123727397
6 0.30273517638397607 0.6103529466003842 0.33031762221060035 0.5576713211549663 0.3827951544116104 0.5851440498151412 0.35521303876612365 0.6378253926304525
6 0.3085867063000478 0.5211640266272078 0.26607719581340916 0.5195731069546213 0.2691882524683251 0.4364591431424054 0.31169723294897267 0.4380500527013002
6 0.2938092242013681 0.5314957577556538 0.3145555243903573 0.478000628575933 0.3667511008221709 0.4982414065192849 0.34600508008770703 0.5517362976984741
6 0.6185629795031673 0.6477077952316873 0.5874218696003481 0.6026658123657075 0.644777650126116 0.5630156676011059 0.6759186835049604 0.608057361415913
6 0.6470053914779328 0.5564072090824204 0.7058663935850973 0.545668520583067 0.7179840136270741 0.6120811476044956 0.659123028479712 0.622819771968847
6 0.6673825305332457 0.5320430785274484 0.6588996166167362 0.4577530660670772 0.7061180699886336 0.4523618534344095 0.714601214560048 0.5266515937992355
6 0.6803583708110637 0.5389379653307954 0.6273537887574321 0.5561299793716649 0.60930139517518 0.5004768152435419 0.6623055156250075 0.4832848828125004
6 0.6354099549198509 0.5728869596470382 0.5953590457284008 0.5820983362124462 0.5787614524480205 0.5099380621111465 0.6188118812500534 0.5007267437500001
27 0.588401696875 0.3931686046875 0.6205799140625 0.3931686046875 0.6205799140625 0.5094476734375 0.588401696875 0.5094476734375
55 0.2822777946861379 0.5208402021599015 0.336887397503574 0.5364410807376975 0.28605588083473776 0.7143526176494114 0.23144638671533357 0.698752012501371
41 0.727221590908357 0.7375299967028882 0.6676026131036679 0.7440258683294743 0.6472098789598704 0.5568773555603332 0.7068266479866452 0.550381605894403
39 0.6720546445043283 0.32774046502664195 0.7221131614970773 0.3157209475651245 0.761997738785567 0.48182337432399425 0.711939267361231 0.4938427627793016
43 0.3072656676246197 0.5230664473365035 0.2643443732860078 0.5203426505039153 0.27649323074695076 0.32892518966970774 0.31941339070488084 0.3316489489316205
38 0.6592829107555644 0.32352072608079246 0.7054167435878753 0.322631786840131 0.7094280538498197 0.5307985234687982 0.6632942214814648 0.5316874503956054
27 0.9453125 0.8984375 0.9546875 0.8984375 0.9546875 0.9125 0.9453125 0.9125