57 0.4343987332515553 0.27537123878542435 0.41526850185834974 0.32946804194521384 0.3073236525339098 0.29129612931937315 0.3264540118199193 0.23719959038232302
6 0.3773871149967363 0.29874811068021356 0.4156411678710583 0.3156111674311792 0.3929578551387749 0.3670668134297088 0.354703831250049 0.35020380468749407
6 0.40149464271235047 0.6532658604238604 0.36107362039638247 0.6724675730040683 0.33653851863664386 0.620825306964776 0.37695915946108016 0.6016237009272652
6 0.3512195109375398 0.6633831531249977 0.38230945130771943 0.6355546287982331 0.4266423866001787 0.685076534647969 0.39555262540352487 0.7129048693364725
6 0.41612544636620896 0.3364645342319208 0.47077622585811696 0.34495811971864354 0.4636940252620434 0.3905257363986472 0.4090432504273167 0.38203217257487565
27 0.23866150112792184 0.6732464761662315 0.2339503105440599 0.6342641115887844 0.3492954582746961 0.6203256546435134 0.3540070290770245 0.6593075647470691
41 0.2684482549486802 0.7117723949100685 0.264187927146736 0.6651588502713225 0.41597083259284773 0.6512876468543976 0.4202318227841033 0.6979004448286548
55 0.4121530224348362 0.3079541198236999 0.4112151687373853 0.357229309691625 0.25705685614786944 0.35429451977323845 0.2579950839879075 0.30501971053817817
0 0.4444193255644677 0.3009438115153823 0.45176809252416206 0.25973695410106495 0.599764105010081 0.28612935249916144 0.5924156539329033 0.32733592895106356
43 0.42035506942943357 0.3441089866412112 0.41989223539246723 0.30205582229127004 0.5975109360023225 0.3001006714489264 0.5979741344366403 0.3421534468593059
39 0.5840463124513917 0.6664437288205275 0.5989590155445512 0.7110524404936506 0.4750430815231539 0.7524700379015938 0.4601311155113308 0.7078619501833379
38 0.5900319582493694 0.6577985508337655 0.5914714354928492 0.7003413890189274 0.42614699705313797 0.7059326096863907 0.4247082727140423 0.6633904965764837
27 0.0671875 0.94609375 0.0734375 0.94609375 0.0734375 0.96015625 0.0671875 0.96015625