27 0.32263342188775823 0.3811407134873744 0.3526398770019341 0.38273040704930456 0.3452991954694653 0.5212824421615869 0.3152927417054343 0.5196927636106343
27 0.35054338506211025 0.642508693169466 0.3939856671826192 0.6508029005155217 0.375602628656452 0.7470731855343541 0.3321603717046173 0.738779064817721
6 0.2851066791054109 0.5910168885841097 0.3185526818803055 0.5618473301095227 0.37469769965298383 0.6262165579952275 0.3412519111000165 0.6553858871040423
6 0.33161400642563876 0.5821625281178809 0.34310167161731897 0.5159105452393508 0.39043447895812733 0.5241170682694338 0.3789471182053603 0.5903687799893824
6 0.4371604394533506 0.6 0.4035325346605987 0.6 0.40353273532139156 0.5344947734375002 0.43716025710432405 0.5344947734375002
6 0.6348213017121225 0.5361649579739624 0.6858163020109487 0.5326143811538055 0.6927094941589758 0.6316078360362685 0.641714497287353 0.6351583817584451
6 0.6487961744720678 0.4521866620589772 0.6882337653131572 0.4617975288998056 0.6670451172662979 0.5487373491775347 0.6276075501208425 0.5391265481019616
6 0.6764825400520067 0.4550621737817283 0.7129441894794581 0.4558348409944259 0.7113713528444805 0.5300506048149375 0.674909703563003 0.5292779419341637
57 0.22626224146324603 0.5655179982469134 0.28193672219379096 0.5396312962777123 0.33587475592912597 0.655623452662994 0.28020047014717875 0.6815098463691119
55 0.31577783412399185 0.5573896584277511 0.37064867748199504 0.5698522245209927 0.3347250804436044 0.7279994036258304 0.2798543019802082 0.7155370356963545
41 0.7127925840790112 0.679513468767647 0.6615215625989777 0.691473735855643 0.6261914905288677 0.5400359860458067 0.6774611376382609 0.5280758822817634
40 0.7297990424150385 0.6554572819000959 0.685034643440531 0.6567598105914216 0.6812034336178385 0.5250849149362075 0.725966794135843 0.5237824011560478
39 0.6795437828091053 0.37316992568292445 0.7164640811574827 0.3745541560072877 0.7104904591832337 0.5338738578096031 0.6735701615757534 0.5324896427091385
38 0.6632210378585341 0.36547024508220927 0.703976354352335 0.37365602127181025 0.6687796929459182 0.5488823727595468 0.628024406304803 0.5406967002405098
0 0.3213313510328817 0.4027872858501183 0.32133159201021044 0.5540070311394566 0.2822689536183134 0.5540068335256315 0.2822691446100407 0.4027875229612969
43 0.32604800687170155 0.3803380397148101 0.35570410748039194 0.3827925657737978 0.34435470511209587 0.5199106753040236 0.3146986074676761 0.5174561721049886
27 0.9375 0.92265625 0.95 0.92265625 0.95 0.93828125 0.9375 0.93828125