40 0.6646324735463622 0.252496397532885 0.666128268898774 0.29772254787167923 0.5409842957398041 0.3018609387580208 0.539488745262247 0.2566350218565549
41 0.7154169843936415 0.2696959981077367 0.7261699457254736 0.314419510386331 0.5945682267436041 0.3460592276489705 0.5838155893053454 0.3013359907240769
6 0.6876689835752359 0.37001154874902237 0.6909612968170222 0.40045870891764945 0.6417730871044114 0.40577714225742023 0.638480870757121 0.37533007003119656
6 0.6518895175569241 0.4253889715392293 0.65188955149506 0.40240447427629794 0.6998546188444834 0.40240453612550775 0.6998546544784858 0.42538896277338123
6 0.6239184309902157 0.6064864697370407 0.6711255000016081 0.6250163592753398 0.651552932005302 0.674873536603351 0.6043459145677161 0.6563437435388494
6 0.5524124806447617 0.6388394207841661 0.5531671483099672 0.6093790016993691 0.6108952395694587 0.6108574966486349 0.610140737633742 0.6403177550349568
57 0.5494185086979542 0.7468175339663539 0.5494189961920029 0.6976660085654965 0.6838661048925587 0.6976667468654635 0.6838663452798528 0.746817542831851
55 0.5741810438546509 0.6938546819677428 0.5844972010075935 0.648994319978432 0.7197372825265802 0.6800895242622073 0.709421878785065 0.7249492297428807
0 0.36273529853497166 0.7308037914980079 0.3622453219905992 0.6928324906121636 0.48947699997108884 0.6911904041629457 0.48996749329205613 0.729161179271433
43 0.5685303756514486 0.6779429137728825 0.5648292537590578 0.715099336900858 0.4219726950406084 0.7008703042820729 0.4256743115132622 0.6637144431629416
39 0.41615640231214 0.33821262650193273 0.4009438761513593 0.291940786570761 0.5153242369322015 0.2543374883544344 0.530536894624106 0.3006090735586789
38 0.5763658362005799 0.28829798677564483 0.5824199001143597 0.32562367239587275 0.45384199932107094 0.3464772890729696 0.44778819961300087 0.3091518387850998
27 0.9 0.04453125 0.915625 0.04453125 0.915625 0.05703125 0.9 0.05703125