6 0.6667670149956848 0.45473517447706374 0.7046347949504934 0.4531971213282404 0.7079548744586646 0.5349335369146794 0.6700870950885474 0.5364715805117997
6 0.6389292985151087 0.5630769143695459 0.6873446189445076 0.5512785924862248 0.7047144521609425 0.6225497722547382 0.656299159369155 0.6343480163769705
6 0.6420067624728745 0.5797597226745299 0.6724363777183271 0.6289972258586366 0.6178668468750175 0.6627177687500307 0.5874375688972577 0.6134805601497274
6 0.34556681149410906 0.46916818128294924 0.3948269641674642 0.47397000602412587 0.38768362980783877 0.5472451979490718 0.3384234810475846 0.5424434007192225
43 0.34246424949321863 0.5221441932094255 0.3024336186454093 0.5174943315511997 0.3248591635114053 0.32445040620409604 0.3648887724929182 0.3291002067841536
0 0.32008875556846306 0.4571106121838271 0.27931374712284196 0.4537982796212623 0.29457988580293204 0.2658847058873815 0.33535402736083597 0.2691970024136248
57 0.2694085758980691 0.5210217179591617 0.32688835487840606 0.5467018113573323 0.27837590280375935 0.6552758719612557 0.22089628696016916 0.6295960522381088
55 0.3098815933726655 0.5294508559207665 0.3611721688941998 0.5402990115826306 0.3286858562977386 0.6938791389224068 0.2773953276399652 0.6830311410228338
40 0.7567154230879396 0.6837082543054428 0.7116668656168486 0.6925891706204131 0.6846748432790264 0.555685463772442 0.7297222490634567 0.5468046642075616
41 0.7190492530670554 0.7103686112661538 0.6698281287150394 0.7195372469613074 0.6402187565154236 0.5605981002483488 0.689438395330285 0.5514296055902266
38 0.6523892612192412 0.34386962941473415 0.6912326628707888 0.34006414302133264 0.7102198863595959 0.5338603667022348 0.6713764922851624 0.5376658031361521
39 0.6677598023310338 0.3192404887885652 0.7080115696559233 0.3111826778165252 0.7395589762242025 0.46876691559483247 0.6993072320291276 0.47682464822124043
27 0.95859375 0.9 0.96328125 0.9 0.96328125 0.909375 0.95859375 0.909375