6 0.3244233049798595 0.47500101309326626 0.2771785875321484 0.468720873730525 0.28906423931960035 0.3793140733872752 0.3363083871257686 0.3855941734138098
6 0.3174090607438984 0.4949362689410547 0.33236786017880604 0.4183833234426343 0.3823069415914233 0.4281411426360703 0.367348458599281 0.5046938061679794
6 0.3875791554797843 0.5778485916434901 0.3522418468750175 0.6209059234375228 0.29416106225630756 0.5732432365593576 0.3294982116609617 0.53018618427072
6 0.6389267036603314 0.6125436337408305 0.600682580959301 0.570790802284786 0.6577340140380556 0.5185387794772142 0.695977923443138 0.5602913425024977
6 0.6824049337535598 0.576306668581737 0.6476349415066807 0.5373921837800689 0.7096159197643601 0.4820170540145122 0.7443857244971923 0.5209312858745764
6 0.6867139399608959 0.4843595942852796 0.6402720449277695 0.4919048657923271 0.6274104281935706 0.4127437861889441 0.6738518180502524 0.40519855685140893
27 0.7353671802658255 0.6522910937965848 0.6896194267478677 0.6564110900710276 0.6793819090875104 0.5427414937341548 0.7251286750336021 0.5386215434579604
43 0.3246828092439955 0.4751621737227342 0.27779269921006744 0.46953645383010906 0.2988531070287763 0.29401229913932897 0.34574223351580713 0.2996379584864702
0 0.28754571827835207 0.41559426676411887 0.2430052152153621 0.40525632843723663 0.2762751353209296 0.26192189647125713 0.32081497644912815 0.2722597538641892
57 0.27664590258473254 0.6059097020936602 0.21685024863108993 0.6146527909175517 0.19737629283235947 0.48147506173883053 0.2571706525003492 0.4727320682420743
55 0.2729549156304074 0.4937196004714949 0.3266603583849701 0.5011169447189046 0.303105202672441 0.6721130757797602 0.24939978127360973 0.6647158443764388
40 0.7772608317550294 0.6045087145630943 0.7135256825740726 0.5996884576029725 0.7234558310270813 0.4684111524348355 0.7871896160332881 0.4732313576014175
41 0.7355590819319104 0.6529631081340848 0.6790950599591952 0.658104153594591 0.6639836139457884 0.4921419443629149 0.7204460076936812 0.4870009733675643
39 0.6937091209343862 0.28598514427381955 0.7372375961135731 0.2777723693347968 0.7640742695008385 0.42000441558235296 0.7205458129075168 0.428217126672399
38 0.6601549117292507 0.2761048855151655 0.7055121789816212 0.2713766725431537 0.7252848362080613 0.46104661286546944 0.6799275771602424 0.4657747742412317
27 0.9453125 0.90234375 0.9515625 0.90234375 0.9515625 0.91015625 0.9453125 0.91015625