6 0.35146517622717965 0.5392748973785192 0.40110594037048486 0.547339624646059 0.3883947274065349 0.6255730537280733 0.33875397721021727 0.6175083828360305
6 0.3444293474500455 0.5693379783352088 0.34128319289698084 0.5681879374235739 0.3435704871269536 0.5619312265622374 0.3467166384127722 0.5630812668161715
6 0.3330538118933646 0.4404705475586798 0.3788388822562183 0.4451685568273322 0.36957578776286937 0.5354369085011766 0.32379072201069903 0.5307389310934725
57 0.26891849405183166 0.4749593732513177 0.3172778915593426 0.4856480114240106 0.2869653472267828 0.6227812709202921 0.23860598941143962 0.6120927580008408
55 0.31012566527726904 0.5041493643385638 0.3557154340779789 0.5109540732001616 0.3285350074268081 0.6930373475640482 0.2829452627953515 0.6862327519657965
0 0.318356658389348 0.3918560475278196 0.2811946533580567 0.3942711504622234 0.27067398763449546 0.23238687461687393 0.3078354045198921 0.22997179121365227
43 0.3298293667863845 0.5012711914625477 0.28710800847238716 0.49869315591130337 0.29906311858121626 0.30060326020386047 0.3417833710417426 0.30318126082612906
38 0.6621935531915142 0.31521911403304886 0.7033625167778155 0.31394508221104056 0.7090044977271646 0.4962511892195897 0.6678355348724381 0.4975252064829946
40 0.7552350789640059 0.6089817096660226 0.7042903405339302 0.6165686185794375 0.6836181959205305 0.47776783411296625 0.7345617734844154 0.4701810129096752
41 0.7144491514247875 0.673039291902067 0.6647125253509785 0.6799450961745069 0.6403956177903183 0.5048242484491079 0.6901307010215305 0.4979185522328365
27 0.946875 0.9265625 0.9546875 0.9265625 0.9546875 0.9546875 0.946875 0.9546875