6 0.46725394253383 0.37201898690539187 0.4532913436743229 0.42294193634767246 0.3871099473842605 0.4047962999229708 0.4010726716345516 0.35387356456628194
6 0.40110070839295986 0.654699552173597 0.3786902790645854 0.5985120489103618 0.4437908880233863 0.5725494875231475 0.4662014616170609 0.6287366308692195
6 0.571744433099866 0.5896224240845839 0.5798469844223746 0.6394837503413446 0.49421982020578525 0.65339598157625 0.48611772674939857 0.6035350586459285
57 0.4047831792047418 0.32130584961424574 0.39727871466141096 0.2549843849475106 0.5059432508300006 0.24268890521957787 0.5134479864095738 0.30901005107717655
55 0.4973135170939713 0.31890882693248684 0.49114358178417206 0.3736385343734395 0.31512080591926406 0.35379449591819084 0.3212911677468355 0.29906530709958873
43 0.5157078130265518 0.35629392689161904 0.5139372042183368 0.30825385143520345 0.7206497032863126 0.30063465435800285 0.7224207899645307 0.34867421503011137
0 0.5704137546390484 0.31534168309322286 0.5761752908803146 0.26954190520568605 0.7337368772070931 0.28936201030938274 0.7279757121781358 0.3351614486045058
39 0.7659584666372439 0.6555598688740091 0.7709850826399816 0.7071086217358242 0.6019916908022651 0.723582919353781 0.5969660679512572 0.6720350750617485
38 0.7141122137691127 0.6270219215872244 0.7185286514911695 0.6768413577997051 0.5158274092932515 0.6948052203130536 0.5114120670457396 0.6449867853447908
41 0.3303583044953484 0.7124182226363069 0.31928453806312973 0.6533517497668486 0.49121447558923137 0.6211215895289514 0.5022890452015645 0.6801870222742965
40 0.5150324194680707 0.6926210539423823 0.5102604035930653 0.764090524681541 0.40717518017447674 0.7572074917787728 0.4119479492409255 0.685738821070338
27 0.08984375 0.95625 0.10546875 0.95625 0.10546875 0.9625 0.08984375 0.9625