6 0.4014112952005462 0.6356975019626403 0.3923264017597603 0.6348119531019524 0.39500545057580894 0.6073309667790768 0.4040902968596356 0.6082165133249992
6 0.31681875243486957 0.5592830027193817 0.36876105037504203 0.5719408716207844 0.3517307488539245 0.6418181820900279 0.2997884804099158 0.6291603960836665
6 0.3985356660131174 0.6597223316389143 0.35212926834560676 0.6546962764814599 0.359389685983615 0.5876702848201054 0.40579550433642453 0.5926963086850766
6 0.5943365026492984 0.5829072380797845 0.5617979167137719 0.5821142975576008 0.563504171401064 0.5121119819851773 0.5960423715287106 0.5129049177559357
6 0.6099940552705903 0.5027645108662995 0.657097614516033 0.49511193956194455 0.6685089251825502 0.5653456176901897 0.6214053765801282 0.5729981445111301
6 0.6266402485302933 0.5821011933129646 0.6769295736689855 0.5759737424338592 0.686435569369678 0.6539828434838425 0.6361462526381274 0.6601102492402656
6 0.5805830387251945 0.6045628987086964 0.6296614287430202 0.590609918858201 0.6475837739491226 0.6536429303820742 0.5985054189202401 0.6675958231437531
27 0.5665760820733112 0.514285788999448 0.5745226742268414 0.4045515484092557 0.6033947284659007 0.4066422771470452 0.5954483687499987 0.5163763062500519
27 0.6546561603262262 0.5042159708061499 0.6181323650923787 0.5030465057619246 0.6221325281893542 0.3781313782128436 0.6586557431097617 0.3793008343088589
57 0.26750372588162463 0.5654885362987326 0.3144704674998593 0.5673264379452393 0.3089933715764346 0.7072748223612076 0.262026631392132 0.7054369455670021
55 0.31342744735582073 0.5602601893326129 0.3646142221566606 0.5668553349219375 0.3437343213516897 0.7288909158275476 0.29254756719797115 0.722295875050278
43 0.33840758672806714 0.5392293765586817 0.2981391178503827 0.5348133384128889 0.3180490092298669 0.35327902862441063 0.3583164221294055 0.35769500598883003
0 0.30515453319299013 0.49794984915493745 0.26686806372197225 0.4924019718958702 0.28874034423120065 0.3414711510047772 0.32702607462385913 0.3470189736407111
38 0.6416889940717283 0.3781186271111147 0.681266019189593 0.37319356966424216 0.7029764858689305 0.5476451029374281 0.6633994727883419 0.5525700986889003
40 0.7406860670116657 0.6987000299972589 0.67800193863809 0.698154484712478 0.6789281714047775 0.5918134990926497 0.7416109762583574 0.5923590385792749
41 0.686510724091022 0.7456027076909494 0.637075832357823 0.7477929899720461 0.629574290348728 0.5784864086246994 0.6790075502366335 0.576296161731205
27 0.95234375 0.884375 0.95859375 0.884375 0.95859375 0.9 0.95234375 0.9