6 0.4832850147723775 0.6942090390625 0.40116271036515627 0.6942090390625 0.4011629171883442 0.670550846875 0.48328481829901193 0.670550846875
6 0.514797417890918 0.37088401905944823 0.5188302992735316 0.34835641420497127 0.5944531007858131 0.3618937330256266 0.5904203287758492 0.38442124107627873
6 0.5854734395894639 0.3407203343753284 0.5842525453955432 0.3349770339810234 0.5990698004798105 0.3318273306931481 0.6002906978829969 0.3375706266170821
6 0.4498963232878168 0.4288779833711067 0.3849801441657519 0.3937196052250024 0.4499822037614649 0.27370600313124477 0.5148975997022944 0.30886411784349455
6 0.5668604680193994 0.43079084510570953 0.5661524551138655 0.465042716893853 0.4814587334648195 0.46329172929591755 0.4821669398957056 0.4290400514652064
6 0.48626404472963713 0.589704126381791 0.4984071638439218 0.6412436952191661 0.4313714370254047 0.6570355786319392 0.4192287075286458 0.6054963478564235
6 0.47849114659550196 0.5680092637095341 0.5658298827414683 0.53112601184586 0.625790012699099 0.6730950802826691 0.538451603060139 0.7099777893905241
27 0.5654069765624854 0.46221751406250855 0.5625645829760515 0.4326868290946454 0.7062580817448634 0.41885603078220135 0.7091007322602536 0.4483864409780617
27 0.3989825618297118 0.373587398472257 0.3986428920596836 0.39736551606022136 0.31304067434098215 0.39614240666945605 0.3133804617558553 0.3723644055937602
57 0.5450031014991055 0.2605420934479448 0.5352332909800452 0.3110988388346991 0.3887162438984433 0.28278527151973676 0.3984862887992904 0.2322288341193428
55 0.5122722631094803 0.3055191059678863 0.5009450987209902 0.35900235181781404 0.33535537175771424 0.32393255845045393 0.34668284716326525 0.27044975710994973
0 0.7496777512146764 0.26600810397038716 0.7451050330637372 0.31656439530292363 0.5579458939910182 0.29963566922537904 0.5625189789973319 0.2490797854625701
43 0.7276507017757012 0.2962630063014264 0.7259128608623087 0.3463442935454061 0.5325252309650068 0.3396326148529133 0.5342635254655761 0.28955178385915126
41 0.3239294688976315 0.7024998885438198 0.32146603560318 0.6467207296967182 0.4982745044735566 0.6389118182412149 0.5007389017008563 0.6946899835319651
39 0.5369563905826453 0.7225480005229622 0.537282049177179 0.6891325873667283 0.7306356097444677 0.6910149644542913 0.7303106534996004 0.7244296836172438
38 0.5223521901515369 0.6926397781500361 0.5214131947448095 0.6500948206048155 0.6985507041358687 0.6461851049111254 0.6994904489705505 0.6887292725197183
27 0.0546875 0.95625 0.0625 0.95625 0.0625 0.9640625 0.0546875 0.9640625