6 0.4536585141829619 0.30672548278920214 0.45365862245796507 0.3586956878759652 0.3700348266885385 0.35869562663186877 0.37003493921088193 0.3067256480674029
6 0.3868135196262301 0.3358451910310676 0.4377910629153803 0.36572494939318184 0.4027211791519676 0.42555461415686086 0.3517437271941617 0.3956749767593217
6 0.42626252086984096 0.5980901376382911 0.4455870770492538 0.6557491761521547 0.3778253234388558 0.6784564613311578 0.3585012400205869 0.6207978254501482
39 0.6736949435239694 0.6621736305267778 0.6901113169841437 0.7115605233793943 0.5435845128181427 0.7602571809541337 0.5271691032944545 0.7108711022313972
38 0.6597703237806627 0.6536611394371677 0.6641858194558381 0.6985086736100645 0.47360902698665086 0.7172667224518737 0.4691944991410537 0.6724200705431379
40 0.47638966955662454 0.7176951318005682 0.4689888735176737 0.786705042851705 0.3566595390294651 0.774659483713722 0.3640611098339832 0.7056504573793642
41 0.28986905736246626 0.7209746311057497 0.28737294863231 0.6646368940078163 0.4678668485697699 0.6566396716088877 0.4703639771679491 0.7129763499074407
43 0.4561111236035913 0.35376283001852543 0.45707708182510487 0.31018234896730923 0.6528973032617387 0.31452204855253235 0.6519317916855698 0.35810207210116834
0 0.4872137857175858 0.3091417362487812 0.49413284263312107 0.26514048235060383 0.6510107642708363 0.28980812737474715 0.6440920681155831 0.33380905224403545
57 0.4524669695464354 0.23921328338564127 0.45728260316786873 0.3083656909591061 0.34140800802924787 0.3164343013599403 0.3365927364594654 0.24728223393838308
55 0.2679212227900507 0.3548793314900489 0.26962921730148537 0.30233029614180923 0.4541032346887732 0.3083252193483248 0.452395742355975 0.3608737875166953
27 0.075 0.965625 0.090625 0.965625 0.090625 0.978125 0.075 0.978125