40 0.7211662035388144 0.5013209573042459 0.792617996132094 0.5206679821451048 0.7649790962303769 0.6227333200016145 0.6935273678654994 0.6033864705902223
6 0.6497931035075908 0.5351803040171347 0.7020297766141539 0.5206321071609284 0.718926465986101 0.5812957786742653 0.6666898239259353 0.595843897975959
6 0.7038044615025001 0.5101045296875 0.6620242777796648 0.5101045296875 0.6620245204989033 0.43902439062499987 0.703804263333268 0.43902439062499987
6 0.45074735787272857 0.6278745640625 0.41847817104178375 0.6278745640625 0.4184783575745996 0.5700348437499999 0.45074720592185713 0.5700348437499999
6 0.41844838700114906 0.6242568178223419 0.38384174434088436 0.6194378009278468 0.3913888649256023 0.5652472678787638 0.4259951727656244 0.5700662612635402
6 0.4023992166237349 0.5655237164289595 0.38417119531254684 0.6195121953124653 0.3272126539583269 0.6002830941582795 0.34544082071943194 0.5462948997316829
6 0.2752887041477834 0.5738438606278791 0.2986241169019195 0.5224687923868137 0.3573480694558384 0.5491397127551492 0.33401298897570086 0.6005144990778369
57 0.23777136851754221 0.6564461623775052 0.23777182078401893 0.506620032049845 0.2914401828448945 0.5066204011399814 0.2914404407007396 0.6564458246950208
55 0.29343173002735057 0.5240017831927419 0.34908063966145164 0.5315456376594203 0.3251746209399471 0.7078745652097582 0.2695257352771705 0.7003308360098157
41 0.7183792821520001 0.7012199838298697 0.6686305131557901 0.7042507968145724 0.6577131198091593 0.5250561936950742 0.7074602695332715 0.5220254292727946
38 0.6574710439816727 0.33568284302203444 0.7004083298231762 0.3345201856772856 0.7052019449429281 0.5115410375200193 0.6622646597630819 0.5127036815600724
43 0.33763598786015336 0.5205574921875 0.2941574463480947 0.5205574921875 0.29415808590943016 0.3428571421874999 0.3376356081996619 0.3428571421874999
27 0.934375 0.92421875 0.9390625 0.92421875 0.9390625 0.93828125 0.934375 0.93828125