6 0.5324042112582674 0.36548885728538516 0.5289888213034146 0.39667017389324155 0.44726559884827566 0.387718833582431 0.45068111783177756 0.356537659918649
6 0.5269033061915707 0.38823031544312026 0.5260046570863324 0.42141865935715683 0.44260755397726825 0.41916027562575586 0.4435063685042451 0.38597209980956504
6 0.46325546297941855 0.2790247451762925 0.4615436509147912 0.3293647611681691 0.37090208298388916 0.32628234829015434 0.37261409807160817 0.275942550391277
6 0.3666153418483873 0.36677295828531287 0.3776985864654989 0.31447843000552095 0.4498431854028695 0.3297680493316003 0.43876017348054575 0.38206237751198796
6 0.35499485239051864 0.39965034327714816 0.35617975266325175 0.36805276212510374 0.4246945057143421 0.37062182526663395 0.42350973697978134 0.4022192809452605
6 0.5396124604237684 0.570620571397071 0.5382656507565571 0.6051606195888352 0.44843234076324734 0.6016576226905541 0.4497794163390836 0.567117850630944
6 0.457318141253495 0.627877012648599 0.4567178863637764 0.5970869962064714 0.5374172850581544 0.5955138167207693 0.5380177666572763 0.626303599185318
6 0.4229964484860602 0.5618205219804404 0.4229965657368666 0.5913722686117691 0.349128863372016 0.591372319452127 0.3491289378825968 0.5618207678135099
6 0.429965131970107 0.588315161280013 0.429965230031371 0.619565247890884 0.36097553405932103 0.6195651821884595 0.360975633939006 0.5883152947530923
6 0.43973325382410167 0.6104606906292884 0.4448445661231517 0.6628837425190287 0.3693688624141487 0.6702413807400559 0.3642579694667347 0.617818718300558
6 0.46182899836173874 0.7071780904337569 0.39431274757748724 0.725643999161225 0.37901342731117893 0.6697118464228845 0.4465289041896767 0.6512460490659738
57 0.47261095221961114 0.2405562474430116 0.4625866545189865 0.28916600838272083 0.3317534932630224 0.26218569742638775 0.34177797175811975 0.21357618397836664
55 0.4659435598887285 0.279933303496012 0.46183241882238235 0.3314469318648894 0.2800242520733036 0.3169368990047902 0.28413577882292884 0.26542370536467313
43 0.6964193504204559 0.27952036537725705 0.6959924914847306 0.3221337629171167 0.47093462917155193 0.3198779785032023 0.47136192234961527 0.27726501342502563
38 0.47215549765030573 0.7064065749424666 0.4716197064984726 0.665698581932517 0.6985472218698305 0.6627101672167531 0.6990839633974701 0.7034171909341682
40 0.3274767886586005 0.7762761163248709 0.3185500436890152 0.7213402782150555 0.4310921416217752 0.7030555563068629 0.44001944997398823 0.7579906863844328
41 0.26936930497925005 0.7225911862428618 0.2667246269477346 0.6674544454810537 0.45923443697870425 0.6582201370587033 0.46188017807776305 0.7133557779198446