6 0.6095891324977174 0.6576844016208815 0.6081919459013534 0.6662979791829858 0.5879360468750292 0.6630127296874638 0.5893332476663318 0.6543991699021167
6 0.5838865572079612 0.628667915607363 0.5850960697873688 0.617483254768161 0.6248317925918627 0.621779732935597 0.62362232647979 0.6329643511033101
6 0.4745639496603644 0.30198019659227443 0.4745639556331298 0.2952616633395013 0.49854651136013217 0.2952616753001675 0.49854651271800776 0.3019802012215131
6 0.49284508298387664 0.3953676571541644 0.4925934111524839 0.3857981974941248 0.520861071644731 0.38505479077491406 0.5211127591180684 0.39462423436175237
6 0.5385173746228702 0.3235501196106584 0.538517482214047 0.37022633608771033 0.4622092339611754 0.3702262911362629 0.4622093147341957 0.3235502655770979
6 0.5371090676210315 0.3912979053256257 0.539657146014747 0.4262075001024359 0.46470715138741525 0.4316776448894743 0.4621592481985317 0.39676821605030316
6 0.5697204399413067 0.34081712575355916 0.6432408251606603 0.32364716281974976 0.6562250243953258 0.37924241936313374 0.5827046602370274 0.3964123281341025
57 0.5218021366185894 0.7832391009467028 0.5218026621329273 0.7266618041051777 0.6904066873775037 0.7266625212970478 0.6904072591954673 0.7832387093314901
55 0.538161838186852 0.7246257372664036 0.547647793944293 0.6704075921888225 0.7257393811142947 0.7015604349795524 0.7162546295871834 0.755777514707332
0 0.4548559487897137 0.7288662092006652 0.44090018388146746 0.7855253979118623 0.30464406861165116 0.7519682409983364 0.31860042930134114 0.695309946068277
43 0.5234186940798509 0.6904884326279841 0.5229478310579907 0.7347498372984793 0.3339398173108066 0.7327374830071036 0.3344115756806332 0.6884770023180012
39 0.3405328907991816 0.325633120747329 0.31525003026035847 0.2715651750999675 0.42334435195562037 0.22101999429950572 0.4486272748400779 0.2750876665993372
38 0.3268529756857106 0.3202113498198589 0.32818897948141057 0.2772099612654214 0.5291930159124831 0.2834538714260916 0.5278574236001532 0.32645487286411146
40 0.6663140170849147 0.23035979296980127 0.6622105322024936 0.30120571046380645 0.5370151823013884 0.2939538462636407 0.5411189990661569 0.2231082682757107
41 0.724325232832598 0.28399735681613175 0.7257651029289036 0.33487630533152796 0.5502796673474677 0.3398412589114902 0.5488402318266026 0.28896271459899214
27 0.92578125 0.03984375 0.93359375 0.03984375 0.93359375 0.05078125 0.92578125 0.05078125
6 0.5767973567320723 0.50581312584829 0.5761489750848341 0.5351321287382214 0.49556668079662813 0.5333499564416229 0.4962152453200588 0.5040311441418129