57 0.26436033799154757 0.5995891033147965 0.2514201330192236 0.5039313075173204 0.3179824355789833 0.4949279832506355 0.3309230914090904 0.590585232265213
55 0.32559284419471624 0.5030411896551498 0.37248294344726673 0.5077695450728953 0.3567748708228464 0.6635279889502536 0.30988478133281205 0.6587996991174697
41 0.6940223059117443 0.6593061997580604 0.6429256514168173 0.6627204114832734 0.6324361669638847 0.5057417387931537 0.6835314240311163 0.5023275733660817
38 0.705991435119472 0.4717196377110336 0.6625404341408512 0.47513547955460506 0.647983924096593 0.2899742208391722 0.691433962143833 0.28655841783422886
0 0.29171981213357867 0.27098655133561816 0.3319787184886991 0.2769586805444536 0.3070596867104314 0.4449350702277193 0.26680079388142985 0.4389629969870287
43 0.34185903723300726 0.4758127497169595 0.30189107060141396 0.4713172348745488 0.322902628364659 0.2845247299660288 0.36286972801860884 0.28902019538916385
6 0.3078247731019701 0.5411649056320329 0.3325534112598234 0.49606591137025013 0.38648105003721867 0.5256330172330284 0.36175267259795874 0.5707317875705582
6 0.34763821759702296 0.5656856696419325 0.3801573847263171 0.5242340151080304 0.43367373691671673 0.566214166299274 0.4011548333949122 0.6076655792001134
6 0.6292425478810628 0.5201660037886093 0.6544896788091137 0.5681557000325381 0.6019021749999638 0.5958188140624698 0.5766553262944853 0.5478293596285407
6 0.6925356937261995 0.5737046804246002 0.6423276706617571 0.5826031860313918 0.62907325530864 0.5078230313704521 0.6792806750660247 0.49892457992162137
6 0.7066623688524487 0.47246980314561493 0.6625226852888773 0.47666762336049706 0.6557996580130521 0.4059776198334581 0.699938918795965 0.40177982005244917
6 0.6698696933929114 0.487255788267833 0.6253374359589543 0.49429527064595696 0.6146882201802555 0.42693077309713395 0.6592200568690032 0.4198913248937764
6 0.3471627163296489 0.42561997182176087 0.38821283613265223 0.4296215457210285 0.3815633969445571 0.49783044483599304 0.3405132800260162 0.4938288903243072
6 0.34084427402626716 0.47585954712362 0.3009053485741333 0.46963032456535936 0.31236153486111107 0.39618435069519425 0.35230006709014106 0.4024135417161557
27 0.96171875 0.87421875 0.96796875 0.87421875 0.96796875 0.89140625 0.96171875 0.89140625