57 0.27368874589751613 0.5707799810133484 0.3245291321213699 0.581263100370053 0.30021059564012376 0.699187455972483 0.24937024505129557 0.6887044593871149
55 0.3113606771700006 0.5691706792680523 0.3597790924806077 0.5726548872328526 0.3484067219303597 0.730672135870048 0.29998831188834174 0.7271879825658406
6 0.41485209836844206 0.61579397199651 0.3937189992545882 0.665950101010633 0.33985351456033186 0.6432564958941879 0.36098670922615383 0.593100642966527
6 0.40263027429409703 0.5341297697794153 0.39812201970403294 0.586427833053384 0.35276246359626384 0.5825179187277771 0.35727090140358087 0.530220060358999
6 0.5961278615038736 0.6055749125 0.5672553382061096 0.6055749125 0.5672554979147435 0.5407665515625 0.596127689434411 0.5407665515625
6 0.6203187688614662 0.5513032449924952 0.6186154639901815 0.6011173465008545 0.5907946876423011 0.6001660860700248 0.592498110172528 0.550352107703857
6 0.6179020442854153 0.6680994355631942 0.5884445144962456 0.6701504030747555 0.5844627503807942 0.6129663087170151 0.6139199575435441 0.6109153523472871
6 0.654746528644182 0.5992254270790189 0.6689765823695097 0.6527260954309723 0.6180702791617705 0.6662641207358676 0.6038405390885373 0.6127637198634248
27 0.5957880973229521 0.5449477378824695 0.5712491033979177 0.5433411466470579 0.5789893964420116 0.4251289182885397 0.6035279797882822 0.4267354964193957
27 0.5978594452149082 0.4250489457452927 0.6209813102938142 0.4251863782919238 0.6202651819517087 0.5456608741171844 0.5971433168867861 0.5455234427841584
40 0.7733724839323486 0.691025407135395 0.7201189113652617 0.7096722590449098 0.6784623040225597 0.5907185368938673 0.7317146631314699 0.57207191871761
41 0.709731754980794 0.7281756439646649 0.6625775841122277 0.7302648853425545 0.6559991530203888 0.5817932206080222 0.7031519638683221 0.5797040088685166
39 0.6586224547070287 0.3522751594401126 0.7019460721685391 0.3470646980224458 0.7206859778798389 0.5028741348754143 0.6773623708949117 0.5080845427717557
38 0.6472979598053143 0.4184749659204645 0.684619147073704 0.4163841494112753 0.6935910499759075 0.5765218394471441 0.6562698650769789 0.5786126304014337
0 0.3305493170146292 0.5043447462924122 0.28890565508311283 0.498374985310891 0.3085029243165991 0.3616805565347506 0.35014583214160666 0.367650262272262
43 0.35525540968490077 0.5747298401266898 0.3165212870559344 0.572768411162605 0.32626071272113677 0.38046267025928887 0.36499375046184923 0.3824240716655285
27 0.9515625 0.875 0.9578125 0.875 0.9578125 0.884375 0.9515625 0.884375