40 0.6235875884832467 0.1785776806572049 0.6616174580378811 0.23559156651787316 0.5438461653556033 0.31414643321476426 0.5058166307798047 0.25713284594248964
6 0.5452751324324936 0.29612677881639493 0.5978043234471215 0.2644315232689851 0.6362369343750061 0.3281249999999898 0.5837078313614938 0.3598201427429712
6 0.6436060057058057 0.3357994251516812 0.6494773515624956 0.3824728250000553 0.6051131527223106 0.3880533126783576 0.5992419329058976 0.34138002532910794
6 0.6544620825882248 0.618210630434077 0.6376950888366082 0.6709501440423095 0.5719101015416754 0.6500379066221579 0.5886772868615253 0.5972987406979104
6 0.5181027953688044 0.5617718118090725 0.5185617881205644 0.5387107188516077 0.5848322372048642 0.5400294343316423 0.5843733750556339 0.5630904004058297
57 0.51261582968516 0.7300134906738716 0.5256077009577211 0.6849654851402407 0.6706022430314533 0.7267747338499743 0.6576112544737498 0.7718219838265014
43 0.33000360025334885 0.7237232523050314 0.32735076766664406 0.6774591344924684 0.5362140969169786 0.6654825662456376 0.5388678898863191 0.7117456630250357
38 0.5353865396226638 0.2731482134161211 0.5381232907216145 0.3255456707782896 0.35455789735942744 0.3351322186744471 0.35182161369277765 0.2827352163567441
41 0.7349698122318387 0.2602905164333666 0.7435728634769703 0.3215591493456883 0.5567545700732808 0.34778936791772835 0.5481521107383287 0.2865212583645774
27 0.6552931136779989 0.3829235938603578 0.6438059801297413 0.3357909846250186 0.755238819582928 0.3086332988182751 0.7667261503846703 0.3557656383700612
55 0.554877785398844 0.7010022022361159 0.5632566757036557 0.647912953937482 0.7408228922619173 0.6759327797419116 0.7324451273560726 0.7290210168435315
27 0.89765625 0.04296875 0.90703125 0.04296875 0.90703125 0.04765625 0.89765625 0.04765625