6 0.6069686087702166 0.4222146993609744 0.6069686814190618 0.3845108104405532 0.6682926373888449 0.38451090872277566 0.6682927068449089 0.42221465405459546
6 0.6611146849212446 0.38219281857842186 0.6111113066125426 0.4011893846863926 0.5872435248662669 0.338366098859377 0.6372465697114649 0.31936960354970273
6 0.5583978210064515 0.2927542367889345 0.6069139139621029 0.26551418360625073 0.6411149828124962 0.3264266312500161 0.5925989558572837 0.35366659404389894
6 0.4975609765625677 0.305027174999989 0.5457426453198195 0.28157250365588354 0.5719268267338293 0.3353597093423417 0.5237452016112911 0.35881431243898104
6 0.5776839470082678 0.33706842306865203 0.5837550943932683 0.38411927889819475 0.5179731856056833 0.3926068284035627 0.5119022302471876 0.34555614803731083
6 0.6110801643242212 0.6055735978694606 0.677298730343864 0.6278415532825923 0.6569149198541027 0.6884495108549225 0.5906964189557584 0.6661816949431253
6 0.5894198211805133 0.6590962477076436 0.6522352074379114 0.67377547945657 0.6392895744988891 0.7291643656363265 0.5764742168107659 0.7144852218869636
6 0.5749128552732827 0.6644020444610768 0.574913022307669 0.705502743871716 0.5038327270956415 0.7055026945874366 0.5038328647405024 0.6644023030072628
6 0.5901662262879199 0.4345671741382484 0.5904951513329024 0.4642465075148788 0.5222634154788466 0.46500242864051133 0.5219346303375687 0.4353232340540958
6 0.5972124985530627 0.46093743534305864 0.5972125997291187 0.4921875059168912 0.5212542967142326 0.4921874847619834 0.5212543673991377 0.4609375872918153
55 0.576686941373282 0.7169217444863318 0.5791068616184702 0.6659792661987194 0.7301817861015252 0.6731541460516303 0.7277627186696236 0.7240957992904257
40 0.6745554796973465 0.2584198024022686 0.6516284759510427 0.31339690469238296 0.5361402036606933 0.2652356268974325 0.5590673048706094 0.21025878728234415
41 0.7110595587981834 0.2759861076377716 0.7147373064644853 0.3315376249498293 0.5639534138789486 0.3415191438464783 0.5602760823165909 0.28596801901888763
38 0.5628401648576755 0.29326706067646363 0.5696090526463422 0.3418683400189087 0.3895207621603731 0.36694827754267784 0.38275237031268716 0.3183474580500017
43 0.5749770929104443 0.6634510999524988 0.5748242669626507 0.7053360574093515 0.4145099123586533 0.7047496149555577 0.4146634342192783 0.6628653601566165
27 0.87265625 0.03984375 0.88046875 0.03984375 0.88046875 0.04609375 0.87265625 0.04609375