6 0.577785325 0.606968640625 0.61548913125 0.606968640625 0.61548913125 0.668292684375 0.577785325 0.668292684375
6 0.617808275452262 0.6611140038922247 0.5988093948112692 0.6111116020616204 0.6616334274137898 0.587243760301906 0.6806324421265799 0.6372458460599048
6 0.7072453314287941 0.5583978190036897 0.7344885312011229 0.6069124420721488 0.6735733687499987 0.6411149828124914 0.646330525705821 0.5926006672579188
6 0.6949727389446707 0.49756079980541823 0.718429891251958 0.5457414396646617 0.6646406509444205 0.5719266369175353 0.6411837746302353 0.5237462325671941
6 0.6629317650183566 0.5776846587013673 0.6158806712159048 0.5837549196059917 0.6073932514012768 0.5179724942506906 0.6544438246064601 0.5119022676140678
6 0.3944302032163023 0.611081188308223 0.3721575488449389 0.6772984292695775 0.31154586981529064 0.6569134089485964 0.33381872835218473 0.5906965777239538
6 0.34090548750975813 0.589420022454694 0.3262229345166361 0.6522348391141364 0.2708326113365729 0.6392888746684047 0.2855153933579686 0.5764743880904907
6 0.3355979453804139 0.5749128921875 0.29449713833992064 0.5749128921875 0.2944973924115857 0.5038327515625002 0.33559770925023713 0.5038327515625002
6 0.565432786355359 0.5901662662858026 0.535753342663952 0.5904950235432036 0.5349976851102838 0.5222633869848027 0.5646767822772745 0.5219346316593348
6 0.5390625680203129 0.5972125421875 0.5078124141210765 0.5972125421875 0.5078126671144219 0.5212543546874998 0.5390624102712991 0.5212543546874998
55 0.28307801263179044 0.5766871458884502 0.33402019496134017 0.5791054187896334 0.3268475987244983 0.7301814228014362 0.27590541890106124 0.7277631860980843
40 0.7415801981086361 0.6745547369716997 0.6866016575759204 0.6516298472853223 0.7347642254349012 0.5361415202092025 0.7897416536604851 0.5590661467271584
41 0.7240138485260559 0.711059862960084 0.668461361718073 0.7147366840815518 0.6584811799970112 0.5639529499468167 0.7140320276866987 0.5602761835463862
38 0.7067331546273863 0.5628409392147413 0.6581315786337427 0.5696089258043587 0.6330522320791943 0.3895203442786488 0.6816524714253092 0.38275245539687186
43 0.3365479507983764 0.5749773682836543 0.29466343469800904 0.5748238768842632 0.2952515743913864 0.41450994196742985 0.33713505905473085 0.41466343145306017
27 0.95390625 0.87265625 0.96015625 0.87265625 0.96015625 0.88046875 0.95390625 0.88046875