6 0.28328804375 0.5052264796875 0.2927989125 0.5052264796875 0.2927989125 0.544947734375 0.28328804375 0.544947734375
57 0.30086157616892706 0.5928945363766913 0.22625840658349716 0.5976214520305699 0.21841762178200952 0.47387234910147125 0.2930192880641016 0.4691454813138487
55 0.2944972828125 0.5080139375 0.350543478125 0.5080139375 0.350543478125 0.6808362359375 0.2944972828125 0.6808362359375
6 0.29599961577707745 0.5512447798771333 0.3017503209231336 0.5509735408681159 0.3031331420161223 0.5802887591159107 0.29738243691917887 0.580559997438725
40 0.7110854116506289 0.4771775989168014 0.7489927905415925 0.4783695794851173 0.7455903577117624 0.5865649071763087 0.7076829793620618 0.5853729370510554
41 0.7217459208060291 0.6669084037958438 0.6644230612469073 0.6723082252839517 0.6479005051638751 0.4969181383043132 0.7052216203195485 0.4915183984430527
38 0.6434401366154816 0.33309073191009114 0.6845068896283237 0.3294318520003968 0.6980029176165772 0.48090240193493133 0.65693616923852 0.4845612473728439
43 0.2956557233901549 0.32534559349760217 0.3370891521306021 0.32246061645716534 0.3491445679401295 0.4955897584715349 0.3077111421223435 0.4984747038707922
6 0.38231967555771007 0.4493832828278152 0.38866940205150513 0.4497783697606245 0.38563132113552 0.4986023085732889 0.3792815947701911 0.4982072230317467
6 0.3913044916846502 0.5114982578125 0.345787897293917 0.5114982578125 0.34578813916789386 0.4355400703125002 0.3913042286144446 0.4355400703125002
27 0.9515625 0.8515625 0.9578125 0.8515625 0.9578125 0.865625 0.9515625 0.865625