40 0.71999687063078 0.48894189543349764 0.7848326200144129 0.4978952593851906 0.7699475293493379 0.6056760347922516 0.7051117960894544 0.59672275237842
41 0.7306934964306038 0.6980733426651516 0.68072664029728 0.70488709310329 0.6554058237458094 0.5192181682710548 0.7053710264789288 0.5124045294680073
6 0.6268769269044014 0.6160810831182919 0.6062173485390758 0.5604354129687451 0.661640426813392 0.5398605472574247 0.6823001313711075 0.5955059292536858
6 0.6524384731573036 0.4536517306084946 0.6929798791334179 0.4459196476755803 0.7041708373482152 0.5045928970800185 0.6636294405046783 0.5123249461804619
6 0.6651176795860465 0.525345221722189 0.6242275469548986 0.5310394188348179 0.6147978604751643 0.4633283978544251 0.6556875742634247 0.4576342305096368
6 0.6342661025081497 0.542981008717125 0.6040554519080388 0.5488094538387115 0.5913929229145651 0.4831803293981487 0.6216032609374906 0.4773519156250044
6 0.6086107290841483 0.5547022665771433 0.5759955422652183 0.5566893087983178 0.5719049917770462 0.4895496553788412 0.6045198240975651 0.4875626241169785
6 0.3812846456347643 0.5790944286801856 0.3532608652969884 0.6132404213948798 0.2988733156831813 0.5686084702100073 0.326896980060269 0.5344626831250482
6 0.3092696802534647 0.4660663331114197 0.35173508721493363 0.4698295060505967 0.3461285112821315 0.5330920271612275 0.30366310672184227 0.529328872469305
6 0.4188178005329064 0.49477335449245596 0.41881799622740346 0.5526132368901585 0.38281251058731414 0.5526132530063872 0.38281248181624505 0.49477353976261923
27 0.5969072162702105 0.49500608952883685 0.5744922009997708 0.4955142361955667 0.5718907587979629 0.3807600429750221 0.5943054487461268 0.3802518998631494
27 0.5978536413311986 0.38325223017067217 0.6215905496828782 0.38333729988621684 0.6212233208543694 0.48579935508827404 0.5974864124999613 0.4857142859374999
55 0.3170039479822435 0.5378404002872325 0.37198367894450257 0.5476565735661584 0.3409181031360049 0.7216330797834986 0.28593841581221113 0.7118170716556715
43 0.3486135326141948 0.5295423266895248 0.3064992887856306 0.5296978307199888 0.3058900254494574 0.36455206567014653 0.34800330480413777 0.3643965634416684
0 0.26101320790508 0.3043250265096935 0.29132574659683996 0.2965247628232253 0.32682057053273184 0.43445569764073877 0.296508054655078 0.44225589904430906
39 0.7230268412691885 0.43975012053102897 0.6840760654025644 0.4408668859216478 0.6794735963064795 0.28033488463546236 0.7184236676029059 0.2792181295316529
38 0.6514937644702741 0.3379610568350059 0.6921241404136254 0.33598072000698787 0.700644159903959 0.5107763628841965 0.6600137858605422 0.5127566772042262
27 0.96015625 0.90390625 0.96953125 0.90390625 0.96953125 0.91640625 0.96015625 0.91640625