6 0.31827455598556753 0.6104529942695697 0.26497876144617294 0.5926412810547392 0.28749751343320895 0.5252688108862962 0.34079271803898337 0.5430804184063125
6 0.3045776379997278 0.5955991698289378 0.33163380019766464 0.54965933585954 0.38880852531974597 0.5833288000538461 0.3617526751386322 0.6292683635841293
6 0.32486636458884277 0.5329762248805581 0.2858036757320406 0.5289680172303929 0.294798163177461 0.4413196929359831 0.33386033523925107 0.44532787352652314
6 0.3646262522571533 0.557934967948617 0.32242086063524766 0.5557696508094315 0.3263937408387392 0.4783431407073704 0.368598611453649 0.4805084443618151
6 0.36404405804887574 0.49724221490630943 0.394305048045112 0.49871710411846387 0.390996219635781 0.5666001821267745 0.3607352301892206 0.5651253010501368
6 0.4177807934432849 0.5817597014633911 0.38617979645903233 0.5780925808449938 0.3944430755935855 0.5068929558657287 0.4260436963322718 0.5105600542654493
6 0.37302573280442175 0.5764222640006031 0.4071687332153715 0.5826624970185792 0.39607035775077293 0.6433797779672089 0.36192736704049366 0.6371395805498438
6 0.398777175 0.5888501734375 0.43002717500000004 0.5888501734375 0.43002717500000004 0.6445993031249999 0.398777175 0.6445993031249999
6 0.5837831997160947 0.6574201635054976 0.5508969872638545 0.6551304708060245 0.555236051855104 0.5928204229758562 0.5881218781120197 0.5951101022623755
6 0.6227416496122942 0.648609543857677 0.5871421596598339 0.6520796039929571 0.581085633887028 0.5899506451719733 0.6166847146561167 0.5864806048936757
6 0.6558250466865729 0.55745453094223 0.6874390361684846 0.6095480486258973 0.6273777171875281 0.6459930312499713 0.5957641076918208 0.593899844039939
6 0.6488481178267875 0.5523231345809875 0.7054093385802389 0.5330263209665143 0.7272445635865097 0.5970218225265121 0.6706833983612341 0.6163185221973835
6 0.6304307249853309 0.5678666131161331 0.5958851126463287 0.5697374070957604 0.5921461219841149 0.5006971026234242 0.6266913399009582 0.49882631946538175
6 0.6586389036589253 0.4834457423499941 0.6700557836417147 0.558962037279531 0.6208289941505427 0.5664034782196207 0.6094124514401074 0.49088748684240824
6 0.6492918424065692 0.4536504482479017 0.6968112085423854 0.446788012851945 0.7102497432516657 0.5398373027614283 0.6627303873798382 0.5466996890767286
57 0.28550224198113483 0.6382660165588321 0.22168557424208757 0.6415400295577719 0.2161684989166588 0.534000656283924 0.279983952306452 0.5307266743192444
55 0.28385636840050665 0.5247521917339901 0.3337064770555571 0.529454591017913 0.3188463784446185 0.6869698455027011 0.2689962790542495 0.6822675146178664
0 0.2989054535436253 0.4690798354517116 0.24992131067938317 0.45507302761389434 0.28844088371249654 0.32037204936408464 0.33742426170499584 0.3343787419963253
43 0.3232830270046634 0.5336858651028634 0.28183498734210843 0.52631292942611 0.31194312925492795 0.3570698895477886 0.3533902082994018 0.3644427367861955
38 0.7073492735084983 0.5424362214406739 0.6596442783911698 0.5466637076685136 0.6432498125786879 0.36166707866511294 0.6909535733512939 0.35743964808783246
40 0.7141901709112517 0.5425832060387004 0.7816333376280227 0.5467352540488338 0.7746844404373405 0.659596726287157 0.7072412775604562 0.6554447211961585
41 0.6538326765650027 0.5419163411192361 0.7095406484620526 0.5328659851768903 0.7347991442572948 0.6883239101088034 0.679091204222459 0.6973741333382871
27 0.95390625 0.89765625 0.96015625 0.89765625 0.96015625 0.91171875 0.95390625 0.91171875