6 0.3274455798790541 0.5226481301176618 0.32744570191789535 0.4494773375322734 0.36684776349068215 0.44947748880123395 0.3668478563371309 0.5226480631366784
6 0.3112207768888311 0.5828129272947561 0.32480943184032185 0.5237179231892733 0.37407308919227944 0.5350448530510435 0.3604847253401431 0.5941396065937231
6 0.42477593611124576 0.5559919620159952 0.4033005115343258 0.6075789885712165 0.3510890070363075 0.5858454743089342 0.37256452094436554 0.534258696218831
6 0.5892274182454003 0.44911765460067976 0.6356752477506689 0.44628784303121843 0.6404935053276404 0.5253679796617245 0.594045677305985 0.528197774437421
6 0.6818569470418652 0.510725791866534 0.6358268754928531 0.51600460372714 0.6269497690799426 0.4386016119666318 0.6729793131779616 0.4333228311791682
6 0.6772039125920628 0.5129317203130939 0.7040677772497475 0.5613759809680688 0.64572010937502 0.5937282234374511 0.6188565573970664 0.5452842317196301
6 0.3648097828125 0.4564459921875 0.40760869531250005 0.4564459921875 0.40760869531250005 0.5344947734375001 0.3648097828125 0.5344947734375001
57 0.3207037575712093 0.6349945945534867 0.2532729642086906 0.6374471703027104 0.2493252669288495 0.5289023348113217 0.31675475400277264 0.5264497829515427
55 0.32077044303662205 0.5262190566244695 0.3691942372763606 0.5293960477656386 0.35733239764772406 0.7101752806272679 0.3089086090424189 0.7069983428942227
43 0.33213240964903434 0.31237942539804125 0.37224071008870396 0.3135614560028075 0.3660491345127639 0.5236417412380375 0.32594083466938173 0.5224597267868173
38 0.6798198214123659 0.5139018505218942 0.6328802098586266 0.5155360195659405 0.6254150403195808 0.30110264986189456 0.6723533503715089 0.29946850410252945
41 0.7076346606838797 0.6974242398359531 0.6534442877973561 0.7047847651755281 0.6287048171426477 0.5226601244769816 0.6828933734767588 0.5152997237808888
27 0.95078125 0.90234375 0.96796875 0.90234375 0.96796875 0.92265625 0.95078125 0.92265625