6 0.4904263436212659 0.33921410031552957 0.49483020448724346 0.3016872565260296 0.5731528098549461 0.31087824718208396 0.5687491094707866 0.3484049440552484
6 0.5467435365313804 0.3438957989805902 0.5433533721413824 0.38562681732032067 0.4722523292002734 0.37985066096512277 0.4756426429266867 0.3381198037835345
6 0.5292764283148017 0.3824733350916016 0.5271351132814743 0.4110283521663671 0.4594775490228358 0.40595477336717056 0.4616189711583729 0.3773998701200813
6 0.4452231315096924 0.4324555716566878 0.4477454168317081 0.40141041427279145 0.5180304659377271 0.40712042658512365 0.5155083308001167 0.4381654422402709
6 0.48510578455000086 0.31806710242856523 0.4750310684996748 0.3645711842633295 0.4057112333725854 0.34955398672189436 0.41578606804625906 0.3030500773338945
6 0.3846689906249594 0.38688858750005195 0.40679014983174966 0.33696985805952817 0.461138064330612 0.3610527823234588 0.4390171037417758 0.41097134297177906
6 0.5239610478790837 0.6044365516965394 0.5300344461618351 0.6480397216454469 0.45776178046162386 0.658104713650263 0.4516887209877041 0.6145018462799792
6 0.478982328372922 0.6923580584879505 0.4753108303833642 0.6509342793159253 0.5503227091932104 0.6442865837848146 0.5539944923075382 0.685710043876833
6 0.44416979407208146 0.6397824983977128 0.39041404292697734 0.666562518531196 0.3642963988336305 0.6141418854993038 0.4180516478803611 0.5873620141900047
57 0.5005149651676675 0.2807471156585393 0.4817272011256364 0.3298907497138327 0.36476741838043836 0.2851774162930424 0.3835552889287328 0.23603405476491832
55 0.48531387951140914 0.3171738265871961 0.47694535300433927 0.36364811917616163 0.3271698357182231 0.3366786549868297 0.3355386297212135 0.29020472969764094
43 0.49010045174622974 0.3389514719122378 0.4960783808485303 0.299880907739088 0.6733310038725904 0.32699989540462754 0.6673534753296053 0.3660700920809465
0 0.7261205085097799 0.29651356789298905 0.7246038705616229 0.33341454990278907 0.5665011870992203 0.32691586414011875 0.5680180911044772 0.29001515146428947
40 0.36611645978541674 0.7687900899275308 0.3466919672447375 0.7174887419368039 0.46536326313514564 0.6725624639133829 0.48478805564582217 0.723863091172255
41 0.3262871913894969 0.7214531946815502 0.31305021482194206 0.6725078103176869 0.4602275905621127 0.6327093279075634 0.4734650514507166 0.6816539494726411
39 0.6800559897289986 0.6515986422374015 0.6894616119585635 0.69585762441125 0.5234807787442151 0.7311235254431908 0.5140760602722594 0.6868653263576697
38 0.6429816194363411 0.6334538165062076 0.6474717727517145 0.6750433970977564 0.480156751255322 0.693103057107592 0.47566736818816935 0.6515141811715589
27 0.1078125 0.9515625 0.1203125 0.9515625 0.1203125 0.9578125 0.1078125 0.9578125