6 0.2965353424898467 0.4871080140625 0.28532607684167033 0.4871080140625 0.2853261056819747 0.4550522656249999 0.2965353195032776 0.4550522656249999
6 0.2819129683888377 0.34100192905445564 0.27008172134026154 0.3401781084692846 0.2725044757902424 0.305385340939416 0.28433568190075675 0.3062091600834224
6 0.6041833480006744 0.38655203756888595 0.6089625320227015 0.4704067998274844 0.5737902934465637 0.47241113636060383 0.5690113128276835 0.3885565674576056
6 0.6012079363288194 0.3853103212042494 0.6336859092360783 0.38606412817035984 0.631999248226407 0.4587305711466456 0.599521275448069 0.45797676770770684
6 0.6321929820031755 0.34990947553775326 0.6777419352780498 0.3525524477310098 0.6727879322629633 0.4379257897772119 0.6272389802610405 0.43528283125055806
6 0.6714799039472155 0.3170642922463528 0.7181076503057966 0.3152215700905967 0.7218906861835421 0.4109428183936989 0.6752629403069932 0.4127855306623066
6 0.6523348985263056 0.4595634498434849 0.7127177968081924 0.43013306710893173 0.7438067037803648 0.4939147191007462 0.6834239033901213 0.5233449513151092
6 0.6385870389281081 0.5595819596047509 0.5964160315578511 0.5196160216486512 0.6534900318569044 0.45939786049577463 0.6956607584785388 0.4993635514470149
6 0.59205163125 0.498257840625 0.624660325 0.498257840625 0.624660325 0.5651567953125001 0.59205163125 0.5651567953125001
6 0.3997303541977999 0.4105018370501468 0.43089886445295633 0.41122524382823744 0.4293381374168348 0.4784663892353101 0.39816962727650207 0.47774298576045404
6 0.37791951474594043 0.3878882116542459 0.4085449374485961 0.3916199619426502 0.3995924248835081 0.46508677572839835 0.36896700537124616 0.4613550433892987
6 0.37608532645322157 0.44155799859617584 0.3308367352838104 0.43840736258915514 0.3370941842629236 0.34854721951602324 0.3823422702503194 0.35169783749618694
6 0.33678733928331894 0.4086843053476048 0.29364995025866847 0.40790557555851437 0.2953314083082432 0.3147768865188696 0.33846834390487857 0.3155556121495647
6 0.260918419708446 0.4619263056159079 0.30157981925344757 0.4202677545161903 0.3616529339594763 0.4788992528291025 0.32099178336943623 0.5205575572502007
6 0.30894232964419643 0.49894367325758765 0.3502050680707498 0.4609562578910938 0.4053928629899701 0.520897914921337 0.3641303532605207 0.5588850918630061
57 0.22281621866386558 0.40203819213933367 0.2897387273255845 0.4011566185177425 0.2910155186480097 0.49807550563475883 0.22409301004950066 0.49895707343829604
55 0.2928520537733448 0.42270301434342783 0.34778600563129203 0.43406772424552087 0.31371256562692906 0.5987574820666701 0.2587786586631182 0.5873929187236192
0 0.2958570698319818 0.385739389236018 0.2584733332921587 0.37984422735012613 0.28569271816138553 0.20724228567065178 0.3230758595260568 0.2131373988888049
43 0.33519338674227583 0.409108540502437 0.28986244504244496 0.40516300078295425 0.30637562782953864 0.21545255273765604 0.3517057104155583 0.2193980536237205
38 0.660842072420337 0.22362740392096986 0.708038902004887 0.2195194674811267 0.7245142308556751 0.40880244530920584 0.6773174064819614 0.4129103438762621
40 0.7230552074013303 0.4261961166932411 0.79384284058915 0.4298278851743273 0.7883171263034683 0.5375236623724442 0.7175294946122222 0.5338919224707444
41 0.7399529209891398 0.5945603612228468 0.6849827261714836 0.6021488928616467 0.6625748232770547 0.439838070361018 0.7175436418363006 0.4322496340281893
27 0.94453125 0.85234375 0.95859375 0.85234375 0.95859375 0.87421875 0.94453125 0.87421875