6 0.5128919750929981 0.2965353210113226 0.5128919878608258 0.2853260779377568 0.5449477321934637 0.2853261040173105 0.5449477353593011 0.2965353310465096
6 0.6589980546954166 0.28191295183719023 0.6598219347192753 0.2700817203288159 0.694614685789702 0.2725044829796336 0.6937908243039601 0.28433569689366217
6 0.6134480940372669 0.6041838315247853 0.5295931084716585 0.6089620630744221 0.5275889715181847 0.5737898918927934 0.6114434287547965 0.5690116754249165
6 0.6146896790684195 0.6012078123460536 0.6139359042452952 0.633685912871177 0.5412693791804486 0.6319992469342653 0.5420233704699058 0.5995213678542458
6 0.6500906152128891 0.6321926473334525 0.6474475304191856 0.6777418930789635 0.5620738885320407 0.6727879624449956 0.5647173367273126 0.6272391013181067
6 0.682935124734172 0.6714795002667975 0.6847786200374912 0.7181076194401901 0.5890574381861597 0.721890682092531 0.5872144348546726 0.6752630336982908
6 0.540431714350575 0.6523367258421653 0.56986766328248 0.7127174032424801 0.5060904648433961 0.743804131592627 0.47665505312500045 0.6834239124999706
6 0.44041811875001713 0.6385869562500129 0.48038867797367857 0.5964201667167528 0.5406031688212352 0.6534913729589988 0.5006329541121204 0.6956578221807184
6 0.5017421216680304 0.5920515714570286 0.501742223125234 0.6246603576781654 0.4348431299946469 0.6246602840927412 0.4348432304242351 0.5920517007077462
6 0.5894981449898751 0.3997302794680666 0.5887747584636145 0.4308988661266752 0.5215335445602705 0.4293381349395981 0.5222570603016266 0.39816967982970647
6 0.6121118150399525 0.37791944916466774 0.6083797918809069 0.40854490645221403 0.5349130355085663 0.39959242021145647 0.5386451735288347 0.36896709649840187
6 0.5584418571802416 0.3760852264041161 0.561592894468049 0.33083676681111784 0.6514528118137832 0.33709419117401823 0.648302009349095 0.3823424266622836
6 0.5913156066391139 0.3367871366804757 0.5920945519696943 0.2936499215078012 0.685223119254033 0.2953314472870784 0.6844443702295848 0.3384684672645043
6 0.5380715176011108 0.2609201159556514 0.5797324435892506 0.30157943484063576 0.5211032670493978 0.36165100060167843 0.47944250781245046 0.320991846874975
6 0.5010537794640868 0.30894413663414055 0.539044044391062 0.35020455228854874 0.4791050557178096 0.40539066482866515 0.44111498281256445 0.3641304343749888
57 0.5979616407412323 0.22281610095837912 0.5988434456181722 0.28973874134465516 0.501924488264649 0.29101549505121493 0.5010429416597617 0.22409311730443557
55 0.5772972815044568 0.29285163234541345 0.5659317299299573 0.3477858294297617 0.4012418705106029 0.31371279499484006 0.41260772574059956 0.2587790487701515
0 0.6142604055698939 0.2958569569218233 0.620156064311459 0.258473390286751 0.7927577523335003 0.28569285809638534 0.7868624208529127 0.32307612751585707
43 0.590891238256404 0.33519309736546776 0.5948374268577936 0.2898623125112151 0.7845474651417135 0.3063761990450961 0.7806017329485258 0.3517065473957363
38 0.7763715843268528 0.6608399664298205 0.7804813010549196 0.708037757846491 0.5911981733943321 0.7245145079254987 0.5870894724246227 0.6773176542483607
40 0.5738039495909106 0.7230546990828324 0.5701719923501969 0.7938428503987613 0.462475448427881 0.7883170675334261 0.46610823236426313 0.7175297899902328
41 0.4054397286586209 0.7399519403762059 0.3978506275500422 0.6849812109760725 0.5601610155886192 0.6625753992825602 0.5677509212335963 0.7175451720367407
27 0.12578125 0.94453125 0.14765625 0.94453125 0.14765625 0.95859375 0.12578125 0.95859375