6 0.6359459027273715 0.6902893583709702 0.6393863629715497 0.7057143980777367 0.6134865144696278 0.7114902814030124 0.6100461045085694 0.6960652854339656
6 0.6401335880377701 0.6589361545038477 0.6444203825801651 0.6559997606549602 0.6488784840994413 0.6625072104017146 0.644591691469941 0.6654436019199682
6 0.5239338773541249 0.34431537823398617 0.5212816661514807 0.3061585898952657 0.6013560573578616 0.3005928151315819 0.6040084074744527 0.33874945607069096
6 0.5668725771896561 0.2894198533794965 0.5477166193114726 0.3259768389794459 0.47601678304090456 0.28840676702064233 0.4951727518835014 0.2518499170745055
6 0.6417152318553008 0.2984440043342389 0.612277348314592 0.33062508009896513 0.5555895922844911 0.27877075567784354 0.5850273907813062 0.24658978815712396
6 0.5998365714330021 0.3186378883242717 0.6249906929594999 0.28924227816461073 0.6820052317259524 0.3380286901824106 0.6568512287935846 0.36742418869884413
6 0.6249028260988325 0.32449109742197885 0.6393929696089344 0.37554125609812844 0.5704492099887375 0.3951093603305535 0.5559593031250643 0.344059406250051
6 0.6358137438356835 0.34887544291755873 0.681655951462858 0.3397159020978165 0.6913898795493196 0.38843091568378935 0.6455476795541699 0.3975904309292775
6 0.5682107231834834 0.40502357518724225 0.5700178891315772 0.3728379430252034 0.6392968090844988 0.37672754203507436 0.6374897825545531 0.4089130433137905
6 0.6431685804556082 0.40134362427171555 0.6431686636450422 0.4314002790993399 0.5777615875505262 0.43140028856914425 0.5777616288910394 0.40134375956485996
6 0.7048440740420574 0.3914218249800126 0.7018260077516061 0.42066334213597 0.649582469052234 0.41527131369433834 0.6526006186833229 0.38602988940790933
6 0.5076937115098872 0.6912614284884935 0.5129681510907176 0.6515213710060279 0.5908107573371808 0.6618513113201617 0.5855366736897167 0.701591048003106
6 0.6049268620265593 0.6179280215865949 0.601150916155234 0.6625474202459323 0.5365187703641823 0.6570782749949955 0.5402949703386639 0.6124591599572198
6 0.6206395898938126 0.6219943421874999 0.5646802049009239 0.6219943421874999 0.5646804328449662 0.5873408765625 0.6206394609253039 0.5873408765625
6 0.6345810255646711 0.561886085644197 0.6332654655049055 0.5970344333407254 0.5685686185984196 0.5946129302444126 0.5698843710213168 0.5594647853908687
6 0.6389939387418053 0.5880624056204222 0.6870004904178586 0.6098240948921257 0.6627145677477984 0.6633927184295678 0.614708089607916 0.6416311507562773
6 0.6220228292622778 0.7071857069562001 0.5883967209749699 0.6744163667760549 0.6400660121792043 0.6214034629286841 0.6736918609374243 0.654172559375019
27 0.6642441859374912 0.6474540312500396 0.671245819468254 0.6077177810710787 0.7811033325272092 0.6270720996661461 0.7741021842496139 0.666807924174062
27 0.44222215641377716 0.3704304522287767 0.44497144048261816 0.3342728639475722 0.5725164240009235 0.3439703774643078 0.5697674097434628 0.38012770461708123
57 0.6475904284964145 0.6731431930779611 0.6702769917227442 0.7451886559216946 0.5782211631659493 0.7741708349219988 0.5555355007412572 0.7021261401233295
55 0.5911033656938116 0.6838595177371124 0.5990672260376186 0.6320415395626144 0.75307232004252 0.65570690532428 0.7451093863127198 0.7075240430699994
0 0.5396721081752958 0.6936028820803295 0.530058503081591 0.7324339581703257 0.4007767083859335 0.7004306820438481 0.4103906762564975 0.6616001557944348
43 0.591074325747968 0.6626031000967434 0.5844463652051672 0.7031649610531939 0.41523207698026 0.6755171118627321 0.42186059727464453 0.6349559788422352
38 0.41400566337551936 0.3545710085510653 0.41074125972454567 0.3158773014922315 0.6015310238376514 0.29978083414564727 0.6047957647683688 0.33847419026215814
39 0.41031963711134267 0.32959068178018625 0.403217152565162 0.2882317893564967 0.5571773036025434 0.26179272253752583 0.5642800202460876 0.3031513320224306
40 0.7055612739260368 0.25249613021172485 0.710517132979021 0.30147902654290987 0.5643409219608202 0.31626739189677455 0.5593853995977724 0.2672847991929051
41 0.7459558315720187 0.28579280278253616 0.7543743148537487 0.3326487778657716 0.6083192683663583 0.3588885058160971 0.5999011680573858 0.31203286470125274
27 0.875 0.0609375 0.9 0.0609375 0.9 0.0671875 0.875 0.0671875