6 0.3524886724849239 0.5023135695646274 0.39584159276842 0.5093568421456239 0.3844082462073857 0.5797254958464702 0.3410553359212827 0.5726822647505452
6 0.301288814803911 0.5896004411169489 0.33403849858621015 0.5600424442046387 0.3843118930641367 0.6157384624055886 0.351562402310833 0.6452962569183789
6 0.5968071949234854 0.6069686406249999 0.5624998693728003 0.6069686406249999 0.5625001202590738 0.522648084375 0.5968069341724913 0.522648084375
6 0.5878635364648517 0.5952854175279494 0.6365266163902561 0.5792902193515894 0.6607553886435653 0.6529944747383831 0.6120923644529057 0.6689895554775007
6 0.677851767609809 0.5666618765012249 0.6990500773868007 0.6170282663099022 0.6484375 0.6383275250000138 0.6272394871451752 0.587961385935626
6 0.624854415772802 0.5847081299948631 0.5935864427490287 0.5384968730838054 0.6886037128842872 0.4742107485711489 0.7198715932846653 0.5204215822722519
27 0.607655183613133 0.40183652303555456 0.6252442709266006 0.4002060957174086 0.6371542198359066 0.5286831824837278 0.6195651346093882 0.5303135951545415
27 0.5685598920330222 0.3692196068107795 0.5910823060532948 0.369677000357749 0.5877398045349764 0.534255297867145 0.56521739062498 0.5337979093750005
57 0.2917100939567945 0.5266358658276169 0.33803190648268355 0.5413241095784479 0.29862903366733917 0.6655745277145658 0.25230729917154804 0.6508864578223805
55 0.3268519329034234 0.5607222175186137 0.37854720397376695 0.5752992056722862 0.33419904571746883 0.7325548892895271 0.2825038690976953 0.7179781328498993
43 0.3493786410360826 0.5500459454680927 0.3103836870775467 0.5493548208033263 0.31358220245226676 0.3689357400451529 0.35257614403292337 0.36962685557197184
38 0.7042654924406406 0.546742198303966 0.659745961298313 0.5493992090319371 0.6489156751870269 0.36793347413611105 0.6934340605761236 0.36527649810110074
40 0.7517827662570653 0.5502652724366697 0.746990954880971 0.6436958531943041 0.6823184504315805 0.6403788366000694 0.6871107800731124 0.5469487992531668
41 0.7094576170583196 0.7252691978058952 0.6615839396713454 0.7337536505726246 0.6335543662645478 0.5756132241516683 0.6814265523637459 0.5671289067956216
27 0.96171875 0.9015625 0.96640625 0.9015625 0.96640625 0.91875 0.96171875 0.91875