43 0.3236570759785309 0.532997913799088 0.2867887073808788 0.5297063262913522 0.29940316688009716 0.3884293050008503 0.33627080025428313 0.39172085931452433
38 0.6582136924662336 0.39317980496608357 0.6973541322480514 0.38941710252596445 0.7109948634119974 0.5313022299616571 0.6718544295003994 0.5350648942046248
41 0.7298633667803642 0.7043475355111293 0.6806755978067258 0.7127780635191274 0.6535019156794988 0.5542500947399063 0.7026882330267199 0.5458196921682416
40 0.7019801544694246 0.5304510118856017 0.7426954540389943 0.5260352351039358 0.7570194613817876 0.6580952185730529 0.7163041703560111 0.662510942494065
55 0.30100551874113535 0.5449301599107614 0.34551787880263873 0.5499159354051387 0.3280351156388406 0.7059823450053673 0.28352276753605565 0.7009966435312928
57 0.3028334734536884 0.6185712792888546 0.2415800943637123 0.6245501290487206 0.23268577334920337 0.5334319257710868 0.29393816869583134 0.5274531245758717
6 0.3208660784988524 0.5164925783102228 0.30842128623658027 0.5250408741098119 0.2862670618225138 0.4927907648488637 0.29871180035638645 0.48424249478527154
6 0.34750598477558015 0.5711926144779558 0.3272839275396109 0.5994549317788583 0.2919145555998739 0.5741501155683592 0.3121365788538242 0.5458879052702297
6 0.34352140027669975 0.5750046915763817 0.3697012749634041 0.5601834932965576 0.3909270149187023 0.5976724094950925 0.36474718183467303 0.61249355056981
6 0.6385000047121139 0.6213623254306658 0.6123439189491364 0.6074003158631902 0.6302144518232353 0.5739259578115201 0.6563703900239943 0.587887919031782
6 0.6426918266447501 0.5182682687714717 0.6709350822007991 0.5237819421164287 0.6645317258042951 0.5565796581777392 0.6362884746574764 0.5510659999022389
6 0.6872286145504631 0.5366050433313295 0.6726613021331787 0.5279581432927822 0.7001403265835506 0.48166842927309594 0.7147075438435877 0.49031529298274934
6 0.6876576534862124 0.5988212108062222 0.6605173912904547 0.5936701098568459 0.669604037837189 0.545799768234575 0.6967440742851068 0.5509508470902702
27 0.87890625 0.89765625 0.88984375 0.89765625 0.88984375 0.92109375 0.87890625 0.92109375