43 0.4081903529823876 0.3090453153094959 0.4128079553036059 0.2704947146885007 0.5676213062924944 0.28903752851996467 0.5630040071803251 0.32758784670689867
0 0.5302704359633026 0.33261017151018635 0.5265329591892396 0.2700588059192665 0.6305125019075604 0.2638460144518055 0.6342502553433178 0.3263970873887705
38 0.552863175724724 0.6571442828165798 0.5538277112506194 0.697887740171182 0.4082419727440083 0.7013323480944891 0.4072780642156886 0.6605895032625457
39 0.5884239284284831 0.6788656219875074 0.5935591644242777 0.7186726136856187 0.45723136328399505 0.7362550038995993 0.45209677444836416 0.6964485881738939
41 0.24235286655596155 0.7091925240756717 0.240977289271882 0.6607037288728812 0.3958893617315198 0.6563087837447904 0.39726569927881883 0.7047967959804072
40 0.2617379083093283 0.7484949719842 0.2634070048721924 0.6970633474805682 0.40104072589667794 0.7015284911787186 0.39937243664962807 0.7529593361902748
55 0.38444788832953236 0.33132956093750005 0.22092978565899557 0.33132956093750005 0.22093027169535162 0.27828854374999995 0.38444758134096446 0.27828854375000006
57 0.27102431218213496 0.2873078435886494 0.26778517341085717 0.21692651223962586 0.37743752159167343 0.21188002602758602 0.3806769406794501 0.282261062125523
6 0.45905740326850264 0.3561146890494472 0.3935853163077354 0.35050819288414653 0.39713235595240803 0.3090891928568129 0.4626041704314048 0.3146956773429609
6 0.38949566259896073 0.2821136450374831 0.3817315738197067 0.3368228176471778 0.32054004548808734 0.32813887260723373 0.3283042644775378 0.2734298571602405
6 0.4742821663825225 0.6622412516539364 0.47261352902364706 0.7011081159243749 0.4061770612335067 0.6982558851764902 0.40784595375305344 0.6593892876238769
6 0.4593024146794278 0.6601838765625 0.3975290253976027 0.6601838765625 0.3975293013022565 0.6145686 0.45930214403529135 0.6145686
6 0.35973843887768453 0.6117397453125 0.3132266822534575 0.6117397453125 0.31322684084989305 0.5770862796875 0.35973830527211703 0.5770862796875
6 0.3249953903890628 0.6661572644308879 0.3118206310691676 0.6174238948805398 0.3687096588573695 0.6020461438733918 0.38188459138120834 0.650779236904454
6 0.33357546986133 0.7057992050430248 0.33357563468985063 0.6570013276803591 0.3997091945240072 0.6570015433582699 0.39970936464976603 0.7057990833747239
27 0.046875 0.81875 0.05625 0.81875 0.05625 0.825 0.046875 0.825