43 0.5273763246757426 0.6300057766342407 0.5243509066079923 0.6712254825909337 0.33907079611913105 0.6576263098141084 0.34209690185809905 0.6164073646573857
38 0.3847807911441805 0.3728365128454998 0.38577815073472266 0.3317940956993076 0.535510394573862 0.33543194912626806 0.5345133740498795 0.3764740469523132
39 0.2427018477258116 0.35500750810622644 0.24402004975570435 0.3197458190503388 0.408245848982574 0.3258841058823781 0.406927957083667 0.36114551196437766
41 0.7558615774976261 0.33748983465754584 0.7596051436108837 0.3865984281780119 0.5830627222291014 0.40005445878653345 0.5793196741868769 0.35094633640518125
40 0.6125907315274617 0.2676851687860867 0.685470078176877 0.3261027863828962 0.6342328923216201 0.39002181972542166 0.5613537575140981 0.3316044389276637
55 0.5629020897363262 0.6558767590621977 0.5702003802867921 0.6033176030515837 0.7464633961188838 0.6277898052672636 0.7391661296089751 0.6803480174793857
57 0.6131726377622044 0.7457043383747473 0.587444444364337 0.6860355708772707 0.6952707335000241 0.6395494120738873 0.7209991580708675 0.6992174305757684
27 0.6506062061431521 0.6136468016589727 0.6600275168655116 0.5727173389159532 0.7755144550211526 0.5992973876553299 0.7660936629636126 0.6402263985698485
27 0.6901193766841516 0.5743661102032777 0.6904806835501631 0.558571701215819 0.7735121712137243 0.5604707082968449 0.7731509802741812 0.57626500324334
6 0.6452801550847198 0.611161451952899 0.6430866231891059 0.6608207896013564 0.5635713230079773 0.6573084542373194 0.5657652188300517 0.6076495008353577
6 0.5957543514820145 0.6096900073390489 0.6000700917250015 0.5623252013808236 0.6802020238134219 0.5696257478152089 0.675886652938857 0.6169902100926378
6 0.6339052001161463 0.5771213644980342 0.6331571943422887 0.5478697006354762 0.6912225206955327 0.5463849748375571 0.691970668105796 0.5756364926379763
6 0.6531835954104963 0.3446932000736576 0.6605964639959439 0.3938507539816257 0.5857976703110808 0.4051295251457462 0.5783850391459282 0.3559721844689491
6 0.49635890589854625 0.42235645261678095 0.49164800299513445 0.37872659239410766 0.5691210286177011 0.3703617617276733 0.573832111094589 0.41399142102797876
6 0.5354822793573248 0.33179345204608324 0.5389668046899487 0.3730276281958857 0.4624970941109723 0.3794892927000518 0.4590127534155499 0.3382552906173367
27 0.90234375 0.19609375 0.91640625 0.19609375 0.91640625 0.20390625 0.90234375 0.20390625