6 0.5483494624596688 0.3288469208530768 0.5578588767984911 0.28977724861771353 0.6290826857706406 0.3071123121694449 0.6195734324954856 0.34618184474928115
6 0.5269081624259115 0.3774483434218065 0.5247087204309082 0.3382883481904891 0.5897581169851946 0.3346349149673366 0.5919576887223457 0.3737947712699615
6 0.5781496272855975 0.624936043939233 0.575145721699073 0.6640183985701222 0.5077841632263471 0.6588412443232579 0.5107883048337953 0.6197591482133409
6 0.5292494205126559 0.703485658650062 0.5287131841329256 0.663814316060273 0.5907272428612487 0.66297607309459 0.5912637314958147 0.702647161728608
43 0.5498871723997354 0.3371823329250658 0.552796372190528 0.2983384245774127 0.7117911599850686 0.31024557862196406 0.7088822884375077 0.3490891707991165
0 0.6408875020186997 0.30579929652241883 0.6510466090555838 0.25836851557811197 0.7415143180207906 0.2777450643986203 0.7313554350931781 0.32517564982200275
55 0.54556036087547 0.3206356126875683 0.5321182633754233 0.36857048283879956 0.38457461940322446 0.32719632270457005 0.39801693564845664 0.27926181405606565
38 0.701550389450631 0.667045191246851 0.7000024393962576 0.7081614990086063 0.5280437470389643 0.7016860649116737 0.5295924059932986 0.660570470514282
39 0.658402537129632 0.7486563901339384 0.6385432927269221 0.6962094649205023 0.7194190539773899 0.6655900823664732 0.7392785055120612 0.718036519969712
41 0.37610549462021936 0.7230792559888556 0.36294875896351186 0.6729675840359461 0.518253821321764 0.6321969792043123 0.5314110969881085 0.6823078464274506
40 0.5113405842799921 0.6952251248515114 0.5200600941464018 0.7566287676789408 0.4223363365779278 0.7705027552098112 0.41361757988124737 0.70909979270014
27 0.12265625 0.90078125 0.13671875 0.90078125 0.13671875 0.90703125 0.12265625 0.90703125