43 0.32692480386981515 0.46123840217170425 0.2805467041357588 0.46161887246033645 0.27913537711515346 0.28952449890780774 0.3255125266076675 0.2891440326197977
0 0.25751541673457723 0.23713541731199175 0.3100522357462978 0.2394602015223855 0.3038136505693956 0.38043963679238474 0.25127683259006517 0.3781148680500154
55 0.28363467098290585 0.464619729328055 0.3396432249888903 0.4654215271000061 0.3370282121491073 0.648074167001871 0.28101965822918373 0.6472723815193162
57 0.28412876826507727 0.5644721634740041 0.20952921326443175 0.5615080940145727 0.21399582639514847 0.4491170365815602 0.2885941010114266 0.4520810807541636
27 0.4226908867473185 0.42084422640470853 0.40375266238788754 0.42092234671558326 0.40323833145021126 0.29620958097778616 0.4221763014379576 0.2961314611866476
27 0.449118150267509 0.43763065845919463 0.43277163187883616 0.4382695159877388 0.4270673893087178 0.2923175654742227 0.44341365341188066 0.2916787127791196
27 0.47421994455885397 0.45365853644998916 0.4560603568405668 0.4537995870787453 0.4548964965331379 0.30394332068603297 0.473055766791731 0.30380227129916054
27 0.4783394755709196 0.3214830342735681 0.49884530498127333 0.321049072430322 0.5018138464898811 0.46131436938941733 0.48130801718639304 0.4617483275988651
6 0.40353371762773804 0.473154844078928 0.37114497857442075 0.47194215866534583 0.3733367192614878 0.41341143042532086 0.405725203587167 0.4146241110798803
6 0.40061058281250006 0.4181184671875 0.4274084125 0.4181184671875 0.4274084125 0.4857142859375 0.40061058281250006 0.4857142859375
6 0.42382096771370925 0.425198539248625 0.450024282132631 0.42284908061569965 0.4560508985726983 0.4900592913806446 0.4298475856417099 0.49240873894311044
6 0.4531886015625 0.44459930312499996 0.47523744843750004 0.44459930312499996 0.47523744843750004 0.498257840625 0.4531886015625 0.498257840625
6 0.5002263920476935 0.5112617029929631 0.47523509432130595 0.5101558713838167 0.47779370705222846 0.452339303740034 0.5027847943313191 0.453445130708266
6 0.6365566316753757 0.5026019745796358 0.6072260239554907 0.5021693589881245 0.6082745192966286 0.4310996802547067 0.637604832257125 0.43153229368019996
6 0.6347199459804642 0.5729034922916171 0.6019349254794406 0.574423240153227 0.5990119587929712 0.5113692407137236 0.6317966400032446 0.5098495006991417
6 0.676248604719035 0.49444924484720565 0.6896851654504417 0.5729274396819581 0.6391972826996835 0.581570600679851 0.6257610919328727 0.5030927324766337
6 0.732897352739883 0.5509056608708733 0.6803925868069882 0.5528714802912095 0.6777005350874106 0.48096832755271807 0.7302047066071964 0.4790025192880587
27 0.6088492166522883 0.563901299840487 0.6320040298181766 0.5623195666886383 0.6406665611343669 0.6891149286217279 0.6175117500167744 0.6906966425563282
27 0.6943139253402251 0.7002511725699803 0.6535433747552588 0.7043185005049097 0.6386743348856498 0.5552867792002287 0.6794436906250212 0.5512195124999949
38 0.6810085176434768 0.29272929190788205 0.7251534069738454 0.29208650799330166 0.7279048305001652 0.481039861099244 0.6837599414008082 0.48168263771494557
39 0.6881409647659211 0.19107800019367976 0.7349161074369022 0.18652435374422338 0.7514158161789055 0.35600629474056766 0.7046406788243758 0.3605599085840716
41 0.7420402262846437 0.6628837015569728 0.6881409640861875 0.6664610782322146 0.6758187925154289 0.4808109930084289 0.7297163785347038 0.4772336706954129
27 0.884375 0.859375 0.8921875 0.859375 0.8921875 0.875 0.884375 0.875