6 0.4953468174661566 0.7184126750658222 0.47836783224011015 0.6780296933104856 0.5533812657924955 0.646494748670272 0.5703603666338495 0.6868773887692758
6 0.4473867197243635 0.5485074521811665 0.447386816742096 0.5267977261730297 0.530313557827867 0.5267978892942482 0.5303136082095534 0.5485074678997867
6 0.4622006889496788 0.522870203577478 0.46172191121854667 0.5071325234539992 0.5272799386979159 0.5051381313170107 0.5277587946817448 0.5208757304502826
6 0.5254356719807447 0.50339213125 0.44320549818655763 0.50339213125 0.44320565447708304 0.475915875 0.5254354916453394 0.475915875
6 0.6459930056124676 0.42672991630698476 0.6459930843466282 0.45759839640719363 0.5867595590850669 0.4575983631008573 0.5867596033951941 0.4267300058114167
55 0.4829406661840494 0.7040729514722066 0.49307635298555397 0.648778117518905 0.6575693754296026 0.6789252949731227 0.6474348000456303 0.7342191374316055
57 0.5904681416089943 0.6980887247364007 0.606673947688364 0.7576527709110495 0.4860708754341658 0.7904587367325204 0.46986605420875094 0.7308955353160272
38 0.2547931347617123 0.33933120711715925 0.251955141187409 0.2901818027779725 0.46969685396800287 0.2776083268840149 0.47253532353875016 0.32675723244722876
39 0.21546179354334072 0.33646746640646535 0.20174379117509034 0.2801046318700204 0.32956112787087477 0.24899611428584145 0.3432793528646698 0.3053586168529055
41 0.6515274471463499 0.26762061850091134 0.6643225760024052 0.32237921085249516 0.497556595327751 0.3613443569896766 0.4847619801688552 0.3065862049917705
40 0.6407738355875381 0.23003559569590948 0.6329325188828534 0.28641765612224807 0.48235013476278255 0.26547518990057645 0.4901917202645336 0.20909343251275347
27 0.7639447738204126 0.42957614098282265 0.7632295731386876 0.45308750612451837 0.6250685612465077 0.44888428093979343 0.6257839718750802 0.4253731343750562