43 0.5595930397540769 0.31497165401743793 0.5590570813849354 0.3181757980721114 0.5147256627551542 0.3107606340953785 0.5152616265625056 0.30755649687504044
43 0.4447678008106095 0.33397116273544014 0.4470223939430298 0.2980155441426667 0.6171383329790388 0.30868191809570744 0.6148840583766741 0.3446372263613168
6 0.4067070938560846 0.2957992467581115 0.44265795302032984 0.29848977851744096 0.44045437016484357 0.32793317267276173 0.40450351138383667 0.32524264469163605
6 0.35319767343753483 0.36475988750001065 0.37804311051388595 0.3120289516503705 0.4259646488733324 0.3346075234939028 0.40111938437530625 0.387338312963699
27 0.37427327109060116 0.32909597404636026 0.36620906420967003 0.3678223873561415 0.26271445296958973 0.34627141860995386 0.27077881609523047 0.30754520252071255
6 0.4396802614480748 0.6917372874999997 0.39171506643515386 0.6917372874999997 0.3917152250360232 0.6564265546875 0.43968007054479585 0.6564265546875
38 0.6061037843455779 0.6431666480339532 0.6078848116524114 0.6851312854781137 0.44526654273147415 0.6920302485576241 0.4434862369474786 0.6500663009379636
41 0.294774029843893 0.7256656626961512 0.28495537762933054 0.672789486823071 0.4376978882806952 0.6444296746702538 0.44751719636474263 0.697304997959876
40 0.4418960647944914 0.719111441561423 0.4262605514331881 0.7834629977920091 0.3029043089557035 0.7534950657954306 0.3185404328609138 0.689144442334702
55 0.45305012819380863 0.2893047056548028 0.440329994704598 0.34101855796141667 0.27574478930773694 0.3005355893827596 0.28846518794728127 0.24882212826243363
57 0.4673682512485584 0.24007215190623887 0.4604499452032087 0.28990900382109336 0.32972124807827186 0.27176130423203476 0.3366397663519365 0.22192471233737426
27 0.10078125 0.91171875 0.11015625 0.91171875 0.11015625 0.91640625 0.10078125 0.91640625