43 0.3440588934498692 0.5610595052597732 0.3056065125998657 0.5591887075215524 0.31349469731117097 0.3970784240167298 0.3519461319851871 0.398949198096166
0 0.2859167705684058 0.35827780347308374 0.3204538981466385 0.3606783018458104 0.3093413255261339 0.5205515335532093 0.27480420105280245 0.518151060998508
38 0.6374057306886698 0.430464104911198 0.6757422168936955 0.42883578524149835 0.6818067257001985 0.5716058185948175 0.6434702407450459 0.5732341204212308
41 0.6814052094805447 0.7358315202821911 0.6308766218317032 0.7386899084163705 0.6218804050924973 0.5796684284760741 0.6724074133877593 0.5768100845678314
55 0.3258309481541346 0.5775791112105632 0.37445125470503626 0.5823098677391372 0.3586886701378944 0.744289352985426 0.31006837452343916 0.7395586736681407
57 0.29443538976317996 0.5511059555127754 0.3527889983301975 0.581703408908273 0.29176363392593885 0.6980734298824386 0.2334102850746831 0.6674763588785301
6 0.3854338296670221 0.5689767003259193 0.3429380983554893 0.5674452182477661 0.3448515888632073 0.5143598993979238 0.38734694740685427 0.5158913747443837
6 0.3586920759981922 0.6298609424869261 0.3722712661698324 0.5955085105540839 0.4182774996078251 0.6136921973514714 0.4046984987739961 0.6480444690512014
6 0.596534653125 0.5232558140625 0.641442715625 0.5232558140625 0.641442715625 0.5828488375 0.596534653125 0.5828488375
6 0.5812913659161723 0.6012140269780158 0.6293395584773407 0.5948388297057262 0.6367803974613935 0.6509119938509728 0.5887322116882387 0.6572871567882717
27 0.588401696875053 0.6366279062499924 0.6304332531212822 0.6293574850907263 0.648629483644072 0.7345383682724859 0.6065979480392798 0.7418087075617613
27 0.83125 0.903125 0.8421875 0.903125 0.8421875 0.9234375 0.83125 0.9234375