43 0.3149717286999021 0.4404069727385518 0.31817583323481813 0.4409428831902892 0.31076060099110236 0.4852742821892998 0.30755649687500863 0.48473837343749704
43 0.3339714593661256 0.5552320356833726 0.29801567204560797 0.5529779911366303 0.30868144747751103 0.38286172667514756 0.34463633317204767 0.38511574228082635
6 0.29579879276309384 0.5932928665964943 0.29848979853602486 0.557342044643928 0.32793335014969216 0.5595457562234998 0.3252424439033348 0.5954964847691753
6 0.3647600016136039 0.6468023803209829 0.3120274301664949 0.6219602045773697 0.33460646036667185 0.5740375359976584 0.38733859584624497 0.5988795921093675
27 0.3290959906247508 0.6257267323637917 0.36782261250334614 0.6337897613365294 0.3462714840911758 0.737285080639505 0.3075448882736964 0.7292221408761478
6 0.6917372619932394 0.5603197535197453 0.6917373362776971 0.60828490150142 0.6564265041993167 0.6082848421615235 0.6564265808387972 0.5603198460480338
38 0.6431682678480684 0.3938956959116453 0.6851321861877295 0.39211581209079815 0.6920300039181484 0.5547337718875913 0.6500660869600097 0.5565136346947057
41 0.7256669369426163 0.7052262487489876 0.6727906617919643 0.7150434314215838 0.6444290030785851 0.5623003655491158 0.6973037442089662 0.5524833282880628
40 0.7191110802814364 0.5581064761640325 0.7834632617106081 0.5737383452658509 0.7534955080395775 0.6970932583310817 0.6891433946378811 0.6814615778622833
55 0.2893051377593565 0.546950089443597 0.3410188933471545 0.5596687739074098 0.30053535441913937 0.7242540573451466 0.2488216744999363 0.7115355824300672
57 0.24007237606622311 0.532631915569747 0.28990910437562434 0.5395495810420833 0.2717612083122276 0.6702782012423919 0.2219244970398222 0.6633606191077223
27 0.91171875 0.88984375 0.91640625 0.88984375 0.91640625 0.89921875 0.91171875 0.89921875