43 0.5485772234515025 0.6904029916186422 0.5372060237596088 0.7390097644011608 0.3646654812781662 0.6986494119708375 0.3760373001564403 0.6500435645464004
0 0.44730233087796023 0.7002083124991989 0.42788824682293125 0.7500774936469407 0.323977973136266 0.7096304407379737 0.3433922976530539 0.6597618499407354
38 0.384140892868686 0.36556398509181615 0.370302377618259 0.3150810575473232 0.5192394656910437 0.2742549558791981 0.5330782159408045 0.3247375013181171
39 0.4229650382156933 0.28642143347387966 0.4229651757149213 0.32885432781252205 0.2950580770976785 0.3288542779422901 0.29505819383507514 0.2864216422702594
6 0.6814346117367904 0.3771377763508883 0.6248497228856422 0.40173768740358906 0.5997181227154442 0.3439317383760928 0.6563026724392103 0.31933191164265023
6 0.5014533429111907 0.3762376158433682 0.501453535682117 0.32355012273332884 0.581395331525755 0.3235503687823468 0.5813953630621427 0.37623763648009634
27 0.3871433110044791 0.38231873677876826 0.3847483195075938 0.3425588817966853 0.515046619943746 0.3347102763628633 0.5174418758537058 0.3744698382208893
27 0.7640625696895995 0.29997931972854935 0.7776770470281917 0.3501492816604935 0.6582361931212972 0.3825600158543547 0.6446220937507405 0.33239038125000286
6 0.5564104005568424 0.3143836284318519 0.5670312676072626 0.2930522084034098 0.6383750284206826 0.32857296097287575 0.627754258884238 0.3499042976823562
6 0.6123085856287389 0.6839089049176157 0.618364754960453 0.7119094764396201 0.567793662960753 0.722845506290478 0.5617376720264247 0.6948450904430565
6 0.5325921966336864 0.6845263191264 0.5279009014948315 0.6575328209776601 0.5665238474111902 0.6508212932960107 0.571215226732761 0.6778146836422527
6 0.6038396171862814 0.4828119535625532 0.6039786590497442 0.4785260313944661 0.6279818405918149 0.4793046612332875 0.6278428065040771 0.48359057584762233
6 0.5946209314668067 0.46406653394500147 0.5943342722821399 0.45817524291360123 0.6212632849162674 0.45686499142008086 0.6215499546577803 0.462756271320106
41 0.6901467831314676 0.2556387705574988 0.7071123200339571 0.31478722202177933 0.563784107970946 0.3558961182670823 0.5468190472543029 0.29674807102233247
40 0.6393554662205361 0.2565623866008869 0.6245976885139726 0.31289082414868064 0.4817495016341127 0.2754655092665577 0.4965074941245575 0.21913739948494337
55 0.560885639447406 0.7312465182302914 0.5649286819303825 0.6772566494752955 0.7264717329400128 0.6893512714044093 0.7224297017594381 0.743340184384197
57 0.6502423315048418 0.7130628385237822 0.6613691346210544 0.7664109429722812 0.5514496130474527 0.7893318322291477 0.5403235948514293 0.7359844137132234
27 0.9171875 0.10390625 0.9265625 0.10390625 0.9265625 0.10859375 0.9171875 0.10859375