43 0.31046689625350155 0.5726744171874999 0.2683874170731997 0.5726744171874999 0.26838793633282876 0.4062499999999999 0.31046633285211556 0.4062499999999999
0 0.22611237155354047 0.40004154338301207 0.271902137407551 0.3978137265804182 0.27779236300227694 0.518872056792802 0.23200259853979333 0.5210998546747221
38 0.7259549315050435 0.5821220937500001 0.6768032394893453 0.5821220937500001 0.6768038797748659 0.41787790625000004 0.7259543101959025 0.41787790625000004
41 0.6562844626550941 0.5888759559259737 0.714995431642933 0.5850675242274298 0.7246029357080488 0.7331588862123944 0.6658919717839353 0.7369672614859285
55 0.27792066470181 0.5741538540581954 0.33156889671465706 0.5800474577627113 0.3146853347452634 0.7337158949249991 0.26103711695418497 0.7278223819754681
57 0.26833873259954544 0.6918430257601281 0.1976547183344337 0.6869304570203739 0.20508563018483983 0.580036189495678 0.2757682019893082 0.5849487083712499
6 0.365005614182337 0.5966350757922471 0.36705310960871884 0.6210392021766826 0.3347364658616243 0.6237501591668005 0.33268904943406596 0.5993461064072239
6 0.3297240247869695 0.5705671219368202 0.3151350479148505 0.5606302146992096 0.3320135329563527 0.5358522529864468 0.34660245660359124 0.5457891351137117
6 0.3877276239229559 0.5802967608235591 0.37488713684160757 0.5539200482323664 0.39747368433586416 0.5429257280535252 0.41031418269710684 0.5693023838244831
6 0.6552160731095 0.5836184936589968 0.6398995566198664 0.5544889725990296 0.6608998034009801 0.5434479837762078 0.6762163264363608 0.5725774449917653
6 0.6155130311761923 0.6794050361042904 0.5806394932930061 0.67825479856259 0.582742462129886 0.6145106281297842 0.6176155658579319 0.6156608585478749
27 0.5922011996717629 0.6773110288949659 0.6159830265625033 0.6744186046874986 0.6283532149335542 0.7761117930753548 0.6045713940712858 0.7790041843841642
6 0.4480132679473172 0.5300322651486723 0.4602086311934954 0.5294077104469033 0.4613956828533219 0.5525846244207433 0.44920031970161745 0.5532091779285423
6 0.4697336968795298 0.5755160155655918 0.46212947642675317 0.5761001592875603 0.459705432469832 0.544547428094704 0.467309612066515 0.5439632859485393
6 0.5452761793553691 0.5650480120235623 0.5357159818923947 0.5657922051121439 0.5336309970518869 0.5390099200140518 0.5431911515664751 0.538265728603594
6 0.5279349359375 0.5581395359375 0.5374823203125 0.5581395359375 0.5374823203125 0.5792151171875 0.5279349359375 0.5792151171875
27 0.91328125 0.89296875 0.91796875 0.89296875 0.91796875 0.91328125 0.91328125 0.91328125