67 0.2821822307104185 0.37589814388385734 0.3114906687742405 0.38004703190115535 0.29792379122113744 0.4758806232214716 0.2686153584124895 0.47173176137209094
67 0.3129758694544762 0.4910980664330166 0.29592826260102356 0.492335617937446 0.2920191143957709 0.43848860197625505 0.3090665917914066 0.437251055180526
28 0.3080285705956385 0.2990328472939912 0.3144910063468842 0.2999110877579955 0.30123823213966716 0.397426743991204 0.2947757973075795 0.39654850814564757
28 0.2935357437501125 0.3854559765625051 0.28590183542473824 0.38475465346344034 0.29447402156631597 0.2914502553347097 0.3021078558102772 0.2921515749849867
28 0.3043210830571752 0.27903410741224116 0.3095000075961707 0.27973490322126887 0.2954607644377347 0.3834825261603165 0.29028184064145535 0.382781734069072
76 0.3170445572667404 0.43516723787622996 0.3378282933447281 0.4336348960392959 0.34281380044865273 0.501250835662046 0.3220300652036485 0.5027831700430399
28 0.3279754138457065 0.33513886093078277 0.33855474739539204 0.3351788006080585 0.338185499424867 0.43298210326821257 0.3276061658770004 0.43294216381926076
28 0.321727690625 0.30719054218749997 0.3276283203125 0.30719054218749997 0.3276283203125 0.4351644171875 0.321727690625 0.4351644171875
28 0.32564646096557226 0.43053583537093215 0.318462532107219 0.43089906724335847 0.3136747690455195 0.3362113145799183 0.32085861816597117 0.3358480847330413
67 0.35441357999127376 0.5239275793034593 0.33458797518960637 0.5212193794333958 0.3443177263700363 0.4499982258532511 0.3641431212220141 0.4527064111126695
28 0.36129657880883315 0.34249367846053097 0.36918231635115717 0.34298656878229555 0.3622404419184022 0.45404435573501106 0.35435470468746644 0.4535514687500005
76 0.38291369462149305 0.4816691569890872 0.39707201852149865 0.4809583900849762 0.3998510130827526 0.5363111043701738 0.38569268941489554 0.5370218682157152
76 0.44777019784021377 0.5649401373527145 0.4327427573253999 0.5621501177744934 0.44525128968120953 0.49478378726431704 0.4602785688396125 0.49757379151029973
76 0.5333524436476864 0.5596353069582988 0.5131500854652131 0.5562305786717915 0.5226370721346711 0.49994391054642584 0.5428392477156194 0.5033486230952001
76 0.5747779016726327 0.5615670113924622 0.5443797277006297 0.5667404815301312 0.5310453587869688 0.4883963770020087 0.5614431528916839 0.4832229399932827
76 0.599721382982807 0.4877827655131225 0.6016056463085988 0.5517961308212211 0.5618538037982717 0.5529659828951505 0.5599697476161509 0.48895281906801613
28 0.5560380885573295 0.48925066660757704 0.5479298675281825 0.48960309159442433 0.5399691201741916 0.3064585620676019 0.5480771560031599 0.30610614118814755
78 0.6350023128112525 0.5335546284123818 0.6000057572567812 0.5388819612847228 0.587748753245819 0.45836760912115226 0.6227448828125262 0.45304030937499207
28 0.6147652700467461 0.45571009419492103 0.6073974464791263 0.45653512928359674 0.5956378106824332 0.35152301236286476 0.6030055375000529 0.3506979828124957
67 0.6762233440570071 0.4863051072633651 0.6530462400066881 0.5285959640008057 0.6020876855649249 0.5006705749604011 0.6252647984374562 0.4583799078125333
67 0.6701082219281034 0.42795030191884453 0.705566000136514 0.4210124252644395 0.7148807960984414 0.4686152356375633 0.6794230244507844 0.4755530892992289
67 0.7231682258785668 0.583210861816765 0.6797410567384077 0.591559801416841 0.6612156769813282 0.49520664534417597 0.7046421625000221 0.48685777343750275
28 0.7121164643135671 0.5605858061578807 0.7187958909664758 0.557822144617446 0.7534671709900067 0.6416094019739468 0.7467877573286614 0.6443730406015288
78 0.6799677544618135 0.5959999533465765 0.6223963151712724 0.6058102730776564 0.6090095493204899 0.5272561893119438 0.6665802186201972 0.5174459367316367
28 0.700088198461458 0.6858272549860843 0.6914299858091226 0.6888063300657721 0.6582978533242567 0.5925251551414125 0.6669559093750195 0.5895461093749826
28 0.664785487405652 0.7065735009514247 0.6575882271440605 0.7078236259381544 0.6404478886329343 0.6091557610426827 0.6476450077973368 0.6079056485806307
78 0.5821411010921338 0.557417204365689 0.619884729673231 0.5516719055770143 0.6322925284443954 0.6331762393814202 0.5945489094315235 0.6389214952488802
25 0.6390149977620467 0.6838499482004643 0.6224740714508243 0.6880724689459446 0.593617818004418 0.5750472226915931 0.61015839531251 0.5708247484374909
28 0.6331930037692928 0.7359738905452206 0.6285133278918238 0.7365736340822286 0.6215714037101634 0.6824154149935241 0.6262510249999877 0.681815674999997
67 0.5986387728954696 0.62121456388882 0.5794919757413481 0.6275921862827915 0.5623753037779124 0.5762102304107898 0.5815219270397165 0.5698326393983653
76 0.3988501243936753 0.6147388019615979 0.3788813260174493 0.6133926781686398 0.38186448107887827 0.5691457827717935 0.4018331201327783 0.5704919011721103
28 0.3878825211140793 0.6117475566663328 0.3940767268578611 0.6128546994262993 0.3776125598070621 0.7049561424463482 0.37141835681177326 0.703849010049215
28 0.3466809905125956 0.6717863661779362 0.3498833735698099 0.6723019078459523 0.3407327182418385 0.7291346166380182 0.3375303359374584 0.7286190781249964
25 0.35853070453708824 0.5721203934252581 0.37480809986766417 0.5757779922812235 0.35216522359758073 0.6765340798760756 0.33588784009123174 0.672876516601478
78 0.346817841222105 0.547693336451607 0.3820660037553125 0.5470002992472289 0.3836426083973947 0.6271788924243268 0.3483944460156181 0.6278719246422584
67 0.2834271094079668 0.5440069954673228 0.31056714128908425 0.5024712479744894 0.3700342435074617 0.5413244941524793 0.34289448736842587 0.5828599980540004
76 0.320286546100192 0.5836556333818337 0.30839829563990406 0.5858372469369767 0.3037237053812305 0.5603664616420971 0.3156119036864311 0.5581848529848172