75 0.2337411897660786 0.5211847394808411 0.224738994565314 0.5192253167487328 0.23099684866576808 0.4904771785595334 0.23999900447711298 0.49243659685124463
75 0.27920404763040096 0.5308337876336724 0.2737556219559565 0.530240836076908 0.2756728358675673 0.5126257569064429 0.2811212463036554 0.513218707625599
75 0.32220449563612874 0.5443664869949013 0.3144321252420923 0.5449122051053391 0.31272988553462255 0.5206699813868173 0.32050222541704443 0.5201242643510857
75 0.32250847370062274 0.5194505914065821 0.3342793152850163 0.5212806095064743 0.32985175581143267 0.5497566133236865 0.3180809151954236 0.5479265995218026
75 0.3500822781811621 0.525730178648684 0.36059198814416504 0.5248405853942698 0.36283812982571817 0.5513743307123273 0.35232842010782406 0.5522639220245794
75 0.34826388307908474 0.5508412712110812 0.34158049787095024 0.5496290270078132 0.3443172864439248 0.5345418753580062 0.35100065513768186 0.5357541180274836
75 0.4413612752213112 0.559021516957847 0.4370202797301772 0.5591755690712088 0.43611137122218224 0.533565751611165 0.44045234820077894 0.5334116998268045
75 0.5197048907697308 0.5294691809108605 0.5240281333091161 0.5300572999142684 0.5205213482763611 0.5558332701420691 0.516198105991748 0.5552451524025549
75 0.6127421465126872 0.5524293339225806 0.6023633684026208 0.55301356569601 0.6008149190378163 0.5255076793447624 0.6111936502956041 0.5249234488934982
75 0.6137184772354658 0.5273387697548797 0.6205183921071011 0.5286257780429263 0.6166818458286798 0.5488944169327424 0.6098819315620858 0.547607410819398
75 0.6436639401887305 0.544581593113808 0.6369286760284467 0.5450127653304022 0.635478905623927 0.5223679289750544 0.6422141450195795 0.5219367575536497
75 0.6413141970081142 0.5239590033253283 0.6508018812156706 0.522926465193022 0.6527212538395588 0.5405614977760091 0.6432335698750649 0.5415940344226069
75 0.7145629039835057 0.487602500855196 0.728480772020248 0.48634026121620144 0.7313958940055727 0.5184809131901622 0.7174780263817411 0.5197431497058891
75 0.7192985976638511 0.5903198533326645 0.7144626910169336 0.5910815743982214 0.7114573514276117 0.5720036285625376 0.7162932418576702 0.5712419087973245
75 0.7178960204015539 0.5684703882597579 0.7241546725456374 0.5672054609285512 0.728489378267227 0.5886507094120267 0.7222307268480108 0.589915634306104
75 0.6498142601872132 0.5977887683856603 0.6488497861213318 0.607497737273499 0.6383435442593282 0.6064541691275749 0.6393080266544757 0.5967452096382021
75 0.2890945080008578 0.6160885922596 0.28058007059212287 0.6147259455306067 0.28518715617781254 0.5859421232836677 0.2937015492389037 0.5873047664074098
75 0.2916200535499911 0.5868799654444445 0.310462924524586 0.5846015187132062 0.31562401813937413 0.6272793266112985 0.29678114881755846 0.6295577642813883
75 0.38435708670783697 0.633358736570766 0.3757105756656074 0.6321825298687862 0.37978921155297485 0.6022034439948836 0.38843567389517375 0.6033796473319419