67 0.29065212397267715 0.4751563892069943 0.34350044897769294 0.46658716575008174 0.3625525508402916 0.5840762093382607 0.30970424629845184 0.5926453497408156
28 0.33502513772543807 0.4686952028228045 0.3298696541743311 0.4688042430736423 0.32802132191682176 0.38141771063213026 0.333176746940012 0.381308671001857
28 0.29815404062503603 0.40114274687499846 0.30269742745076655 0.40048440183839584 0.31391900308892673 0.4779225947400133 0.3093756170061397 0.47858093630196863
75 0.38311784218751654 0.5576667312500002 0.39173826829221525 0.5571076244585494 0.39346792829246624 0.5837732718706253 0.3848475023139599 0.5843323773632402
26 0.6364062620522191 0.6021525048971434 0.6141391737814956 0.6001353253030757 0.6288231048938542 0.4380606154986363 0.6510896237716679 0.44007776918263547
75 0.6348031512472971 0.6038001209991956 0.6110570070362655 0.6023096630655085 0.6166139495308016 0.5137875359741976 0.6403597362697155 0.5152779826557128
67 0.6594685712740329 0.5003446946722276 0.7076077367834159 0.5133540250447622 0.6798381550519252 0.6161018295473131 0.6316990345452496 0.6030926171827197
28 0.6620556298878455 0.5131809671875 0.6572463262106112 0.5131809671875 0.6572463468936576 0.4505713734375001 0.6620556062500782 0.4505713734375001
28 0.6750997479895204 0.4983372577143105 0.6677083090978613 0.49802459766432333 0.6714858010516309 0.4087297375801093 0.6788771465751324 0.40904239562144723
28 0.6902705568818419 0.4485440987492571 0.6977189951920764 0.45014508987919133 0.6811620186264236 0.5271692360886814 0.6737135832701142 0.5255682543355181
75 0.711150795360254 0.6570159259053462 0.7172232475641067 0.6560313380593504 0.7214483082325387 0.682085900761719 0.7153758566653323 0.6830704859542827
76 0.7034202356944661 0.659102407564765 0.7198833613863371 0.6951379329744078 0.6853127330216466 0.710929384163294 0.6688497753863203 0.6748940015790822
75 0.6699038842270966 0.6839776055070613 0.6764943633787652 0.6854736033778733 0.6723273572710013 0.7038282794440739 0.6657368791043154 0.7023322845505419
75 0.6573444497065566 0.6787804903296557 0.6647609434784272 0.6784667953290928 0.6659658677299376 0.7069499376152846 0.6585493740176389 0.7072636316717049
76 0.6598078606556328 0.6678364171778476 0.6598079646117867 0.7139541334114958 0.624284768041889 0.7139540456225157 0.6242848360431026 0.667836500615159
75 0.6126115633578593 0.6859483031053368 0.6209080378537237 0.6839305414524809 0.626900294477764 0.7085654205729748 0.618603821902866 0.7105831767911716
75 0.39411904061216774 0.687790285162497 0.38740922239458087 0.6869001645443582 0.38932989242289295 0.6724240869762087 0.39603969062500255 0.6733142062499973
75 0.37314207750330297 0.6654724822193246 0.37893822330431703 0.6647676448422785 0.38147551934275725 0.6856299176062132 0.37567937381777483 0.6863347534587653
76 0.2938638809898748 0.665670926584123 0.3164506777641236 0.6491910695970067 0.3538125036156998 0.7003909558748451 0.33122579957398557 0.7168707040686548
75 0.28188549874346336 0.6963405881126727 0.2558926342722998 0.6892286509747838 0.274740291811554 0.6203538381864612 0.3007328043280495 0.627465724448854
75 0.5039311771381563 0.568543877929197 0.507264415251484 0.5687998896711152 0.5057713286881835 0.5882377050516909 0.5024380906249917 0.5879816937499989