75 0.7777770768898336 0.3778237114252415 0.8089438924348542 0.38401411536978347 0.7937328226123554 0.4605932691451719 0.7625660162220811 0.4544028962119897
75 0.7641815775076566 0.47221548629416127 0.7447563722632822 0.4728824060462272 0.7423797667407825 0.40366108679734036 0.761804795856051 0.40299417003482324
67 0.7589584817447985 0.49054622538538845 0.7333130225038076 0.48833987773237675 0.7362761858020122 0.4539006562550016 0.7619215185612802 0.4561069984467588
67 0.7032628435789547 0.43999605182554946 0.7421120839338755 0.4559053448996501 0.7145416358229113 0.523225458836856 0.6756924429273568 0.5073162508702027
75 0.4723879554147743 0.4679379999599347 0.45808265944549476 0.4680405613578584 0.45754531382078767 0.39308657782774387 0.4718504665926275 0.3929840169493383
75 0.2820054609135241 0.48576762846437627 0.28739694872763266 0.46736859108990364 0.30083354613361735 0.4713056630681834 0.2954420803114317 0.4897046816378666
75 0.2328819591634783 0.4303009150729339 0.24554276830269828 0.42536296275871627 0.2515758843627509 0.4408308699840664 0.23891507816767898 0.44576881685928377
75 0.2308616937990564 0.4431895163516945 0.22640254139810168 0.44300835434582064 0.22739480590894345 0.41858615763052975 0.2318539440565246 0.41876731934698236
75 0.22557508386728387 0.44611801335121587 0.210805420717179 0.4453179498495541 0.21294762253796762 0.4057746061952144 0.22771721026822433 0.40657466765504074
75 0.19031139842240918 0.5462475907815353 0.19957284616759807 0.5367159023393967 0.21506737356082795 0.5517697634653989 0.2058059432090431 0.5613014347002934
67 0.29930120938411164 0.5629371380596344 0.34538665824243253 0.5695450049188379 0.33711570671209756 0.6272232509415216 0.291030265276504 0.6206154189279368
28 0.29362443088928103 0.6281290335869496 0.3009291978096371 0.6305215641006823 0.26882374229774086 0.728531249001153 0.26151898722366695 0.7261387438812402
28 0.3157608288059919 0.6413431333015358 0.3245017804873669 0.6424225915766505 0.31152460569387586 0.7474908774659862 0.3027836562500852 0.7464114312500044
28 0.2931193170057895 0.7014402699547513 0.28807767416242314 0.7009101705379406 0.2944944266026823 0.639890887805982 0.2995360071449795 0.6404209839332571
75 0.6575930240553589 0.6183953885004073 0.649179601283663 0.6188686405708326 0.6476114605418388 0.5909931097944757 0.6560248401598301 0.5905198589403323
75 0.6661971472110508 0.6198744953260866 0.6601100950731507 0.6208018147304175 0.6559583959971178 0.5935524684275119 0.6620454176838848 0.5926251513818571
75 0.7103688501634906 0.6067947213844475 0.7013577801353676 0.6071852012544573 0.6996114039823169 0.5668877323457931 0.70862240903989 0.5664972538866944
75 0.7203562329607394 0.6100491346037271 0.7145172870714305 0.6107607555869486 0.7098669105239424 0.5726077419927145 0.7157058165169019 0.5718961234644776
75 0.7937907319723081 0.5486581756056643 0.7747417423967136 0.5754860456275016 0.7453744310762431 0.5546358169308182 0.7644233952688637 0.5278080287600108
75 0.7625983060133876 0.5692569947801965 0.7591287876132355 0.5701590810356616 0.7530119687144179 0.5466353859451863 0.756481473437475 0.5457333015624936