67 0.2501284616241719 0.5488165243629939 0.21816123251903718 0.5504470544705472 0.21598966602402925 0.507874235854366 0.24795667671048705 0.5062437113201662
67 0.31326241986835157 0.5418693836369963 0.2998722800965652 0.5753881624641809 0.2636540223815018 0.5609208599471015 0.2770442040650778 0.5274021901783078
67 0.31935239399854254 0.5645344529871676 0.31935244427097587 0.5349096340453816 0.3444680440746879 0.5349096783179119 0.34446805610934916 0.564534435064489
75 0.3449806213949387 0.5473832600862248 0.3297076157379024 0.5455006324598349 0.3339110141199626 0.5114035047737802 0.3491839363342706 0.5132861272066197
75 0.3479513066289428 0.5275968388108335 0.3590800754950578 0.5291645906816134 0.3548279742964269 0.5593456666630794 0.34369920624999395 0.5577779187500059
75 0.378289379660373 0.5600822173144117 0.364412398303557 0.5595934926111308 0.365786853125428 0.5205716674583474 0.3796637452659297 0.5210603905878028
75 0.378041009375 0.5234755421874999 0.38880485781249996 0.5234755421874999 0.38880485781249996 0.558817384375 0.378041009375 0.558817384375
75 0.5988223390243093 0.5641089847156375 0.5866707741422488 0.5657257244629473 0.5803612276798731 0.5183064982696729 0.5925126976195543 0.5166897649375295
76 0.6142290468254714 0.5655411353273635 0.5940828977271622 0.5665344592435055 0.5917471489541413 0.5191643856236873 0.6118931398539189 0.5181710656247805
75 0.6237411899471681 0.5729677213394546 0.6143174451231062 0.5738527576802972 0.6122367417813166 0.5516996522080209 0.6216604509287436 0.5508146175533039
76 0.6384260698887374 0.49431596386834326 0.6660490348901931 0.4955541252599579 0.6627731358375968 0.5686321958906075 0.6351501713119205 0.567394041867839
28 0.6404246752567815 0.38727068870202574 0.6481955489124402 0.38704530132682413 0.6518070904679689 0.511556166192295 0.6440362169025775 0.511781551616081
67 0.6648677194743868 0.47160862881532273 0.722127179305744 0.4748168690096632 0.7173875833556167 0.5594007550741008 0.6601281253707612 0.5561925362871772
67 0.7697227574386716 0.5367633243153477 0.7219428138811281 0.5529103138870661 0.6922893604948968 0.4651698582405533 0.7400686823357319 0.44902298293568904
28 0.7027247641495933 0.3787818793682098 0.7102801556917484 0.3796190410070972 0.7000289297927793 0.4721315096583228 0.6924735390625756 0.4712943531250056
28 0.6857991878069924 0.36888058915204974 0.693968098114965 0.36899993382816865 0.6923733126661773 0.4781542534236687 0.6842044023730978 0.4780349095898871
28 0.6830357658969888 0.47469289456613356 0.6791597392319773 0.4749905360792654 0.6739894671425191 0.40766483853764596 0.6778654578124588 0.4073671984375005
28 0.7457798484331306 0.38452885622814237 0.7486253698322116 0.3849016969328547 0.7399121492150016 0.4513976062982553 0.7370666281250351 0.4510247671875051
28 0.7270716249998941 0.3579925671875011 0.7306516790177966 0.35792046745366607 0.7325269030358186 0.4510287274555127 0.728946849030649 0.4511008267708268
28 0.7278404957291968 0.441149839535924 0.7230617532716224 0.44136801511263435 0.7204989415597538 0.38523685604482855 0.7252776500000664 0.38501868124999766
67 0.741315782673837 0.5910200038373271 0.7430104205383259 0.6261104103857744 0.7035803510266305 0.6280142650704911 0.7018858475133811 0.592923986917976
67 0.6520359062500347 0.6710912156249904 0.6256887335167676 0.6457442040943336 0.6765710038378074 0.5928608130413368 0.702917983312318 0.6182076474635682
67 0.6647138654944911 0.702730345618465 0.6329276114576032 0.711436940289607 0.6097425859712757 0.6268030476950107 0.6415283152427946 0.6180965281837051
28 0.6382941015625647 0.7085549437499888 0.6444453696224173 0.7073006888351203 0.6616161056701912 0.7914974731896502 0.6554648413159612 0.7927517158053528
75 0.3592339172097354 0.6482496978236136 0.3739462866487884 0.6473429822845393 0.3762295408979526 0.684386124973668 0.361517171774949 0.6852928370924583
67 0.3563837597963584 0.632673914466871 0.35638379242254814 0.6550224577416763 0.33331836910519996 0.6550224407639578 0.3333183870081484 0.63267394803115
75 0.32560510648750096 0.6525746762792793 0.33858125469498646 0.6547072463208516 0.3327339559042457 0.6902817416650726 0.3197578096022653 0.6881491794882676
67 0.2705688769790413 0.6375445055512335 0.28402347669100436 0.6106198341685074 0.32909490066674607 0.6331398523469082 0.3156404549193894 0.6600643921142896
75 0.2777270929207134 0.6585049554144228 0.2710139187513505 0.6575592807836051 0.27390083475268057 0.6370683306494627 0.2806139817929534 0.6380140033354269
67 0.2310047474716157 0.6190332575126049 0.2401547728939022 0.5915550935061238 0.27592253554587387 0.603464155934347 0.2667726235625878 0.630942223546452
75 0.2289340064210137 0.6212437454510947 0.21849068798837834 0.6223631045705488 0.2155600270255036 0.5950236887181339 0.22600329263559615 0.5939043324568407