75 0.2030871616618697 0.45295245069369233 0.21801795594421947 0.45239277256552207 0.2198121279783436 0.5002535076794162 0.20488133380774798 0.5008131838617808
75 0.3285252345315257 0.4952392460103758 0.33606430276404353 0.49546689404508665 0.3353787791521654 0.5181677695108576 0.3278397109374964 0.5179401218749985
75 0.40212155595042987 0.522246126507998 0.3892135374322834 0.5218668907982822 0.39105008739761615 0.45936310484104087 0.4039579845367598 0.459742338758932
76 0.4045857443219347 0.47510097090235237 0.42002279483790517 0.47552049250269696 0.41856335323279836 0.529219250665887 0.40312630278390316 0.5287997307878824
76 0.5228857577544659 0.5437919598859222 0.5011145980088259 0.5445808363553071 0.4987703259492946 0.47988677179452754 0.5205412639946871 0.47909789937193037
76 0.5392674843230907 0.5252803088229044 0.5228137248064968 0.527516069694123 0.5169681788020171 0.4844996506656636 0.5334218297704183 0.4822638972807503
75 0.5516258473195421 0.5111943316232709 0.541328132428589 0.5110221130775205 0.5420094499232846 0.4702880276979776 0.5523071020797943 0.47046024571885675
75 0.5511957428032019 0.47087917795230416 0.5556813639866505 0.429432481950192 0.5893556065191206 0.4330767026446346 0.5848700906943805 0.4745233022936576
75 0.6105886385263375 0.5020572299215935 0.5846726620243317 0.5071438782389603 0.5742598757082078 0.454095070224491 0.6001756530095008 0.4490084420858581
67 0.6479847000000001 0.4597315578125 0.7004108765625 0.4597315578125 0.7004108765625 0.5346207125 0.6479847000000001 0.5346207125
75 0.694403695316737 0.43970322604571754 0.707949281367064 0.44264821990180353 0.6996955879506004 0.480608918178432 0.6861500044244622 0.47766393232904264
28 0.6765118707324973 0.4650867491706405 0.6697557946025654 0.46542676665444843 0.6665166017442061 0.4010679957161157 0.6732726203124457 0.40072797968750123
28 0.6843746343749899 0.46143358281249575 0.6747413059309793 0.4597800874331481 0.683458259670715 0.4089980441067854 0.6930915243895015 0.41065153392950576
28 0.6890004734374315 0.4642702937499957 0.683535200897154 0.46340153812604734 0.6930953362181071 0.4032632846289152 0.6985605646257227 0.4041320366276444
75 0.7087470450369437 0.4595981629587845 0.7270514659263654 0.46092469420428817 0.7228921832246442 0.5183133647945176 0.7045877629474262 0.5169868392323569
75 0.718070062015272 0.58460416894325 0.7276629449636403 0.5839524421706497 0.7299495340167823 0.6176055030673219 0.7203566512745283 0.6182572278266493
78 0.7032114095386532 0.5708055767954774 0.7291901305038664 0.6050960658978959 0.6796175828177411 0.6426481495237466 0.6536390785252024 0.6083578578461718
76 0.6820748245569348 0.656863506141698 0.6740669329172988 0.6307496225753297 0.71007586406256 0.6197087562499856 0.7180838089789177 0.6458225436271304
28 0.7333566048095008 0.717309749022242 0.7260940664351665 0.719491071720758 0.7019925092919266 0.6392581041250097 0.7092549312500296 0.6370767999999938
28 0.7191064680743011 0.7465708929112543 0.7098740714724272 0.7490185626717165 0.6849746946581945 0.6551144125114144 0.6942069112351419 0.6526667677490133
75 0.5885778881242913 0.5955445211020699 0.5958468737341036 0.5969272821937829 0.5902580461860225 0.6263036699517165 0.5829890616504372 0.6249209127120862
75 0.5758534421875 0.581952140625 0.5865255625 0.581952140625 0.5865255625 0.6333011374999999 0.5758534421875 0.6333011374999999
75 0.3978343736343959 0.6363954621722578 0.3897023771361319 0.6360554793421773 0.3912704932391762 0.5985531921260617 0.3994024324466636 0.5988931737576143
75 0.34567589052699077 0.6119394488513759 0.3527151113776199 0.6123220327922776 0.3511563099285695 0.6409992659715015 0.3441170891632055 0.6406166830797235
75 0.25821376310670985 0.6283056005004972 0.23532043551574588 0.62664657425173 0.23852111741075532 0.5824859307988558 0.2614142590166466 0.5841449502870131