75 0.5470475204806462 0.20308712278995092 0.5476072669557652 0.2180179423745843 0.4997465360680735 0.21981213564924798 0.499186813419783 0.2048813390509587
75 0.5047607579535907 0.3285252175750622 0.5045330927590612 0.3360642977023565 0.48183220454859566 0.3353787824014842 0.48205987812502826 0.327839710937452
75 0.47775383096086443 0.402121506054701 0.4781331549497736 0.3892135087497885 0.5406369170597145 0.39105012120439864 0.5402576431945363 0.4039580695401024
76 0.5248990403601965 0.4045857000024841 0.5244795025073472 0.42002278696429984 0.470780700461205 0.41856336122249493 0.47120028879726306 0.40312632625413053
76 0.4562080503085326 0.5228856755633452 0.4554191300353523 0.5011145757532136 0.5201131192048933 0.4987703571524524 0.520902144881461 0.52054134662962
76 0.474719809132921 0.5392674121407826 0.4724837475349659 0.5228137192370783 0.5155002004538574 0.5169682211366228 0.5177363101012133 0.533421856556462
75 0.4888056687500466 0.551625825 0.48897795978689373 0.5413280868319508 0.5297119958069061 0.5420094937998817 0.5295397402813933 0.5523071970182519
75 0.5291207968028857 0.5511960817506837 0.5705675180186063 0.5556808985507243 0.566923365295338 0.5893552591098087 0.5254766462076077 0.5848704555212146
75 0.49794331787131796 0.610588468687166 0.492855880416073 0.5846727004045851 0.5459043806611135 0.5742599775295322 0.5509919124402813 0.6001756191884177
67 0.5402683772647379 0.6479845517561268 0.5402686439399531 0.7004109645910412 0.46537924970482436 0.700410834281644 0.4653793855309232 0.647984822715
75 0.5602970261379596 0.6944037096740147 0.5573514737079677 0.7079492050447812 0.519390748443584 0.6996955341936107 0.522336340696711 0.6861500947063598
28 0.5349132494915239 0.676511806644741 0.5345732279866979 0.669755690492285 0.598931974900438 0.6665169103397989 0.5992720385130497 0.6732729819033497
28 0.538566417187667 0.6843746343750516 0.5402202987523879 0.6747413605734363 0.5910022047065695 0.6834584588956925 0.5893483815042373 0.6930916810137068
28 0.5357297062498674 0.6890004734374613 0.5365986797203277 0.683535227988872 0.5967368422435584 0.6930957018093276 0.5958679081516038 0.6985609119348805
75 0.5404018672372786 0.7087468943038283 0.5390751355781731 0.7270514079260024 0.4816864627233599 0.7228922290259578 0.4830132999779835 0.7045878302138224
75 0.41539581108918355 0.7180700295800981 0.4160477410581507 0.7276629224491165 0.38239460432077976 0.7299495297914531 0.38174271220555056 0.7203566725730346
78 0.42919610488684157 0.7032134188706815 0.39490237435211384 0.7291879680162662 0.3573502998146978 0.679615658289472 0.3916437291487682 0.6536412795443562
76 0.343136061836276 0.682073334118295 0.3692505052127899 0.6740674062551297 0.3802912437499799 0.7100758640625041 0.3541768143608124 0.7180817600055005
28 0.28269044815158395 0.7333561014506519 0.28050860046096204 0.7260937285653781 0.3607413378942965 0.701992703585832 0.3629232237915403 0.7092550104389848
28 0.2534290140624762 0.719106117187544 0.25098067022065607 0.7098733272644254 0.34488549066554697 0.6849749813542819 0.3473338955609506 0.6942076762658673
75 0.4044554831266396 0.5885778658977857 0.40307244976588663 0.5958468080258373 0.37369620886363464 0.5902580445238145 0.3750792570052681 0.5829891218451828
75 0.418047842098872 0.5758533787867169 0.4180478830328411 0.5865255397858928 0.3666988589781113 0.58652557461366 0.36669886654124184 0.5758534618477325
75 0.3636045234446783 0.39783435248695936 0.3639445753357222 0.38970238200016066 0.40144680960804635 0.39127049392500185 0.4011067767912664 0.399402446048813
75 0.38806058046247927 0.34567588359469464 0.38767794544480694 0.3527151088327263 0.3590007097806165 0.3511563135374267 0.3593833548981138 0.3441170989999412
75 0.3716942461428516 0.25821370085947704 0.3733535148885494 0.23532047205653508 0.4175141908393698 0.23852109902033494 0.4158549629526078 0.26141428943640554