43 0.3232622410056365 0.4752913686261755 0.27526218274522307 0.469811310213164 0.29567465150591943 0.2910322761405802 0.34367370171139555 0.2965122760372907
0 0.3014718149456712 0.36810620593808946 0.2521603238250236 0.3553374466117964 0.28255007080269934 0.23798064681450454 0.3318610215837907 0.2507493313043608
38 0.6590343410671267 0.3063891732706007 0.7073213314466784 0.3002132178816407 0.7301273551845497 0.4785157071647763 0.681840378521315 0.48469159619678337
39 0.6842886063598144 0.25757865799428203 0.7280784162313694 0.2513695346582444 0.7472284349016718 0.386421092732888 0.7034386344267887 0.39263017430924607
41 0.7256649174182712 0.6950855017126913 0.6729523226439369 0.699971528792392 0.6556078800327896 0.5128634392293903 0.7083187001785518 0.5079774938029099
40 0.7072516246115583 0.5072588851891533 0.7693124688688613 0.5094194301133852 0.7658611030977909 0.6085495959439126 0.7038002597738569 0.6063890692353465
55 0.2978890747751848 0.4970807634434745 0.3527066913449062 0.50379907864025 0.3307496200100104 0.6829387989016926 0.2759320232299842 0.6762205910627613
57 0.23653688395393146 0.4766653389101381 0.30304313208750955 0.4776943697696344 0.3013738355738269 0.5855721078542353 0.23486758770945926 0.5845430860012333
6 0.38059762406692244 0.6168473305260127 0.32275039118940185 0.5867741032906336 0.3513335988864128 0.5317991588248154 0.4091803195008197 0.5618722248978156
27 0.3549968138842132 0.7007466343331641 0.3083223531320982 0.6867480001993974 0.3383478386050456 0.5866512189294782 0.3850213937647595 0.6006497070607569
27 0.88359375 0.84609375 0.88984375 0.84609375 0.88984375 0.86640625 0.88359375 0.86640625