43 0.3248533489318106 0.47763456607761967 0.28333020892785044 0.47404613418478514 0.29800006299103643 0.3043103338460923 0.33952236774064204 0.3078987295019728
0 0.28071151317760723 0.2614426057217245 0.32463783043385774 0.2721478133307722 0.2923657016519883 0.40456476401240127 0.248439411875097 0.39385963056208084
38 0.6683328981423529 0.31937005125999574 0.7121941547961796 0.31818236534608 0.7169374417326253 0.49334393278509225 0.6730761857794505 0.49453160569754745
39 0.7589577965819672 0.40938528925808465 0.7102917409032443 0.42256329373438317 0.6750144736895436 0.292289530437749 0.7236798611083941 0.27911162191011873
41 0.7292986742121457 0.6458272755497265 0.6717387553362641 0.6499528430871546 0.6599642616711208 0.48567954191796914 0.7175225475640445 0.4815540332465453
40 0.722413357320761 0.4898504420424713 0.7952673150737155 0.49379581140857454 0.789085743548867 0.6079328262699558 0.7162317887090239 0.6039874944816159
55 0.29217021337831284 0.45968997578910886 0.34972488865946616 0.47040052763948365 0.3196530146999521 0.6319822746638896 0.2620983778970185 0.6212718679854671
57 0.290857230405436 0.5684266481903549 0.22347929558407031 0.5738999224671252 0.21375127420287754 0.45414679246046125 0.2811279760890102 0.44867356792393465
6 0.3133522611361741 0.48936616891379725 0.3044112576584439 0.4934127234318459 0.29551817670608216 0.4737645126987012 0.3044591558691536 0.4697179645519841
6 0.326186000173152 0.5018776027564434 0.3199881190059841 0.5064088320381611 0.3117369107059176 0.49512355884030174 0.3179347828124719 0.4905923343749803
6 0.3564755219855442 0.49739141995738606 0.3311367167102617 0.5044745921290347 0.31248540889987453 0.437756969757523 0.3378239769868969 0.4306738328057684
6 0.5 0.4919860625 0.5305706531250001 0.4919860625 0.5305706531250001 0.582578396875 0.5 0.582578396875
27 0.5014288921012167 0.40862212450912516 0.5232126242337927 0.40821376183945296 0.5248876141331493 0.49755926281550605 0.5031038820552567 0.49796762297558683
6 0.6700208547612192 0.5210369746110407 0.6445203424356123 0.5127510830944247 0.6646515141163718 0.45080063534174136 0.6901517982405494 0.4590864867568386
27 0.89765625 0.9 0.90234375 0.9 0.90234375 0.9140625 0.89765625 0.9140625