6 0.4432055308955114 0.3376358669547082 0.4432056201630985 0.30298906037519213 0.5184668855883956 0.30298919020230314 0.5184669235753745 0.3376358687987874
6 0.4876376241361413 0.3407195446510054 0.4856493891173841 0.3801503912330842 0.4209594375307688 0.3768884804270972 0.4229478047112707 0.33745777574545754
6 0.42043823261985835 0.4020780006873991 0.42134132673709246 0.3779949446881862 0.4790743673528368 0.3801597051087789 0.47817135896775653 0.4042426791325959
6 0.48714452129343044 0.4024451557773273 0.48591494699326176 0.4310348350264186 0.415209503319943 0.4279939225481893 0.41643919948239727 0.3994043721483915
6 0.41949331574767257 0.3069705387321052 0.4044927277448096 0.3541573850859363 0.34268236467983115 0.334508474497002 0.35768303328075035 0.2873217764809915
6 0.3966336583298471 0.345440989748615 0.39042477233090267 0.3932074073883058 0.3184791199786332 0.3838557356300381 0.32468816801895173 0.33608950848411456
6 0.3832067631658447 0.3895992553076 0.3803070043156822 0.41934379175058056 0.31762197942475723 0.4132328386911793 0.32052184013684837 0.3834884172097084
6 0.4138086086927615 0.6009913182308577 0.4117571640259712 0.5589036063208477 0.4910758418035357 0.555037650246007 0.49312756585698025 0.597125070286362
6 0.4247105806274476 0.6240088677576899 0.4217733215791668 0.5925414379261575 0.4866819107970741 0.5864832643090708 0.48961933874181796 0.617950504750947
6 0.3315066489324181 0.6080646892381463 0.33455109423232443 0.5768396575798992 0.38507436289864927 0.5817651231919797 0.38203007326148963 0.612990011013746
6 0.3558151784777692 0.67400983343186 0.3320527017051518 0.6177661844225908 0.38680233499007954 0.5946377937305903 0.4105649185949005 0.6508811178071339
6 0.3888265646717173 0.724290119697957 0.35956114579551013 0.6692612399793563 0.409156774963094 0.6428891716357874 0.4384222262095818 0.6979177282644383
6 0.4318574426910118 0.6596675577491624 0.4337068968418407 0.615412413553958 0.49918141897546775 0.6181482541869352 0.4973322581777211 0.6624031155182264
6 0.5367975664544247 0.663895923248395 0.533416696235463 0.702041334951652 0.45793530228525015 0.6953518175546132 0.4613164419311033 0.6572067038900345
38 0.615966368273348 0.62764474526828 0.6270432002670532 0.6723280923489362 0.4662979007910053 0.7121690312607728 0.45522194141415184 0.6674864349452617
39 0.6620818523887237 0.6547368840171831 0.6731021081408244 0.6924112161524791 0.5405158931340566 0.7311874738121975 0.5294962773608631 0.6935136862049569
41 0.42463807727335734 0.6535521280682568 0.4345546472530941 0.7044042035604423 0.2692210226249472 0.7366390312127453 0.2593054846505538 0.6857878624718945
40 0.44424674616664106 0.714038568840575 0.4399059775076921 0.7808316192221023 0.33127157677472496 0.7737718284485187 0.3356131118725898 0.7069796057945583
55 0.41837207453215797 0.30016892623343183 0.4123599960861384 0.34889106101643685 0.25007236309716063 0.32886533509884186 0.25608476620436704 0.2801435802272804
57 0.32947650230346426 0.30240119136929394 0.3217240254336957 0.24533100278860687 0.41285879445058526 0.2329513476247051 0.42061145085085627 0.2900213230041972
0 0.7043724343377562 0.3025725720728521 0.7018105314401737 0.3400239087412834 0.5357349293543621 0.32866287079810275 0.5382971079147865 0.29121183483422675
43 0.43749987410819813 0.334685194479508 0.44349357906526166 0.2949883687968668 0.6113343175697992 0.3203290325775788 0.6053409927349094 0.3600255078328195
27 0.10234375 0.95859375 0.12421875 0.95859375 0.12421875 0.97265625 0.10234375 0.97265625