43 0.32675921202530844 0.5050290215425495 0.281700545155104 0.502854584853394 0.29051493542010576 0.32022617372698553 0.3355725923149748 0.32240058637840474
6 0.32851736997906755 0.4472066598496578 0.37491447534023337 0.4482835034179162 0.3731620606041588 0.5237831860433442 0.3267649554545642 0.522706348486726
6 0.36567815391856584 0.6531140102437508 0.3138640251713696 0.6263305766762428 0.3469067742940979 0.5624154097721613 0.39872033448534694 0.5891986654262298
6 0.6218975476011792 0.45995262911558554 0.6685947995741799 0.453449763007439 0.6792704629702939 0.5301065236598553 0.6325732186727464 0.5366093518745312
6 0.6074594813517251 0.5732899674616545 0.6575636444182464 0.5753249355209532 0.6545384895883899 0.6498008352456739 0.604434327495369 0.6477658813086474
55 0.28940651923051064 0.5342854647821096 0.34372990666736314 0.5396555052382542 0.3244024528059981 0.7351500788163795 0.2700790790120209 0.7297801393393496
38 0.6630037873875381 0.33741381597309467 0.7098256463090138 0.33542427775292427 0.7174608866860126 0.515103233424024 0.6706390292905553 0.5170927483461342
39 0.7031520499143653 0.2840650720515039 0.7447828306825386 0.2850162280513049 0.7410757913143016 0.44726206061462215 0.699445010700174 0.4463109133578855
41 0.7213950164796188 0.7305637952100899 0.6686831434534497 0.7369500963985618 0.6465223106267786 0.5540525001215265 0.6992323403134151 0.547666310361287
40 0.6993345867989547 0.5445543440873012 0.7505280756390675 0.54384146798418 0.7529559018469172 0.718170321832031 0.701762413393908 0.7188831860387132
27 0.9609375 0.9203125 0.9703125 0.9203125 0.9703125 0.940625 0.9609375 0.940625