6 0.3189414181056236 0.5640025303770009 0.37064716420400146 0.562602503773791 0.37262870418692273 0.6357768992702115 0.32092295852157804 0.6371769164940341
6 0.3877327616821731 0.5034281142011383 0.42280386080869903 0.5049144868499438 0.4198158854757139 0.5754099925527029 0.38474478689852276 0.5739236285058369
6 0.629435113614818 0.6492116696816995 0.6079543385112629 0.5849002461955011 0.6663391904114633 0.5654012385668531 0.687820151800338 0.6297122945093803
6 0.627069018293696 0.4976199954664128 0.6762143867998702 0.4987606124156301 0.6747513833208814 0.561791296409452 0.6256060150087706 0.5606506852654032
43 0.3211379104736807 0.5392776286232586 0.27753561889426237 0.5412545394986996 0.26869879145988307 0.3463484564404259 0.3122999358013203 0.3443715716282576
0 0.2855790343365925 0.4609994035134918 0.23664891727935355 0.45702459566917325 0.24781182124047518 0.3196211746526861 0.2967411443714809 0.32359595018992027
55 0.27434028018035406 0.5389313592967075 0.32655426363714923 0.5452932853415372 0.30505878764245153 0.7216921800362742 0.2528448236936356 0.7153303622849475
57 0.28687854872123353 0.6279878371851522 0.21404227129926312 0.6520922481102461 0.17752398229367827 0.5417549573576239 0.2503588474114622 0.5176508018359745
38 0.7177211337601648 0.5466486501772343 0.6727276238530067 0.5451866747544507 0.6781675588948701 0.3777959661350559 0.7231599819718895 0.37925792359895566
39 0.7003000039064773 0.33015591428723934 0.7508334374754213 0.3285293805138347 0.7555219758190788 0.4741870764944676 0.7049885432263636 0.4758135956640506
41 0.7342881413801479 0.728551999477576 0.6778185948866167 0.7312443504286164 0.6692498235908033 0.5515218850659319 0.7257174252827099 0.5488295800278511
40 0.8107890310277526 0.6433863712371285 0.7449741777085137 0.6678260382096676 0.6961748851075527 0.5364238579748454 0.7619882189327427 0.5119845044968836
27 0.96328125 0.88203125 0.97578125 0.88203125 0.97578125 0.90234375 0.96328125 0.90234375