6 0.33085202283575654 0.5066762299363807 0.29018464424359536 0.5103808465339347 0.28267660820426954 0.4279646299813097 0.32334351671875083 0.42426003474678076
6 0.4152702047784942 0.6215661335619024 0.3688883680231356 0.6547403167694351 0.3251297513992313 0.593566555280382 0.37151113591892226 0.5603926033903038
6 0.39683388238563566 0.5580184370660946 0.36318250537408403 0.5547486427710134 0.3686600293340234 0.49838273551525414 0.40231110276192794 0.501652514984744
6 0.4264373278192579 0.5711899771820744 0.3957670607892396 0.569948256630107 0.39868659750584357 0.4978471568085988 0.4293565079849486 0.4990888701793566
6 0.3958333328125 0.5959302328125 0.43432203437499994 0.5959302328125 0.43432203437499994 0.661337209375 0.3958333328125 0.661337209375
6 0.7089137756321406 0.5159416697654726 0.6633167620454969 0.5172447865295828 0.6608758398466534 0.4318312061383824 0.7064723004632469 0.4305280971937926
43 0.32675487911171786 0.5115530498777155 0.2844956754100849 0.5094079571774796 0.2934388163221229 0.33324514247439 0.3356970488928255 0.33539021024459476
55 0.3040374718013936 0.5306129745698615 0.3628372224343366 0.5405013771708157 0.33412654092978755 0.711205703820886 0.27532682842752365 0.70131746269689
57 0.3017440271863734 0.6237152278375409 0.2279464144138501 0.6185934048365775 0.23483319640217815 0.5193848515327933 0.30862955056034025 0.5245066310335312
38 0.6582061864535262 0.32908221151066164 0.707587651177846 0.3279118739017391 0.7120427572070867 0.5158824067080061 0.6626612932680018 0.5170527302452352
41 0.7122869385966624 0.714624525077673 0.6576411621200577 0.7188911620526899 0.6434809737462501 0.5375388147638704 0.6981249147366952 0.533272248397665
40 0.6962393710272181 0.5267845073403286 0.7749019398318069 0.5234405802142635 0.7792087345583241 0.6247440027659641 0.7005461676341156 0.6280879003660298
27 0.94375 0.93359375 0.9515625 0.93359375 0.9515625 0.94765625 0.94375 0.94765625