27 0.5915875547191263 0.5121951203124999 0.5661464984391387 0.5121951203124999 0.5661467381150942 0.38885017343750006 0.5915873701896999 0.38885017343750006
27 0.655631091749342 0.4752869806523092 0.6202475674530206 0.4782941181638695 0.6088571523093833 0.3442723279427528 0.6442400972413225 0.34126521485722083
6 0.5893910163138116 0.4906841158410379 0.6156100452773217 0.4882913127141676 0.6211649895142273 0.5491545164395181 0.5949459621737105 0.551547308008778
6 0.621373872496747 0.45639858754649276 0.6685443946681744 0.4598425233702647 0.6622199167468352 0.5464605917237555 0.6150493970002344 0.5430166786389494
6 0.6849428777760522 0.6359782786706479 0.6319740928153124 0.6534960720479713 0.6057836773632062 0.5743120807800379 0.6587516953125032 0.556794426562505
6 0.3499690131782245 0.601348241278474 0.3035260876133634 0.59302015826522 0.31519519809558005 0.5279532000631645 0.3616376096448448 0.5362812359817715
6 0.3402307416599797 0.5059233453124999 0.30291712136227034 0.5059233453124999 0.3029173675097354 0.42787456406250013 0.34023057125023115 0.42787456406250013
6 0.3784733461486667 0.5227692257619571 0.3380169715558168 0.5215385028069227 0.34034166954415923 0.44513443755976134 0.3807975884424195 0.4463651535773205
27 0.30698770391973085 0.5651567754349283 0.352223218367385 0.5759149595127828 0.3214388106222259 0.7053402908741462 0.27620334315884065 0.6945822460254668
43 0.3409092488004717 0.5101045296875 0.30257787812570314 0.5101045296875 0.3025784196291852 0.3303135875 0.34090891153596203 0.3303135875
40 0.7637593766787631 0.5684982159267215 0.8173535785026615 0.6171109639015343 0.7362839941072252 0.7064763588219647 0.6826903399954745 0.657864181564186
55 0.3131253598123749 0.5266987002252789 0.3664461477532086 0.5396748976265197 0.32580597383889653 0.7066518991637173 0.2724852571147949 0.6936759106402757
57 0.2232085503358121 0.5340729315775284 0.28575167891585807 0.5326233579892902 0.2889209591163535 0.6693504026466152 0.22637783113520982 0.6707999579946701
27 0.96328125 0.86796875 0.98046875 0.86796875 0.98046875 0.90703125 0.96328125 0.90703125