43 0.46454847339703065 0.32295298836901243 0.47141736802893774 0.28247936155248216 0.6500462114017864 0.3127935832000186 0.6431777195051609 0.3532668490218606
0 0.5268312635354278 0.2966101433725152 0.5354216685967685 0.25386571207384495 0.708582959564751 0.28866493990200304 0.6999929414151893 0.33140902764028707
38 0.4768527828467768 0.7075656210136004 0.4710644486874571 0.6621834233958301 0.676481707295693 0.6359854902205669 0.6822708508935875 0.6813667058180886
39 0.6952077182972971 0.6556573392358733 0.7079959861143834 0.702636766041941 0.5299642953168586 0.7510888352568788 0.5171771008440373 0.7041103200282194
41 0.29933181733690617 0.7461711541518483 0.28604649816657 0.6916633397615634 0.4656421529725776 0.6478951951823969 0.47892819345247517 0.7024019504890672
40 0.33379400933972647 0.7802443537329266 0.3249350323943645 0.7277433036555595 0.4925473409116421 0.6994641060858503 0.5014071133780362 0.751964153480808
55 0.4684272832159877 0.2895441545048337 0.4627832459923411 0.3379413283830098 0.28556800562012086 0.3172743393938963 0.291212385202698 0.26887756801683893
57 0.4930683557205384 0.21890730776975162 0.4942963829071232 0.2919518896093645 0.36273479445560497 0.29416316117194213 0.361507149514523 0.22111896108487736
6 0.4571807283442695 0.6419680655910736 0.44679094594505386 0.6167799802474915 0.4887185812373218 0.599487341075882 0.49910840195775563 0.6246753184301704
6 0.4216640824930664 0.3104177027885655 0.42337574738121475 0.2858377139866102 0.4668073750769963 0.2888620420282321 0.46509576202333847 0.31344198206438184
27 0.0875 0.95546875 0.109375 0.95546875 0.109375 0.96953125 0.0875 0.96953125