43 0.699693143112313 0.3013736032557061 0.6980411925111412 0.3437415265096658 0.5310343379125015 0.33722919278418295 0.5326866202225347 0.29486161633689356
6 0.5315710856059468 0.3410447179630323 0.5304326315498429 0.2954958461300286 0.6079398231903497 0.2935586264730905 0.6090784434225043 0.33910732700329616
6 0.5472904038850857 0.37417846884040185 0.5454628740197904 0.402297972773373 0.4890219642095417 0.39862982135915653 0.4908495811009743 0.3705104111515042
6 0.4677381538951977 0.35096554137152164 0.4643090295502361 0.3955207879986442 0.39544872699320877 0.39022107849911913 0.39887801016004687 0.34566600634307487
6 0.555400874612701 0.6705163046875 0.48013917901425884 0.6705163046875 0.4801395258238017 0.625679346875 0.5554005575665997 0.625679346875
6 0.39616145325544494 0.6642340811282598 0.38069411159790434 0.6113526126660065 0.44616383905838575 0.5922055916426388 0.4616313827124259 0.6450867141529919
55 0.5101223728178184 0.31443258546922787 0.4962811879805713 0.364520057849519 0.3484274977381574 0.3236628431376793 0.3622689066123712 0.273575760450295
57 0.5311799521716694 0.2661464166076396 0.5251012637103258 0.31431072296438317 0.403384764559064 0.29894914342055084 0.40946366778052834 0.250785089604381
38 0.6897144747578068 0.6626186345045261 0.6907605454402983 0.7062998808990802 0.5190232574559559 0.710409902531228 0.5179779889264182 0.6667294327229822
41 0.3439078360146368 0.7370420364749852 0.3275508966008829 0.6783203115099629 0.4888150450669855 0.6334053330136481 0.5051726246371118 0.6921260646015291
40 0.5150540764657308 0.6801820722961966 0.5339840568681211 0.7351903491922077 0.4318537213473519 0.7703298366724299 0.4129245154947512 0.7153222183051227
27 0.09453125 0.95859375 0.11015625 0.95859375 0.11015625 0.96796875 0.09453125 0.96796875