27 0.5765744818296525 0.3746834182560186 0.5784596444678982 0.39792771372845703 0.46096473071656874 0.4074559625497436 0.4590797432479121 0.38421183353000093
27 0.5888832939721169 0.6019871528708496 0.5879975580286327 0.6241173912141902 0.454791908136599 0.6187859024165676 0.455677905691914 0.5966559445220377
6 0.4738371048147201 0.5940593200158444 0.47383723476355044 0.6251768230188007 0.401889511625086 0.6251767781642636 0.4018895896799677 0.5940594831238313
6 0.47718359056830195 0.6204239124611759 0.4804713913915748 0.6654635202238502 0.4120787992934538 0.6704550193554178 0.40879132170402954 0.6254157151167765
6 0.4629361124331126 0.41124469531249996 0.4098836462541158 0.41124469531249996 0.40988375734161764 0.37835926406250003 0.46293601409604435 0.37835926406250003
43 0.42854814025713495 0.3104224961519973 0.43511946278317737 0.2678304395122025 0.6148021881791692 0.29555172690459497 0.6082312710516362 0.3381434101625937
6 0.42576012516633455 0.3122775211785002 0.4286606730611311 0.2705513836446631 0.5161876446184124 0.27663548347138595 0.5132872710806851 0.3183614570030529
0 0.5317666649627881 0.30702124078555976 0.5382675499271272 0.2569216161967075 0.6899287190710766 0.2766002734922665 0.6834282137758692 0.32669955005845663
55 0.4244184827872459 0.28783587131103183 0.42441869041192604 0.3380481148286197 0.24563938744279312 0.3380479696469457 0.24563960737896195 0.28783616393765815
57 0.42269032146668906 0.21702619995795613 0.4305388494771023 0.2896101497329607 0.31726719111497914 0.30185760739794126 0.30941902251527154 0.2292739934347103
38 0.6018101026905924 0.6463991141179184 0.6082617330367839 0.6924268596581574 0.42327102898923386 0.71835063945455 0.4168203873477978 0.6723237780188436
39 0.6700942292421814 0.6745858880099592 0.6724008031346784 0.7233242578083704 0.5195405626600405 0.7305555792328565 0.5172348197888823 0.6818179992283993
41 0.24345917290645502 0.7103963077008099 0.2434599008801115 0.6559400589153199 0.42078469818306985 0.6559407054299006 0.4207849744424266 0.71039598070176
40 0.4221782650276964 0.7102692574080521 0.4125611128362152 0.781420176090767 0.2973540484271098 0.7658494873707982 0.30697197827032596 0.6946994896355883
27 0.0640625 0.96640625 0.0765625 0.96640625 0.0765625 0.97109375 0.0640625 0.97109375