43 0.5057983048099004 0.34631797142677456 0.5102116390924039 0.3052960911800778 0.7007377241843642 0.32579255183405254 0.6963248311218422 0.3668140203890318
0 0.6038656264761357 0.3324594789772209 0.6029421490355844 0.2964598007044867 0.7000298583030826 0.2939692095228611 0.7009534974192775 0.32996872090831386
38 0.49593562180234585 0.7006537444146602 0.4941662250647596 0.6589044224061986 0.6770405829068977 0.6511538301659574 0.6788107297181796 0.6929023594536112
41 0.2908587026740861 0.7239112851850485 0.28484176080996804 0.675182805204693 0.46571041089816845 0.6528510901198868 0.47172815078658914 0.7015786481085318
40 0.34356518291838256 0.7594229585289812 0.3392587167078318 0.7143641527452361 0.4792035404506123 0.700990353838199 0.4835106348772342 0.7460484583809197
55 0.48401781059283167 0.32097064746871107 0.47161559964581556 0.3726929311065705 0.3044412280717097 0.33260755289358207 0.31684373295513524 0.2808857179966567
57 0.49366775449072975 0.282501804277931 0.479416047574432 0.3278207204825863 0.38792693558741576 0.29905008454244925 0.40217874790448604 0.2537313599115755
6 0.47546923464881274 0.38399515084697927 0.47723109894320714 0.3442386651749644 0.5488117074576166 0.3474106554166676 0.5470500080135707 0.38716698386741927
6 0.4395342549638599 0.35657712372384376 0.43586776751908474 0.4060084510572121 0.3541047330903666 0.3999437681958323 0.3577714346055245 0.35051267339418746
6 0.5413531311443194 0.6204097876381687 0.539618653403636 0.6631100934176649 0.47145898282474263 0.660341464254277 0.47319373220011585 0.6176414433811952
6 0.3598150138108167 0.6672004859646863 0.35620668028184355 0.6153843226419834 0.43615827201233515 0.6098172879268265 0.4397669786366123 0.6616330471446057
6 0.386379649736341 0.7096081338595468 0.38266576543537667 0.6613561023382712 0.46732019973455863 0.6548411256868223 0.47103447308711566 0.7030927319481756
27 0.25652782908593963 0.3575978859984023 0.2718021735302045 0.3120199503105666 0.3814279711934887 0.34875703723083284 0.3661539653022601 0.39433468200124894
27 0.25803601393511144 0.6859757226536431 0.2512415036120501 0.6485798299979967 0.368118111084641 0.6273467805034195 0.37491296069254076 0.6647422238902235
27 0.10546875 0.9609375 0.11953125 0.9609375 0.11953125 0.9671875 0.10546875 0.9671875