43 0.5084143217198971 0.3371536251404356 0.5116266800305311 0.2925774632616035 0.6735222766216111 0.30424382660795357 0.6703102987302145 0.3488196129338379
38 0.6345314706684348 0.6699846055682965 0.6332645362883795 0.7130777725796819 0.4694927493120531 0.7082615077756572 0.470760400612221 0.6651690655306189
41 0.45314885837933616 0.6448696226846985 0.4576600240991411 0.6957608439283637 0.29135288423822203 0.7104991750818219 0.28684266446111906 0.659608842444601
40 0.4499951178207766 0.6961031393143826 0.44814959454913605 0.7574537044924924 0.34008985687125914 0.7542026179734796 0.3419360881323428 0.6928527840870594
55 0.481400230413783 0.30433597597169626 0.4768331238432211 0.3558705272310644 0.3048839520574802 0.34063164872716784 0.30945145003681773 0.2890975455252439
57 0.4682636081004148 0.2442903432238555 0.47357288762452754 0.2922139440526605 0.36925448192425847 0.3037703860835682 0.36394543211713426 0.25584699523464377
6 0.4655051816075684 0.40760870626490014 0.46550525538759757 0.37669833295542915 0.5386759429289896 0.3766984401583082 0.5386760042672449 0.4076086770773839
6 0.4311883022329539 0.5035497020127604 0.4321184187998597 0.47493396275333516 0.5229803497970806 0.47788688264047263 0.5220504335304668 0.5065024277347291
6 0.4315759078899646 0.531018887748265 0.4321044955131583 0.5028357665922605 0.5159661664572468 0.5044082872263775 0.5154377684480096 0.5325912233357926
6 0.46169237715002964 0.670616338936249 0.4572768902836515 0.6253264985169622 0.5371222794998403 0.6175428687028418 0.5415380835065662 0.6628323536187306
6 0.5501655118690678 0.6710669621753625 0.5449342248697349 0.7139928642523925 0.4666269783012922 0.7044506305823448 0.47185856905616674 0.6615250833824828
27 0.5247173607909872 0.4031782032398352 0.5248281290981822 0.3820714760790296 0.6272571127357196 0.38260881175480455 0.6271464746370157 0.4037154072500638
27 0.5100694541758912 0.5279173302650756 0.5110758375242312 0.5065871930081037 0.614565959275069 0.5114691852634686 0.6135597583378285 0.532799149510836
27 0.5052933855370156 0.5493113361133435 0.5050917362464133 0.5327546619876783 0.6318979195552856 0.531209822389212 0.6320997396175017 0.5477663232958652
27 0.05625 0.95859375 0.0859375 0.95859375 0.0859375 0.97109375 0.05625 0.97109375