43 0.2967104854022864 0.41701609252479954 0.3416967687711576 0.419246299912633 0.33351608638804464 0.5842498392557314 0.2885298051326117 0.5820196601610497
0 0.28883321299804265 0.5640431384792183 0.24664644747974762 0.5599439592330815 0.2638093871237288 0.38333155156194637 0.30599504771430475 0.38743067569136647
38 0.7024610333361352 0.5765226350097897 0.6524452501108726 0.580176722327288 0.6406065979342657 0.4181389631363451 0.6906211360283123 0.41448492194785475
39 0.6901165425613272 0.41845206802033375 0.7382192022743084 0.417222059472421 0.7420822522593653 0.5682860786400838 0.6939795932835295 0.5695160731100352
41 0.6472282867571266 0.5739598961588178 0.7059641338689744 0.5678452451906173 0.7243216993008446 0.7441618934661355 0.6655858703066997 0.7502764358897118
40 0.7775782241913021 0.6940230490856382 0.699779624170219 0.6885585973612254 0.7079554563614465 0.5721841250839621 0.7857523279734551 0.5776485162494084
55 0.3310285820267609 0.7512654375513006 0.27804326334933194 0.7481765251004815 0.2883255797391939 0.5718414815596335 0.3413090311440783 0.5749303397123818
57 0.2205258588005563 0.5772001821968246 0.28965839429304197 0.5764005218797128 0.29100068985871985 0.6924315379332528 0.2218681544500214 0.6932311892722831
6 0.29599739403840886 0.5007802521055845 0.3409345433423141 0.5070179569182817 0.33007684940014315 0.5852311712925866 0.28513970867459193 0.5789935073807215
6 0.25647583448426303 0.47489700089066555 0.29882469353128727 0.48209814421896885 0.2848079013407414 0.5645222335045548 0.24245905423049408 0.5573211378459305
6 0.3324803607490594 0.656354991246631 0.27837765508934353 0.6467971473798585 0.2916975025547117 0.5714104243873949 0.34579945248719923 0.5809681999933882
6 0.3425735022480012 0.5803018753167539 0.3960210571275411 0.5889571839938426 0.3824227619298881 0.6729184448006056 0.3289752234129537 0.6642632063731049
6 0.6147094306994632 0.666719801041612 0.5784380572571308 0.6749430293292692 0.5640579043832759 0.6115216483826604 0.6003288341232746 0.6032984724848267
6 0.5919680404643941 0.6012887433619456 0.6482544146273312 0.585948959463583 0.6678667934137366 0.6579045248552933 0.611580462505799 0.6732441994652542
6 0.6596164087064835 0.6462254213546668 0.6412881464343627 0.5785525061308845 0.7009418257807738 0.562397977851524 0.7192703281676813 0.6300705056467948
6 0.6061352139959126 0.5984279477229569 0.5977131412120116 0.5288677292086985 0.6490399882859492 0.52265393223722 0.6574623240159099 0.592213840831651
6 0.642960500110803 0.5033230504628342 0.6936087336009678 0.49549370601499076 0.7058567439472654 0.5747196992340441 0.6552085224066104 0.5825489921214451
6 0.692443503125 0.4723837203125 0.741172315625 0.4723837203125 0.741172315625 0.5690406968749999 0.692443503125 0.5690406968749999
27 0.959375 0.9046875 0.975 0.9046875 0.975 0.9328125 0.959375 0.9328125