43 0.4627177070141215 0.3607337093008769 0.4627178571230388 0.3271059378911924 0.620209015046953 0.32710613691580886 0.6202091425459457 0.36073363026389693
38 0.4653747246933335 0.662484322966571 0.4612291690895063 0.6090681318010527 0.621566227733183 0.5966254317350512 0.6257125350144861 0.6500407878486953
41 0.29383337941465015 0.7070756883454594 0.2789668941668424 0.6519113399166411 0.4341585828535699 0.6100927900589859 0.449025624887895 0.6652562495934337
55 0.4386665889092001 0.32554634799052395 0.433498285055407 0.37060982619538435 0.27556511730733746 0.3524963995148649 0.28073373914503463 0.307433291639983
57 0.33353526115570276 0.33440431343383975 0.33059240510362997 0.2800647498292274 0.4520261521070097 0.273488314165078 0.45496929749151604 0.3278275660201606
6 0.36475743251833137 0.35788652963428114 0.3801994749783262 0.3103681090360522 0.43876820016896545 0.32940050102134294 0.42332633767455263 0.3769187686135754
6 0.4550522327102726 0.3940217553295149 0.4550523097286714 0.3593749626772096 0.5142857013078128 0.3593750477726791 0.5142857419358506 0.3940217230692927
6 0.44777900771032364 0.4065062787961232 0.44834942443105774 0.39012471783401687 0.5026389863789973 0.3920149550799558 0.5020686255500095 0.4083964621276407
6 0.4986668085149404 0.4072888578838925 0.4961271720470677 0.4298658941749307 0.43355157536382194 0.42282711722176536 0.4360912898278002 0.40025017055382855
6 0.4771374284811145 0.46484193808638025 0.4761445651434997 0.48826697599002805 0.4086842906713173 0.4854076710747696 0.40967726333292376 0.46198274771876385
6 0.3238252794055825 0.6418473312438367 0.31376508082348664 0.584355954270633 0.40658796242678363 0.5681148679313321 0.41664855109991095 0.6256057457558938
6 0.42667167441788934 0.6089616978349519 0.44762974038883385 0.6635717901158338 0.3688801229635601 0.6937896373894533 0.34792259772393663 0.6391800039145256
27 0.0640625 0.95703125 0.084375 0.95703125 0.084375 0.96796875 0.0640625 0.96796875