27 0.6068167235979445 0.4464750784412994 0.6290905235234732 0.44470581596611813 0.6379032103686768 0.5556435437169608 0.6156294121968813 0.5574127912696345
6 0.6415757995464446 0.595009759598767 0.6138762663330226 0.5940471750862308 0.6157466168031078 0.5402347937072496 0.6434458906993541 0.5411973736907633
6 0.6358402426320708 0.5199851054838605 0.6745036258805612 0.516458150658997 0.6807971138159701 0.5854427999307382 0.6421337334016926 0.5889697342325039
6 0.6722065520991691 0.6075580490293694 0.6722067604933954 0.6751454187087508 0.6280056160775302 0.6751453189814719 0.6280056995726682 0.6075582415638461
6 0.6988699123413653 0.5642420294694289 0.7347472057388131 0.5904239817142396 0.6909776567540575 0.6503948018003662 0.6551005155462235 0.624213028804274
6 0.36695907487307977 0.5090393806536652 0.40700691194672345 0.5122867234815576 0.4015201500717467 0.5799462395130065 0.3614723151948738 0.5766989149527808
6 0.36914273553020394 0.5993641829568682 0.41359592685773805 0.6055432458504459 0.40343682205730147 0.6786206146726661 0.3589836394576196 0.6724415961046458
43 0.3634922729513619 0.5563686505077834 0.3261370666940593 0.5534772861791284 0.34264784019262606 0.34018922371511184 0.3800019227496705 0.34308054338831945
0 0.329659900494903 0.3428696253986589 0.37298961142573717 0.3536674213531973 0.32982554395334773 0.5268681298821917 0.28649588031555595 0.5160704618605287
55 0.3278197995505252 0.5654222525820828 0.3768707136913463 0.575365410938683 0.346736454798247 0.724003560985272 0.29768558249702437 0.714060550875981
57 0.293608213448465 0.5464069903012909 0.3376182835899044 0.5584181478886642 0.2997052657186714 0.6973193881317616 0.2556952588963668 0.6853083943588919
38 0.7164026150693417 0.5550455095016268 0.6768469536186785 0.5611754195541065 0.6483937144372476 0.3775799603181642 0.6879483442920673 0.37145013196685306
41 0.7366631035721412 0.7093714997671315 0.6891323414359931 0.7189400288631194 0.6598952053707308 0.5737227087805503 0.7074246517619258 0.5641543148881879
27 0.965625 0.9328125 0.975 0.9328125 0.975 0.9546875 0.965625 0.9546875