27 0.2952610785997649 0.38181596668662615 0.33112456526532696 0.3819706570882158 0.3306259520899175 0.49756297321509224 0.29476246544868445 0.49740828400735154
27 0.3748208922243066 0.4072179783771156 0.3975994048686289 0.40806271457738896 0.39402173906250937 0.5045296171875017 0.37124322670422316 0.5036848865799889
27 0.33967366642002617 0.6027874120209471 0.38291445124821166 0.610833826755526 0.3585735378184154 0.7416223763867008 0.3153327831266779 0.733576072149824
27 0.384179762629401 0.6254676781930156 0.41037032347833247 0.6285257964070969 0.39644701736870047 0.7477521988776601 0.37025646278061686 0.7446941191990144
27 0.599371902148846 0.41745920017050614 0.6176142604333563 0.4157770606843356 0.6261613880024015 0.5084626920676035 0.6079190313048457 0.5101448205677358
27 0.6686043741913181 0.38106886859399824 0.70176697760553 0.3814780732621281 0.7005273673764805 0.48193275514244255 0.667364763994442 0.4815235531527019
6 0.33236112644908644 0.5371331576640009 0.29264015393221143 0.5397731222778861 0.288744239726725 0.4811568422891045 0.32846485422203386 0.478516889551338
6 0.3727982257447593 0.4909617739898006 0.40055779607052955 0.4935388647520575 0.3932569763541096 0.5721743318290676 0.36549740827308597 0.569597257540613
6 0.3803942993467899 0.6339841704669122 0.3271606551865034 0.6154521372877775 0.3444201266023583 0.5658802442149621 0.39765330389809606 0.5844121885781987
6 0.38675668587995915 0.5878215200682432 0.41622103248550957 0.5900307853319966 0.41266012062180835 0.6375163091239044 0.3831957751376649 0.6353070536936214
6 0.6378629709178085 0.573797481878159 0.6089977710321364 0.5768857088018692 0.6008068133029383 0.5003310766271918 0.629671651980857 0.49724286921397426
6 0.6253032223434047 0.484892245696315 0.6635134640069964 0.4814434732188329 0.670436463947226 0.5581398887926198 0.6322262250516815 0.5615886402079264
6 0.6626378050603989 0.4708807340701565 0.7080801715011376 0.46822293375008717 0.7123328072582353 0.5409279509794522 0.6668904422256219 0.5435857364305757
6 0.6519962104299566 0.563415738964911 0.6629259367907707 0.632664051093773 0.6089802300805331 0.6411772272454239 0.598050892592255 0.5719292617531363
43 0.33136436241613865 0.5374217247330376 0.2902837660091109 0.5365116093810172 0.2937016208869636 0.3822672806862245 0.33478132005370753 0.38317738602389134
55 0.2949040958500291 0.5385404397733259 0.3475383636323386 0.5467026429905634 0.32448114153658025 0.69537154010518 0.27184689992168387 0.6872094522818507
38 0.6644020671775479 0.5449478036577663 0.6644023845965421 0.3797908441744116 0.7078803095112107 0.3797911415803245 0.7078804999708836 0.5449475875717138
41 0.7239029563464783 0.6991455070916832 0.6694916119228083 0.7076315230492726 0.6442314878329398 0.5456809461958617 0.6986411758491613 0.5371950615180248
40 0.7733815889000653 0.6597777986859571 0.7155831010768452 0.6687097216679972 0.6937526610881832 0.527455971590218 0.7515496993286206 0.518524161719328
27 0.93125 0.87421875 0.940625 0.87421875 0.940625 0.89921875 0.93125 0.89921875