6 0.3164781882070429 0.5327034875 0.27298430686698794 0.5327034875 0.27298459915209605 0.4469476734375 0.3164779247269962 0.4469476734375
6 0.26308345 0.53197674375 0.3168316828125 0.53197674375 0.3168316828125 0.617732559375 0.26308345 0.617732559375
6 0.31646400455679213 0.5583708261617732 0.36842880243546006 0.5615310135970977 0.36396846502555036 0.6348671586891467 0.3120036691519772 0.6317069924172501
6 0.6811454891314952 0.5452094061331992 0.6346147481699518 0.5429455830550496 0.6385708851724985 0.46164366667409495 0.6851010489251621 0.463907475727374
6 0.6827731180177352 0.516868703552719 0.6742647609205505 0.44925440586500426 0.7201172363184014 0.4434849050440594 0.7286257881596612 0.5110989752818103
6 0.6301272984375 0.5559593031250001 0.682461103125 0.5559593031250001 0.682461103125 0.632267440625 0.6301272984375 0.632267440625
6 0.7432655215254726 0.6016600074451345 0.6860951379317157 0.6127857315138128 0.6712102513411082 0.536304568813739 0.728379882425088 0.5251789201992142
43 0.31789258829803657 0.5327034875 0.2743987250881901 0.5327034875 0.27439932894878893 0.3524709296875001 0.31789212910894094 0.3524709296875001
55 0.2670465985974033 0.5312766957844844 0.3219096700205455 0.5382397379595723 0.29759076059417566 0.729830902949715 0.24272771237224333 0.7228679903442164
57 0.18727097765440703 0.519343544422235 0.2591829464398643 0.5088999506074271 0.2760781050052401 0.6252248475976206 0.20416615885892497 0.635668334406667
38 0.7245404519651402 0.5218023265625 0.6824609888443547 0.5218023265625 0.6824614544906353 0.32340116250000006 0.7245398102965055 0.32340116250000006
41 0.7545871568124767 0.7143023098453435 0.697755006299758 0.7213402969082297 0.6745115576313765 0.5336627835157068 0.7313416652032174 0.5266249253084772
27 0.96015625 0.90390625 0.96484375 0.90390625 0.96484375 0.93359375 0.96015625 0.93359375