43 0.30987037610225343 0.29075985702400253 0.35127767929259335 0.2937278312256716 0.33758928920656217 0.48469161055118126 0.29618198999799006 0.48172367024702856
38 0.660824288693675 0.30492342211966056 0.702186696831177 0.3012579006819759 0.718332121487947 0.48343803675372643 0.6769697189379258 0.4871035178071917
41 0.7332791248305739 0.6812255726231145 0.6848850790493088 0.6896492747753042 0.655587973496722 0.5213525391062314 0.7039805695083032 0.51292896422951
55 0.30896725447928475 0.5128813281274416 0.35939244659653014 0.5189175578322831 0.33716793367761966 0.7045561386714293 0.2867427581973061 0.69852001317185
57 0.317620545377963 0.6189493713185392 0.23548550406383129 0.6420443635247159 0.20639325011597975 0.5385887004319269 0.2885268262424461 0.5154939262118132
6 0.3820759338099151 0.5059415622691366 0.3336671190987772 0.5039753775227147 0.33636036406278436 0.4376757273902979 0.38476871949740143 0.43964190282324633
6 0.4811281982396167 0.48500493657118265 0.5123443239684775 0.4862220971078213 0.5095915515623801 0.5568158983628011 0.47837542621698503 0.5555987446607422
6 0.509090302786376 0.4875720182100116 0.5402297717902229 0.48648793557415876 0.5427438708923091 0.5586977291781983 0.511604402232706 0.5597818055548933
6 0.681235429927824 0.513143522522721 0.6387793348158084 0.5140057329852402 0.6373684645195681 0.44452733063676075 0.6798241274752854 0.4436651245768376
27 0.34137227933820213 0.4432056355234349 0.3485561646855331 0.31482695017147017 0.38592001034999157 0.3169177484085459 0.37873641249996126 0.44529616874995226
27 0.6732335559776175 0.3344947099421507 0.6732337201410701 0.4592335933495279 0.6396059658462718 0.4592334469138716 0.6396060520379478 0.3344948060906991
27 0.95703125 0.88359375 0.97265625 0.88359375 0.97265625 0.90390625 0.95703125 0.90390625