43 0.29075966571326717 0.6901294307074995 0.2937288165302334 0.6487215145386406 0.4846917259649217 0.6624108811567477 0.48172344133763545 0.7038179931594568
38 0.30492350414783687 0.3391759055658204 0.30125786602627613 0.2978132608683338 0.48343764964010916 0.2816679678464775 0.4871036105020039 0.3230302555435683
41 0.6812253368560732 0.266721193109493 0.6896503410473542 0.31511427041182355 0.5213532333480089 0.3444121994498188 0.5129286587492743 0.2960194940029314
55 0.5128810770900145 0.6910322095905472 0.5189199696574178 0.640606945137427 0.7045572852888426 0.6628346885840988 0.6985194669289285 0.7132589648063498
57 0.6189434522557349 0.6823812362530313 0.642044624352252 0.7645144258407609 0.5385931455451782 0.7936056077864921 0.5154931290285276 0.7114734054027401
6 0.505941622950445 0.6179240767516131 0.5039752705266665 0.6663328073293167 0.4376753966917022 0.6636396923334834 0.43964204940698437 0.6152312754899208
6 0.48500474304785257 0.5188717774444965 0.4862222384767847 0.4876555707730481 0.5568159943449018 0.490408542665212 0.5555986747166344 0.5216245801622006
6 0.4875720419188383 0.49090971987532095 0.48648790213849225 0.45977013869171873 0.5586976926880425 0.45725616495956306 0.5597819891610243 0.4883955843189888
6 0.5131434234679091 0.3187646266000135 0.5140058276774653 0.3612205914393757 0.44452736107325563 0.36263165462105446 0.443665112948338 0.32017584336319144
27 0.4432061519240733 0.6586277495509687 0.3148267990839031 0.651445553042164 0.31691774204261947 0.6140814168854131 0.4452961687500192 0.6212635874999991
27 0.3344947734375 0.3267663046875 0.45923344843749997 0.3267663046875 0.45923344843749997 0.360394021875 0.3344947734375 0.360394021875
27 0.88359375 0.02734375 0.90390625 0.02734375 0.90390625 0.04296875 0.88359375 0.04296875