43 0.2701604839536458 0.34384425583608413 0.3165522089556134 0.3455836019002341 0.3096515293378843 0.529628111943771 0.2632598055671451 0.5278887875038497
0 0.2672446069432226 0.48545116508556574 0.23675889237404135 0.48256194748923853 0.250860411802023 0.33378097921956085 0.2813455464237222 0.33667016866733507
38 0.6709399345431848 0.31937052857311876 0.7190982681731839 0.31489954842421214 0.7358982565166343 0.4958490258672787 0.6877399305257086 0.5003199545193597
39 0.7085596982947209 0.4306621090351026 0.7085598904137669 0.28153299058828024 0.7547553159751033 0.2815332353891091 0.754755502909461 0.43066196193387407
41 0.7360227938222579 0.6797286852985234 0.6806968261721522 0.6859813867738778 0.6617061890749483 0.5179569214075322 0.7170304823556535 0.5117043148261463
40 0.7704032932247173 0.6216616227744713 0.722150663290904 0.6253749417875591 0.7120602627602466 0.4942611929534041 0.7603118353708851 0.4905479143828081
55 0.27312292939518557 0.5356291963405523 0.3295164964636115 0.5411261445292185 0.31303294397491754 0.7102132574693073 0.2566393888876064 0.7047163975648395
57 0.28171159153066583 0.6080509817491032 0.21132885329984674 0.6275849392917368 0.18572162098018907 0.5353271035103052 0.2561032357808699 0.5157933122365267
6 0.6144568743385435 0.5501062147212893 0.6660946259552247 0.5400392798297067 0.6810869928553984 0.616934091155846 0.62944926129137 0.6270009558847298
6 0.3230397971858565 0.626273200790018 0.26758156229084307 0.6236989788333038 0.2716972395701305 0.5350509128119397 0.3271546111009229 0.5376251147876921
6 0.35929747920886257 0.638375407059493 0.30551568470923485 0.6205035474697412 0.32897196624401204 0.5499254994594615 0.3827530925015026 0.5677972385098576
6 0.2681797711056788 0.44451036121256227 0.314803703477196 0.44829776683377454 0.30810986037602106 0.5306949170851757 0.2614859308329187 0.526907534757862
27 0.91875 0.89140625 0.9359375 0.89140625 0.9359375 0.93046875 0.91875 0.93046875