43 0.3286289554761197 0.5859311302857375 0.28490787216082936 0.5809299611274482 0.3041837487050998 0.4124369607611587 0.3479036934679698 0.41743806330736266
0 0.31250016669127945 0.5142857140625001 0.26630422217908745 0.5142857140625001 0.2663046525780146 0.36515679531249984 0.3124996642731048 0.36515679531249984
38 0.6679971405646938 0.4530865178766549 0.710750173977317 0.45052755052642934 0.7209050513336024 0.6201726295768029 0.6781520212459782 0.622731561159299
39 0.7416740580770238 0.554876532325323 0.700983361879139 0.555820929152493 0.6973712391855997 0.4001777406852571 0.7380609959932372 0.3992333549045841
41 0.6980571718794408 0.8009751179670938 0.6491863698674933 0.8030462024591701 0.6424939153251898 0.6451331993929343 0.6913630563850575 0.6430621496060478
40 0.7640969881057345 0.7304466015666493 0.7105862534182279 0.7482903167117179 0.6713103519458627 0.6305225587734173 0.7248198186821355 0.6126790727699652
55 0.3162143626740317 0.6165562255282871 0.36756513134321267 0.6210573516723314 0.35389686383859953 0.776969085290926 0.30254610465317455 0.7724680333062575
57 0.28054452560729715 0.5958115210722088 0.33395202099995913 0.6160867930393087 0.2928596615861352 0.7243147823799824 0.2394522875539451 0.7040397459614062
6 0.6562687971500054 0.7130249598060855 0.6075718337915532 0.7198058465058307 0.5982279913415596 0.6527102356706926 0.6469242816941687 0.6459293963563434
6 0.42336513254429065 0.6580326736275093 0.39874251997923693 0.7180345417787296 0.3432190242788238 0.6952525916286979 0.3678417688869331 0.6352510962082009
27 0.9265625 0.89375 0.940625 0.89375 0.940625 0.91875 0.9265625 0.91875