43 0.3508835485679356 0.5477351921875001 0.3091031445902672 0.5477351921875001 0.30910369119703773 0.3742160265625001 0.35088304874523146 0.3742160265625001
38 0.6683554641799674 0.360813789666483 0.7113638014650405 0.3639779036379739 0.6977988918315532 0.548348610485326 0.6547905584244518 0.5451845374733368
41 0.7083119970862981 0.7081234432186131 0.6596075200062614 0.7161771904982291 0.6341255629367879 0.5620923664328076 0.6828286185032084 0.5540387380123046
55 0.32113002979065186 0.5691601545804176 0.36800090284634734 0.5720156111355917 0.3589008925954431 0.7213697501598406 0.3120300230249313 0.7185143354908535
57 0.3206643129950635 0.5988702801241923 0.32303325466818933 0.6900630251841907 0.2644174827705683 0.6915851048746645 0.26204908075908406 0.6003928893823894
6 0.37048302165533187 0.5802637524065709 0.36048183189382144 0.6212094073726222 0.31254331001935043 0.6095012657156392 0.32254462206992685 0.5685557941758742
6 0.41668255335810045 0.5930217235547397 0.40163407135014495 0.6399619290362829 0.3542010729681806 0.6247570128278298 0.3692496704397854 0.5778170252472101
6 0.48403532499999996 0.5282229968750001 0.508152175 0.5282229968750001 0.508152175 0.5930313593750001 0.48403532499999996 0.5930313593750001
6 0.5342849046892297 0.5933393973745907 0.5084976109394574 0.5927681086891515 0.5099042431507996 0.5292868086349126 0.5356912547662205 0.5298580941773879
6 0.5917460754677677 0.591934227691639 0.6388041681972254 0.5788285257181769 0.6551491708324875 0.637511330368987 0.60809110870116 0.6506169574751969
6 0.6798422680586782 0.5527759095863154 0.7022832266355863 0.6063684416369326 0.6516644286574547 0.6275616511546205 0.6292237809841481 0.5739693823102234
6 0.6975175381963936 0.546733161460093 0.6534761289829021 0.5436666657614958 0.6579437982107947 0.4795098073177946 0.7019847653195939 0.48257628754710674
27 0.6540834324799789 0.36583361261918546 0.6875444812288833 0.3637949879930904 0.6951458301055027 0.4885537260806727 0.661684782673774 0.4905923343834491
27 0.48158734107380496 0.4210729670429479 0.5044386109066181 0.4205887261725398 0.5069337764582542 0.5383274841782351 0.484082506767777 0.5388117208714087
27 0.5105298094997579 0.5498258424403221 0.5105300160786328 0.40905916586159663 0.5326086904128715 0.4090592806658651 0.5326087094805416 0.5498257339102345
27 0.32099184142407466 0.6048780477046339 0.3583827825706294 0.6099051664039626 0.3433244243523177 0.7218922822437974 0.3059334942690839 0.7168652213069784
27 0.909375 0.82265625 0.921875 0.82265625 0.921875 0.85078125 0.909375 0.85078125