43 0.3279979799957573 0.5164689268648225 0.2869493188220531 0.5139989131601668 0.29769063090998316 0.3355102792495805 0.3387383140985776 0.33798026289021255
0 0.2837753547206603 0.29363035278942745 0.320632888668797 0.3000315796163526 0.2904146327272201 0.4740175672701054 0.2535571155226535 0.4676164072556281
38 0.6695861469952433 0.3262707151912452 0.7102657924845062 0.3256943365817982 0.7129333927800872 0.5139590485280215 0.6722537475434365 0.5145354201791484
39 0.6826855575758373 0.3097408287825603 0.7218465573062076 0.30337833065562175 0.7456782961199906 0.45005613595524635 0.7065173099629192 0.45641857906894523
41 0.7397994020467422 0.6909932979146483 0.6861905871470526 0.6971555378674436 0.6658844539015263 0.5205161516783315 0.7194915565825113 0.5143540100525896
40 0.7975673216960786 0.588838038101951 0.7208598151069054 0.5931518573195019 0.7147307241333465 0.48416529667752994 0.7914368801382352 0.4798515152638125
55 0.2858552983274194 0.5140285539667383 0.3350765003027618 0.5188891449760891 0.3176733248197934 0.6951056928462074 0.26845213460080686 0.6902451805523048
57 0.2099561839420403 0.49558261395204434 0.28320324773517314 0.48351512262509666 0.30012411853408594 0.5862125462465637 0.22687707930083434 0.5982799342837172
6 0.3697761925686791 0.475235373746657 0.4009553875475831 0.4775733153846676 0.39640522122658695 0.5382505234774646 0.36522602741388255 0.5359125927776145
6 0.598505434375 0.4655052265625 0.631793478125 0.4655052265625 0.631793478125 0.53240418125 0.598505434375 0.53240418125
27 0.9359375 0.8828125 0.9421875 0.8828125 0.9421875 0.90625 0.9359375 0.90625