43 0.38008310913608057 0.3773309985327745 0.4232623566242637 0.38782014874852955 0.37934275244367655 0.5686063121190387 0.33616355538856624 0.5581173037027588
38 0.6355244916322818 0.3816194901425778 0.6772918500448668 0.374985488507012 0.7068023921325448 0.5607708203694404 0.6650350553134103 0.5674047311802366
39 0.6790482183498625 0.3298681665096562 0.7171600204932247 0.33010255367430863 0.7162172347697151 0.4833941726484093 0.6781054326264666 0.48315978772240425
41 0.7103552248482856 0.738405247517246 0.6571021600783524 0.7437080022372422 0.6402339080616457 0.5743218124911086 0.6934851627992202 0.569019148902894
40 0.6899715383946159 0.6715117117369681 0.6899719146342704 0.5668603636671687 0.7605931556125824 0.5668607180248737 0.7605934738000997 0.671511373047092
55 0.34558234198823357 0.5566350443320273 0.40109453448098975 0.5656245733251433 0.3749791092755004 0.7268736300740345 0.31946694962471156 0.7178842434974558
57 0.3043482376948532 0.5315190586910175 0.3573814288954509 0.5425227127417219 0.3277767210620368 0.6851900369825112 0.27474357236985725 0.6741865313556261
6 0.3486522905008087 0.5568929138236522 0.40535654456357406 0.5701161043097936 0.38634297373243953 0.6516420080337539 0.32963875412258403 0.6384189193904763
6 0.35475108525292853 0.47700744269902295 0.39993711912427443 0.4857886841263238 0.3838874865497246 0.5683692904914953 0.3387014694892514 0.5595881080220282
6 0.6507770946037681 0.680232559375 0.5999291872965387 0.680232559375 0.5999296007568091 0.5952034875 0.6507766622630697 0.5952034875
6 0.660186067352015 0.589440316389002 0.6135677823247079 0.5883078868834923 0.6155232581222663 0.5078302502272384 0.6621409138668923 0.5089626720666007
6 0.655404786108079 0.4803852031954095 0.6980749242691218 0.47820303084579274 0.7025673183275103 0.5660401720960163 0.6598971813479011 0.5682223291554532
6 0.6289504083404154 0.5938859902490629 0.6818002794530003 0.568210615582147 0.7125572479927769 0.6315134719662857 0.6597074852074911 0.6571886780844082
27 0.93359375 0.8859375 0.93984375 0.8859375 0.93984375 0.9015625 0.93359375 0.9015625