43 0.45444211345261465 0.3353469298276857 0.45769541216316156 0.2950287217054915 0.6551957935355404 0.31096405090840085 0.6519429179776353 0.35128185449690463
38 0.6540928167466973 0.6554782261244116 0.6550664172522147 0.6973818147624442 0.4613552408945907 0.7018789558549812 0.4603824957204097 0.6599761793245366
41 0.2898802345612239 0.7251490434974517 0.28248026799053605 0.673097110649024 0.4600613356986969 0.647853392650609 0.4674621137022541 0.6999043680851088
40 0.44848330891306887 0.69861457053864 0.4564845875139554 0.770227604491025 0.3473106528600738 0.7824224342038097 0.33931034321858533 0.7108102898593143
55 0.46354207321792273 0.2982019352219006 0.45492947736454425 0.3522306706466575 0.2887844019160184 0.3257458577616431 0.297397340862517 0.2717175610334473
57 0.4690005772612267 0.24837572141358416 0.45773879603450496 0.30475070553482797 0.3247737342297796 0.2781889607669602 0.3360357396222753 0.2218142865990352
6 0.43516508405696186 0.3607303049222898 0.37578949457304134 0.3296564948207913 0.4052917730018635 0.2732859221383674 0.46466706033004357 0.3043596356212182
6 0.4248826123229037 0.39496962372413996 0.3574165312139712 0.3762027523031855 0.37033117201735877 0.329777745151427 0.4377969129830035 0.34854456636871034
6 0.42648080322669557 0.38077443449980425 0.42648090488194157 0.42221468474977497 0.3574912535366366 0.4222146268517664 0.35749132658088456 0.38077455169948504
6 0.548952819088413 0.30205982593988573 0.5465385984854265 0.34416093329462444 0.4526968851591846 0.33877956044311996 0.45511128694204217 0.29667864287479234
6 0.5175741086567314 0.33176154440859845 0.5192106020031133 0.3742830856196278 0.4391243820271029 0.377364935854234 0.43748807988458793 0.33484358080038223
6 0.5071558294821443 0.3678774381796884 0.5075633436940734 0.40047244844556795 0.43855902360348864 0.40133492249874186 0.43815164291174824 0.3687400443138507
6 0.43832747003648365 0.4303668697249742 0.4383275556994022 0.39673909032659854 0.5052264484927491 0.39673918593621105 0.5052265044629394 0.43036682395553816
6 0.436236934375 0.5747282609375 0.5114982578125 0.5747282609375 0.5114982578125 0.606657609375 0.436236934375 0.606657609375
6 0.5095804591622937 0.6018289635513672 0.5110714033628483 0.6281285973049815 0.4409747027323192 0.6321016460044648 0.4394839411071416 0.6058021858600775
6 0.5226199751325566 0.6157018442423328 0.5298480715700862 0.6560629901524258 0.45139491073678073 0.6701105669208266 0.4441671708256081 0.6297497359925828
6 0.5308215115509256 0.6572942628880334 0.53206175571529 0.7005373495300875 0.4588191685676293 0.7026373050287301 0.4575792617558818 0.6593945485218334
6 0.4836006379033506 0.45352029904926383 0.48257098590079295 0.4788691598489422 0.4191781247327526 0.47629416710077577 0.42020788578440715 0.45094542048566444
6 0.4924004846901653 0.4736073408046702 0.4931839691648747 0.50253398961042 0.414934910428542 0.5046529309238472 0.41415159916266475 0.47572645160729826
6 0.37367530409983374 0.6600295719411441 0.3719102327544306 0.6093338435671258 0.43987195432362114 0.6069678752440407 0.44163734622793527 0.6576632694800225
27 0.09296875 0.9109375 0.11328125 0.9109375 0.11328125 0.915625 0.09296875 0.915625