43 0.49136138809160457 0.3286704676392479 0.4967628390606933 0.28621275864339046 0.679434034650285 0.3094509717986459 0.6740330053676189 0.3519082898795687
0 0.5400446361745708 0.2923406864917116 0.5481797329637175 0.24972514826855322 0.7136982157405782 0.2813207147024671 0.705563477519263 0.3239359344391488
38 0.6927984271687819 0.6611819452295216 0.6987743834235971 0.7084967950922947 0.4973807586333123 0.7339264196548597 0.49140592328706134 0.6866125752009117
41 0.31216919400606 0.7423762817183658 0.3071333042187234 0.6938097936386327 0.47945511281989184 0.6759432100566649 0.48449180378429446 0.7245087876087172
40 0.5047642676033774 0.7322674484083567 0.49735316233136473 0.8134961982235804 0.3836867934597876 0.8031262284980546 0.39109886926951276 0.7218985663669072
27 0.6483816826945485 0.48222800002023214 0.6480608754428658 0.5049930239277935 0.5036219404536268 0.5029569102583479 0.5039429908972579 0.48019213603974276
6 0.42179257451857666 0.31506241699918414 0.42868355702887584 0.2612472377356312 0.5127931595040991 0.272017070992812 0.5059024017467664 0.32583204688043527
6 0.3790958840086205 0.3565042261335589 0.3943688875136786 0.3033859407659961 0.4757120320447257 0.326773570941338 0.46043930284463386 0.3798916210037368
6 0.4497644715260094 0.38564687107238965 0.4475413940516546 0.4221984294976669 0.3774953196337947 0.41793816356137276 0.3797185436695827 0.3813867601479854
6 0.3404017024801078 0.604787093125027 0.3415253429977838 0.5747724781067209 0.4140318806171308 0.5774864540556812 0.41290844359377843 0.6075008720797035
6 0.3615585464500555 0.6405762497735846 0.35983343220982533 0.6051225813188752 0.4247728216314499 0.6019630282858447 0.4264981425538963 0.6374164782839132
6 0.36575284187654233 0.6844651317407895 0.3653482398514143 0.6311893388914264 0.45750474705880606 0.6304893747581468 0.45790983633116866 0.6837646762834033
6 0.4084302328125 0.6796322484374999 0.4847383734375 0.6796322484374999 0.4847383734375 0.7277227734375 0.4084302328125 0.7277227734375
6 0.4305074361301422 0.5072678163595647 0.4298368121274052 0.47832118871246554 0.5060056295236564 0.47655656598527574 0.5066764150050176 0.5055030268726093
55 0.4769338084355468 0.3290161394567479 0.45780970626628914 0.3826121134340465 0.29361169153355604 0.3240241550038284 0.3127360018761465 0.2704286562974768
57 0.5201004769104429 0.27308951007761356 0.5068087735975269 0.33318883269319843 0.3496305654241496 0.2984271146756707 0.36292256659089617 0.23832821607767707
27 0.09453125 0.92109375 0.11640625 0.92109375 0.11640625 0.93046875 0.09453125 0.93046875