43 0.49901129423665225 0.6737792095685033 0.4987041973821533 0.7224315184620299 0.334265202071947 0.7213919046064341 0.33457314212989786 0.672740446232882
0 0.4750485776178266 0.7212903673924166 0.4696262903457864 0.7645838651117786 0.30907364635686463 0.744477225135201 0.31449659613463155 0.7011845202578278
38 0.3529528972501339 0.32332644081032597 0.3523170842901209 0.27699074572035853 0.5138144042579142 0.27477427510895863 0.5144505544182039 0.32110963390442204
39 0.49092656032064497 0.22881587858239524 0.4956870538196654 0.27520278018231725 0.3315611040210342 0.29204531453907245 0.32680094195825404 0.24565871960326766
41 0.7339199357089683 0.26606976821889095 0.7391889824988311 0.32615105097578656 0.5535111361685949 0.3424330996153233 0.5482426425103313 0.28235231546491707
40 0.5569396351817204 0.2814971275711936 0.5599495683144369 0.20972181884392688 0.6774699758474299 0.21464994508541999 0.6744603769097921 0.2864249263219654
55 0.5340467186036904 0.7091602878829755 0.5385834807810852 0.6583679205445774 0.719265932647545 0.6745030555095229 0.7147302177540951 0.7252944457574525
57 0.6383736699708606 0.706459549232148 0.6379565108579754 0.7776503599479939 0.5180971613882548 0.7769467387633358 0.5185152788839105 0.7057568850254952
6 0.41742160312500004 0.67357336875 0.498257840625 0.67357336875 0.498257840625 0.72078804375 0.41742160312500004 0.72078804375
6 0.6144753424259761 0.6655069531380952 0.6110654669597579 0.714473918297814 0.5345593583617756 0.7091465896396332 0.5379695967372982 0.6601800171265253
6 0.6491141959214701 0.6157382974959453 0.6476317045154474 0.667446335915496 0.5600102143051799 0.664933925380901 0.561493134977809 0.6132263300032975
6 0.585481881402302 0.6238138290886776 0.5889248237484708 0.5867369146229282 0.6593942918218545 0.593279854966765 0.655951612168451 0.6303565257780271
6 0.5903315142452357 0.5907506195589964 0.5936535568889667 0.5589498309801207 0.6537890965751103 0.5652311341717686 0.6504672380552847 0.5970317536728097
6 0.4369337984375 0.63077445625 0.5128919859375001 0.63077445625 0.5128919859375001 0.680706521875 0.4369337984375 0.680706521875
6 0.5846260078561727 0.41044627155198166 0.5793922899798645 0.3782349506962545 0.6619942905415428 0.36481420869073716 0.6672281356466101 0.3970253701701677
6 0.5505226175705502 0.5468748981157739 0.5505227704653635 0.5784646824496736 0.46341460979328986 0.5784646620928902 0.4634146929462304 0.5468751138528639
27 0.43770814869094465 0.6756287386553489 0.4368423493831415 0.7133889824648207 0.33458142533845603 0.7110436783848145 0.3354476215909017 0.6732838344605205
27 0.5895470390623814 0.7088994562499565 0.5950583986699485 0.6690228829877783 0.7192341686669579 0.6861818266997942 0.713723396526234 0.7260578800343636
27 0.6229965156250046 0.6664402171874656 0.6310087175418175 0.6231635937523259 0.750468647654202 0.6452767923062934 0.7424570389998735 0.6885528990335511
27 0.7741509642704614 0.6179692425755813 0.7702971203898414 0.641686611451708 0.6491434600389994 0.6220019088512413 0.6529975222819075 0.5982848178893203
27 0.7536216257493606 0.3675861491079321 0.7559087568214409 0.38941286544592735 0.657244867096324 0.3997507300109601 0.6549578744429709 0.3779241436314053
6 0.5762454228154184 0.3898619036770123 0.5695126149081489 0.3405958122868631 0.6641910835018052 0.32765724619456227 0.6709241058490534 0.3769230789338215
27 0.8328125 0.0578125 0.8703125 0.0578125 0.8703125 0.0703125 0.8328125 0.0703125