27 0.3349184792983806 0.44320564094065695 0.33262395491090047 0.31120730790369117 0.3727051802857204 0.3105106700342328 0.375 0.44250871093744376
27 0.6328113091059322 0.30555741628486316 0.6763382547616175 0.3074328078863874 0.6692062916715713 0.4729555125969745 0.6256793468749038 0.471080139062498
6 0.33270884700300485 0.4390962319537428 0.3809139131469692 0.44027099340931675 0.37918320321932697 0.5112841188091581 0.3309781373205851 0.5101093633682566
6 0.6773244238329426 0.525530487780546 0.630184136610751 0.5327104782019639 0.6196598207837951 0.4636166306267273 0.6667996242672416 0.4564366774809841
6 0.3603294058514166 0.5490200106659714 0.4076178128373158 0.5530282854270633 0.4014660865054793 0.6255970666961247 0.35417768277818595 0.6215888180131814
43 0.33505536956317883 0.4851307218826278 0.29382238856067033 0.48479853646671067 0.29524361229675833 0.3084568424562536 0.33647569817890144 0.30878902422255133
0 0.2764184919484478 0.26868774469154066 0.3135057546851385 0.2712701515821723 0.30131029057031355 0.44640914695132417 0.26422303066919994 0.4438267651132261
38 0.6674779356700355 0.31592741272835273 0.7121780975160164 0.315044151715322 0.715924190022065 0.5046178510665186 0.6712240286567521 0.5055011014717362
39 0.6907054754844921 0.3103186002048995 0.7362979019648037 0.3053408282911117 0.7526407066643515 0.455021862911481 0.7070482883373188 0.4599995910743471
41 0.7460923279866165 0.6585926567218291 0.6846995083094498 0.681180687849948 0.6310091064269727 0.5352673909240959 0.692400365535832 0.5126796749077818
55 0.31890937941852826 0.5322231745191806 0.3634284883600003 0.5354982923280069 0.3516010070501352 0.6962534667481041 0.30708190314703643 0.6929783981388447
57 0.3221646704030263 0.5999071487983754 0.24800857603838722 0.6064246848159565 0.23897255969438902 0.5036155816611141 0.31312737100972754 0.4970981024613403
27 0.934375 0.86875 0.9484375 0.86875 0.9484375 0.9 0.934375 0.9