43 0.33627725712665324 0.48641115 0.2938178042834352 0.48641115 0.2938183159728851 0.32195121875 0.33627689143372663 0.32195121875
38 0.6266026232000286 0.3236008715444571 0.6736830845159147 0.3250813411339467 0.6681819893242391 0.500013497265122 0.6211015285709891 0.4985330440866266
39 0.6658344891778825 0.32433176023823956 0.710790227379789 0.3234552953131023 0.7139834636577689 0.4872355805160169 0.6690277257132493 0.4881120365115511
6 0.6209824030541995 0.4249161749345166 0.6682169308043058 0.4234772936342224 0.6704775668064258 0.49768317025432063 0.6232430394248922 0.49912204405767324
6 0.7101428080576397 0.4897275737888845 0.6662565566191461 0.4881997117973724 0.6688279783442113 0.4143498413495033 0.7127137872133744 0.41587769567129373
6 0.6487072125579516 0.5237166164154514 0.7051023487649672 0.5062253311549184 0.7250913467623832 0.5706679725245077 0.6686962544742983 0.5881591595021608
6 0.2829252114024712 0.5479569139353506 0.30522635891418304 0.4990454034044392 0.3612685192283607 0.524595623336534 0.3389676624309459 0.5735068863850312
27 0.29726484691207133 0.5477274512816299 0.3388249183781227 0.5480595079706755 0.3379015971345325 0.6636094441892187 0.2963415256523376 0.6632773910804557
27 0.7137800914591708 0.6645723442949979 0.671798997432461 0.6663095680695371 0.6675674163726626 0.564051606770751 0.7095476883105221 0.5623144002885065
40 0.7090124869737338 0.4982630567521436 0.7704286201868626 0.500258612152517 0.7669737651772266 0.6065773791035441 0.7055576328684765 0.6045818415552555
41 0.6517264227949227 0.5120070726596093 0.70661792178214 0.5053187187594477 0.7257408821693616 0.66224621187223 0.6708494002095904 0.6689344720666694
55 0.29688974694249737 0.5036211028317836 0.34723060363035074 0.504162319626709 0.3455071593867842 0.6644517476741705 0.29516630274474664 0.6639105385230127
27 0.93671875 0.8859375 0.94609375 0.8859375 0.94609375 0.9078125 0.93671875 0.9078125