27 0.47242892536144154 0.6714988553826321 0.472090333823985 0.7112309347993837 0.33129282269999294 0.7100298845683956 0.3316319961575118 0.6702983907500343
27 0.3719142364552681 0.660228458877614 0.37434548324472416 0.6163450140140956 0.49573668637390256 0.6230692479885919 0.4933059890518052 0.6669521637841734
27 0.3929999764450258 0.46837455795616556 0.39655728140962765 0.44229548462489143 0.5200823169748219 0.4591435070984654 0.5165252676886212 0.4852223465285221
6 0.46499902853884123 0.6676212278182666 0.5183882682346166 0.6720096707940544 0.514593591386074 0.7181685699937538 0.4612043541832236 0.7137801484427331
6 0.48531082990518826 0.6219962365737078 0.5399131989755688 0.6253964245217544 0.5369348025216141 0.6732193943462772 0.4823324349297309 0.6698192224461692
6 0.5606295626711244 0.6467493453799209 0.6134368998382342 0.6777538298973939 0.5791562882337757 0.7361325132984927 0.5263491142478642 0.7051282491396219
6 0.5528111835419622 0.6539229834948548 0.5687065310514754 0.5955947284001438 0.6319730941098669 0.6128337559529905 0.6160781759684824 0.671161643606684
6 0.5143873334890259 0.4878275514148732 0.515250018961865 0.4576915933350087 0.5832348947175205 0.45963754391632566 0.5823723610222942 0.4897733539839643
6 0.5105879814806258 0.45518439873973104 0.5130334709906492 0.4250313900923724 0.5778990576690148 0.4302917672526977 0.5754537097546972 0.4604446441979212
6 0.560360944646618 0.32308714512615894 0.609351361601739 0.2899354396670961 0.6471596236691539 0.3458054238584194 0.5981693012209917 0.37895701462593195
6 0.44772294940673873 0.305772223587614 0.45075975138763624 0.26208546926248977 0.5295906191885251 0.2675650714396961 0.5265539773838555 0.31125167388095126
43 0.5174423925417386 0.7142857140625 0.3328484128784339 0.7142857140625 0.3328495567537857 0.6676096187499999 0.5174417305447605 0.66760961875
38 0.3381783236194451 0.3045886979937505 0.34014476498225577 0.2581185136032263 0.5273094348669929 0.2660377877793301 0.5253433876466715 0.31250759896077235
41 0.6868783642217977 0.24649400366654728 0.6927826191117674 0.30274996331806364 0.53639311163397 0.31916245778861696 0.5304892719746022 0.2629068804416921
40 0.5111791636987846 0.2548745274000547 0.522562225671436 0.187616835254334 0.6202844608072837 0.20415560403196034 0.6089016630622837 0.2714130602788998
55 0.5285492537477694 0.7083954796082924 0.5352226021566366 0.6569744544795774 0.7043519843217609 0.6789198618237 0.6976796622291204 0.7303399513108783
57 0.5170669979929698 0.7691416849986722 0.5153859529090141 0.7034877875149309 0.6232987725788917 0.7007249168347331 0.6249805921304414 0.766378018459368
27 0.8765625 0.07109375 0.890625 0.07109375 0.890625 0.07734375 0.8765625 0.07734375