6 0.44003586763051317 0.34200147221864613 0.4374315042573471 0.398104778417623 0.3622187324389188 0.3946131919595231 0.36482332095056336 0.33851012049247065
6 0.4668989025301471 0.3705842556587484 0.46689903019375834 0.3230298160904228 0.5428571258339616 0.32302995953663827 0.5428571891237652 0.37058420845514817
6 0.5198606695713579 0.397418478125 0.4571427916714583 0.397418478125 0.45714291601666446 0.3654891312500001 0.5198605603058013 0.3654891312500001
6 0.4436826531513134 0.3414418024736446 0.37647827744649476 0.3361391074972749 0.38044423426288176 0.2858796643999331 0.44764828686220426 0.2911823465466766
6 0.4485004186135484 0.6403678957332843 0.4472264096979188 0.6037758757502298 0.5127466804557343 0.6014948534077285 0.5140209079995657 0.6380866466989651
6 0.5418085121688136 0.6747499820586718 0.4760747516494348 0.6940127805919477 0.4602458154951137 0.6400029171375053 0.5259788775018706 0.6207402278775931
6 0.45548256150527777 0.7179088405720994 0.38879711093363767 0.7321577566007967 0.376224825555596 0.6733257702682907 0.44290945165118956 0.6590769455234873
6 0.36575955648845593 0.6732418895823366 0.3607518583633009 0.6150286898739087 0.43611851706361904 0.608546111362281 0.44112660385167146 0.6667588820134197
6 0.5547039367903608 0.7286005437499999 0.47874536240976795 0.7286005437499999 0.4787458119100165 0.6800271749999999 0.5547035937855753 0.6800271749999999
6 0.5007828086794461 0.5714078582178909 0.5019753938304348 0.6080993471051767 0.41858450903191624 0.6108091016495847 0.41739220827923873 0.5741178901868361
6 0.35052264843750003 0.5866168468749999 0.4048780484375 0.5866168468749999 0.4048780484375 0.6236413046875 0.35052264843750003 0.6236413046875
6 0.3338478843733128 0.5874324692285694 0.33758369758936624 0.5542248777045765 0.40153545112275424 0.5614186407633384 0.39779984301333116 0.5946260429524878
43 0.6460068174382059 0.27377622555116454 0.6483651545808016 0.3173157434126406 0.4798502500242421 0.32644226629497525 0.47749226575024295 0.2829030771906536
38 0.4801389963266729 0.7296196056456999 0.4801394518528923 0.6810460600955575 0.6508708758844932 0.6810467925491267 0.6508713107950825 0.7296194364415614
41 0.4480992935383483 0.6651933396356718 0.4525093792104826 0.7194661592524484 0.29070400443993094 0.7326105926885481 0.2862949266286705 0.6783387281224019
40 0.4620208334106337 0.7187491416679341 0.4620216082208799 0.7795514461087031 0.35958194007480415 0.7795518433892255 0.35958187588551027 0.718750252058556
55 0.45028384915610786 0.29067871580431803 0.4496467078893147 0.3424824213734372 0.27895721282095565 0.3403822474066201 0.27959477320644055 0.2885789671906037
57 0.3493261174580766 0.30125239989760916 0.3451984619711084 0.23713377211832184 0.4523337215360925 0.23023696782480163 0.45646163808282836 0.29435531327550474
27 0.08984375 0.925 0.12890625 0.925 0.12890625 0.9375 0.08984375 0.9375