27 0.49071197610476247 0.5009780430129176 0.4628272187518405 0.5024881546726131 0.45565961573186087 0.37013887668843903 0.483543890159126 0.36862877801792965
6 0.49326992584713025 0.5657442220626641 0.4632974400628882 0.5663060822660377 0.4618300442226655 0.48802374635108864 0.49180215754063283 0.4874618896141406
43 0.27536917818588336 0.35369130157908824 0.31938543289800236 0.35558426862346276 0.3121682283623386 0.523393426229085 0.26815197509472455 0.5215004804346502
0 0.2849865015865589 0.42717770156249996 0.24558409319786279 0.42717770156249996 0.24558448987659176 0.27177700312499997 0.28498622944675844 0.27177700312499997
38 0.6540534439731118 0.3294580809773696 0.7045451714385536 0.3233899051823301 0.7271515597354892 0.5114827307806468 0.6766598462729689 0.5175508326860583
39 0.735946944712623 0.4312390382393447 0.694484796507254 0.4288696788614454 0.7036867330928089 0.2678550692763655 0.7451481611660711 0.27022440784177576
41 0.7103840615851595 0.7214479275282013 0.6568582941192744 0.7228066329294963 0.6520124060773469 0.5318854238295682 0.705536275152781 0.5305267420920525
40 0.7074563573303294 0.5427639259101955 0.7804686907113592 0.5492338874543748 0.7704376760498235 0.6624199568441403 0.6974253511519919 0.6559500629532261
55 0.2884897891917717 0.5341241032958968 0.33545244528238527 0.5355210406314471 0.3299413702492302 0.7207734661178369 0.2829787152282961 0.7193765533499588
57 0.22172794584651 0.6392703900515957 0.22430261598867673 0.5263668790280278 0.2977506376639667 0.5280418693061387 0.29517672831286745 0.6409446235698282
27 0.94296875 0.8453125 0.96796875 0.8453125 0.96796875 0.896875 0.94296875 0.896875