6 0.39736931714264756 0.3341586758939944 0.3940221092916545 0.3856622250387522 0.30660841860469645 0.3799810915342131 0.3099558550666188 0.3284777849152042
6 0.3206394781095696 0.6346906972781733 0.39313076214784815 0.6232521023664405 0.40190585695256686 0.6788565623593217 0.329414588338409 0.6902950927496778
6 0.3908962519136594 0.6863522851823923 0.39229821216736127 0.6403477959636068 0.47251817535118334 0.6427919492297794 0.4711165993104487 0.6887960669284321
6 0.390940765625 0.61107336875 0.46062717812500004 0.61107336875 0.46062717812500004 0.643342390625 0.390940765625 0.643342390625
6 0.3902439015625 0.5835597828125 0.46689895468750003 0.5835597828125 0.46689895468750003 0.618206521875 0.3902439015625 0.618206521875
6 0.38885010910780693 0.36480977804796655 0.38885026225250385 0.3196330863006729 0.46411149245477645 0.31963327558966464 0.4641115166157306 0.36480979060690966
43 0.41062948165313173 0.32080648448258736 0.41276796711508723 0.27829289408530783 0.6195889719573415 0.2886952309367869 0.6174509166540929 0.3312084059190795
0 0.44917833999636514 0.2805341861405727 0.4537976974858111 0.24262891782963625 0.6198346829797856 0.2628623162301981 0.6152156164813505 0.30076731775903814
38 0.5934860849145025 0.6780368036678485 0.5958262576366451 0.723630477173856 0.41138084189572055 0.733093762505914 0.409041614624698 0.687500992190286
41 0.2228479281413911 0.7471229543314457 0.21819676813629485 0.6923243857458741 0.4120082145026345 0.6758749466486462 0.4166604216080714 0.7306723744894166
40 0.43057320396496834 0.7291500292026724 0.42899534875675727 0.8028264259179969 0.31666773283086513 0.8004201154771405 0.31824653211367604 0.7267446895515642
55 0.41907257792911423 0.28983457412296987 0.40886395018242183 0.34335812153041134 0.2269246367499136 0.3086566433863166 0.23713359934367872 0.2551335612731501
57 0.4684940341270476 0.24490696227101935 0.4516890808906737 0.30219104922806617 0.31492150185704304 0.2620689866197912 0.3317266394890339 0.2047852122034546
27 0.11875 0.93359375 0.14375 0.93359375 0.14375 0.94765625 0.11875 0.94765625