43 0.31467964170713003 0.4687913536993601 0.27164761601113696 0.46952089015157433 0.26875160817155574 0.29867704408027196 0.31178278152174244 0.29794751481477355
6 0.31487780198233395 0.4655052265625 0.2697009784041029 0.4655052265625 0.2697012102315739 0.39442508750000005 0.31487760977961443 0.39442508750000005
6 0.3184099124101749 0.412092455554484 0.3710426096508854 0.4234939562625154 0.3561094429900322 0.4924256453137482 0.30347676372662136 0.4810242001739063
57 0.2797596739976598 0.6526605977976582 0.21062052831939582 0.645840966128093 0.2220615674501687 0.529869476702918 0.2911992773625798 0.5366890371947454
55 0.29078256051889184 0.4812659942614045 0.3429743700964991 0.48550563689605775 0.3289529513394882 0.6580994528887923 0.2767611495443134 0.6538598735751929
6 0.3440163368447884 0.4871178667072631 0.337438334205558 0.5504403808122178 0.283753159622961 0.5448637200853019 0.29033139775435757 0.481541472843284
6 0.32309659270458724 0.5614704130548306 0.34168269962356135 0.4973064239104493 0.40307461546035483 0.5150880434796068 0.3844889007432357 0.5792516982029111
27 0.5006794329116246 0.431358884375 0.47350539315402784 0.431358884375 0.47350557241634306 0.3010452968749999 0.5006792212171831 0.3010452968749999
6 0.47214673906250004 0.428571428125 0.50203804375 0.428571428125 0.50203804375 0.5052264796875 0.47214673906250004 0.5052264796875
6 0.5305097156699503 0.4272767173820728 0.5280979843769273 0.4919318564020774 0.5002054709203776 0.4908914036752593 0.5026173232937481 0.42623639071452407
6 0.6319288878869429 0.41922698063427927 0.6811400447711549 0.4155369016619615 0.6871427696780756 0.4955847889226743 0.6379316152648471 0.49927484719287035
38 0.6834239125 0.3128919859375 0.7258831531250001 0.3128919859375 0.7258831531250001 0.4954703828125 0.6834239125 0.4954703828125
39 0.7049816335933201 0.2132322805117112 0.7550420035503294 0.21160558808479463 0.7602434407926921 0.37167266955093625 0.7101830714609605 0.37329935039790857
40 0.7789435038797592 0.614474066366252 0.7118720622928549 0.6051341629282228 0.7281800458862335 0.4880394716347247 0.7952501778294163 0.49737928271372517
6 0.6678071444745228 0.5127945298127896 0.6768378348652959 0.5766137819289536 0.6210753535940512 0.5845033669326815 0.6120449957594474 0.5206844125086382
27 0.9078125 0.8640625 0.9171875 0.8640625 0.9171875 0.8921875 0.9078125 0.8921875