43 0.32652621438717233 0.4830661666173911 0.28609053493948977 0.4826330075370039 0.2880029832758737 0.3041616719015331 0.3284377858227572 0.30459482624295087
6 0.3265566838840641 0.484441257504225 0.28291019401467565 0.4823139394542011 0.286352458527972 0.41169804597685683 0.32999852727778034 0.4138253537330801
6 0.33022772474316753 0.4234613700244421 0.37504150851316354 0.4265817114573507 0.37003576239396807 0.4984688288632437 0.325221980299375 0.49534850324653024
57 0.30917304029833304 0.640534333520465 0.24205075958536781 0.6399170858112682 0.2428972344913518 0.547945050524495 0.3100184054296733 0.548562293154174
55 0.31370595328644413 0.5201397863528947 0.36721231182161773 0.5253802524188779 0.34742419459826124 0.7273992245369448 0.29391785025939043 0.7221588591756444
40 0.783628393280992 0.6190676494688154 0.731020705463834 0.6412636078278064 0.6887845047393739 0.5411669477548798 0.7413913114029356 0.5189712001164264
41 0.721098267538423 0.707324249702224 0.6697461957451196 0.7118747641642856 0.6538262569337121 0.53223042619754 0.7051765967581787 0.5276799887128332
38 0.7143343839516092 0.48989547031249997 0.67051590735025 0.48989547031249997 0.6705164005353481 0.29268292812499996 0.7143337626902166 0.29268292812499996
6 0.7132353517864658 0.48920063503184513 0.6692136522214014 0.4879385073847143 0.6714241957802187 0.41085015549238674 0.7154454267581514 0.412112276384949
6 0.672214784391258 0.5045296171875 0.6260189255009436 0.5045296171875 0.6260192068078823 0.42926829375 0.6722145695874815 0.42926829375
27 0.940625 0.884375 0.953125 0.884375 0.953125 0.9359375 0.940625 0.9359375