43 0.4697009927504041 0.3495665211438177 0.4724191009833021 0.3037673297889396 0.6772897470319776 0.31592500460322703 0.6745721423631039 0.3617237080202832
6 0.46996041073953165 0.3519304357922051 0.46900224459886886 0.30761665048402737 0.5535708259554895 0.3057880878595357 0.5545291755132666 0.35010168262338254
6 0.5344055798649379 0.3492011488195393 0.535835301332213 0.3962096150726208 0.45915705572053866 0.3985413459579386 0.45772754554411677 0.3515330851190073
6 0.43630886626374377 0.4309300457005728 0.373353879110482 0.4201483159262817 0.3827702236941377 0.3651698529774603 0.4457247924200374 0.3759515460290386
6 0.4346104478210009 0.42106467717849 0.4332471567331595 0.45748963455493036 0.3694359411414325 0.45510127032789305 0.3707993811557344 0.41867646764666
6 0.5010031161066308 0.42033629540405254 0.49994762831909156 0.4550461523717134 0.43098765595982513 0.4529490409317711 0.4320432979858424 0.41823934311490657
57 0.45825353578686645 0.29706345031132403 0.40321287162112185 0.35770461082181054 0.314317886440449 0.2770212128084433 0.369358309053041 0.21638036590879706
55 0.4637768241060485 0.3242424319595471 0.4587676966480103 0.37852919290785814 0.26994443552450775 0.3611057058466707 0.2749540425500072 0.3068194952903889
27 0.40632695351223447 0.3207655027266385 0.4010546349941251 0.3661942374476451 0.2718002256148111 0.35119327897682046 0.27707280731158335 0.3057648424757143
6 0.37141867550735697 0.6360572413885349 0.369383293796659 0.5984098308806678 0.43368431697717824 0.5949336980961698 0.43571991296460055 0.6325808837366922
6 0.45723459999624083 0.6798069346782755 0.39116575322668723 0.7000942722616931 0.3737138703176015 0.6432660069415468 0.439781976917061 0.622978791344859
6 0.5134833700058152 0.5364465964254594 0.5106085123833282 0.5615564527063484 0.44094637152443283 0.5535811861657208 0.44382135591979477 0.5284714753153016
6 0.5140032737133424 0.5777335368785023 0.516519635487839 0.6165143931229327 0.43943452200073807 0.6215152114076493 0.4369184498074219 0.5827346281101614
6 0.44286710546077757 0.6485510801521533 0.44021279563571625 0.6158218643113884 0.5110343309299878 0.6100789022877443 0.5136888430384943 0.6428078936560316
6 0.5313201024943055 0.6404976266191985 0.5327124785013666 0.6919886041588744 0.4639321595193451 0.6938478055476291 0.4625401527948725 0.6423571868843719
27 0.5079941859374912 0.6414427156249606 0.507329554143439 0.615196728323536 0.6732876711208746 0.6109935007748944 0.6739527076305194 0.6372390733479301
38 0.6865005526985897 0.6825964638560357 0.6883034159493491 0.7327426755055721 0.4627417434959398 0.7408468125854862 0.46094014458878974 0.6907017943491623
6 0.46663150615268023 0.7430633455485115 0.46170194795843145 0.6924113259329145 0.5454637262093911 0.6842606050359138 0.5503936961024465 0.7349121585846886
27 0.071875 0.9578125 0.078125 0.9578125 0.078125 0.9640625 0.071875 0.9640625