6 0.5248133181686399 0.3170090272080568 0.5219171462063059 0.3625628284435401 0.4319417779554442 0.35684233593579723 0.4348381456233028 0.3112887425194771
6 0.3751363004594168 0.32968993167993377 0.37660418021209807 0.2785010926893756 0.46022281779607965 0.2808987987419628 0.45875514250462857 0.33208743833406723
6 0.43263428519617264 0.3375220482874896 0.4213429800581707 0.38881462816498696 0.3427480996377881 0.37151352663813286 0.3540395632012405 0.3202211688518161
6 0.4959687724408468 0.6188114642487873 0.5092845962968795 0.670708856935342 0.43940762993531735 0.6886350805569637 0.4260922390900532 0.6367380607637075
6 0.42223322552297304 0.6593711665359883 0.35992151682341955 0.6811278436025618 0.3397448958228324 0.623347779954486 0.4020559252729754 0.6015912323391966
6 0.44257347121060775 0.656692216272556 0.4513394475110317 0.7106350688449582 0.37636027845314857 0.7228172385472938 0.367594785827805 0.6688748163834508
43 0.46247922376551287 0.31344626410129717 0.46926125079528447 0.26717180348563174 0.6329919641411834 0.2911673834763055 0.6262103329407864 0.33744148189263695
0 0.5464326802883761 0.302453839023452 0.5559258511176495 0.25052044055084405 0.6861051796489619 0.2743158650000557 0.676612354125723 0.3262489545856002
38 0.6166463529679049 0.6493796893062862 0.6254753592824045 0.6973168475139991 0.46511209019945454 0.7268461579449766 0.45628400899920507 0.6789098097156953
39 0.6801201992938104 0.6687012442549876 0.6891785185827075 0.7172952580530614 0.5476909327477415 0.7436641879163968 0.5386334658900296 0.6950709235513893
41 0.27825977374141075 0.7319630150190417 0.2733333997148293 0.6760536709445373 0.44439938858806727 0.6609814429529614 0.44932667923922054 0.7168897771448635
40 0.35734162595531416 0.7793008882351349 0.3603455582234574 0.7090746768719972 0.47756614629213345 0.7140877453321205 0.47456318769548034 0.7843130161246405
55 0.4621647548030978 0.2845061514892514 0.45602186576536496 0.33799302662986525 0.2860932948095751 0.3184766678399511 0.2922365470110435 0.26499021313197285
57 0.47840713844470883 0.21914946760908488 0.47890811999377547 0.2859205855629406 0.3736823688146842 0.2867096962952535 0.37318165999511166 0.21993884347705236
27 0.07578125 0.89609375 0.10546875 0.89609375 0.10546875 0.91015625 0.07578125 0.91015625