6 0.289194915625 0.42514535000000003 0.3290960453125 0.42514535000000003 0.3290960453125 0.4978197671875 0.289194915625 0.4978197671875
6 0.3306528860586013 0.4441402613922762 0.37643716255126947 0.44731796570223714 0.37143786204808293 0.5193428154859157 0.3256535873521216 0.5161651280244643
6 0.37652037636507885 0.471605979288859 0.40230478990736174 0.47518513893749526 0.3937713006677086 0.5366561164567583 0.3679868906848469 0.5330769738394961
6 0.4314972723334449 0.555232559375 0.397598791095902 0.555232559375 0.39759894772839743 0.49200581406249994 0.4314970841558079 0.49200581406249994
6 0.4816543208960411 0.5761406516335376 0.45493004761010525 0.5749328835296798 0.4582067849936493 0.5024384662739958 0.4849307379321317 0.503646227094562
6 0.5130022327896313 0.595503856554792 0.4821722294600477 0.5941105433263179 0.48600199864404203 0.5093822127020028 0.5168315611208527 0.5107755159307367
6 0.5469631799469425 0.5123545626595258 0.5469633502511897 0.5944767578156619 0.5158898045883689 0.5944766736460423 0.5158898494393043 0.5123546936004156
6 0.5494946379827752 0.5112409880935466 0.5761145442577345 0.5121031754414833 0.5735961304897046 0.5898518540291501 0.5469762245013499 0.5889896723210569
6 0.6088681993860519 0.502032425436063 0.6380858004317815 0.5040602674198589 0.6330622121065517 0.5764350345834491 0.6038446122817049 0.5744072046778871
6 0.6658927665479268 0.5507908531808292 0.6348796497314879 0.5521606057253411 0.6321613584168517 0.490616581315726 0.6631741739583958 0.489246835414732
6 0.662015003018837 0.4676082693260214 0.7064026255452518 0.46914864389901445 0.7038109946014401 0.543823806076202 0.6594233725221557 0.5422834403388095
6 0.7041734217468729 0.4496460690790718 0.7435624166575963 0.45092186008905333 0.7414569242229163 0.5159227495770805 0.7020679296181243 0.5146469646505882
6 0.7168078648920755 0.5494185662553798 0.716808021235579 0.6191861071895435 0.6701976768479199 0.6191859700262554 0.6701978096583616 0.549418718193246
6 0.6620988532216643 0.5632802933738524 0.6870648138346951 0.6203576266913696 0.6344481688979613 0.6433695604886427 0.6094825638404018 0.5862925292867973
6 0.5640236659460243 0.6091710613609531 0.5953400362712955 0.6104388898784567 0.593073360318499 0.6664207837422376 0.5617569904047741 0.6651529621274795
6 0.39491260139061524 0.575893772164906 0.42970997299539704 0.5801200987884266 0.4217017307267952 0.646048468924413 0.3869043638557059 0.6418221683967487
6 0.35060791589557994 0.5410627182140669 0.4048627132190177 0.5572833405768406 0.3838061437286342 0.6277061679088322 0.3295513927388356 0.6114856519830141
6 0.33992268446843354 0.5996548882772015 0.29331517801892915 0.5899506525866529 0.3080218079196584 0.5193259544547062 0.35462875748328315 0.5290301301403221
43 0.3312150308474884 0.49709302343750006 0.28884170269543574 0.4970930234374999 0.28884216329527135 0.3219476734375 0.33121454345143775 0.3219476734375
38 0.7464691120443376 0.5130813953124999 0.7040959527666928 0.5130813953124999 0.7040963366573578 0.3502906968750002 0.7464685724650053 0.3502906968750002
41 0.7302056838841509 0.7274039074245711 0.6790025458016089 0.7304374934192391 0.6683341815889889 0.5503767930568129 0.7195355462054067 0.5473432593529592
40 0.7229199520072598 0.5170542176168759 0.7922428575284357 0.5246796554097141 0.7813195320807154 0.6239741973410451 0.7119966374918931 0.6163488255854541
55 0.30478977890345504 0.5190101242147983 0.35111790607857074 0.5209293425428473 0.34351723496365594 0.7043829836704718 0.29718910953590694 0.7024637980404435
57 0.24082679049706712 0.48650027029981574 0.32109997999521056 0.4976429550216226 0.3086952122735056 0.5870006618975427 0.22842204010021305 0.5758580597238252
27 0.921875 0.896875 0.9296875 0.896875 0.9296875 0.9171875 0.921875 0.9171875