6 0.3188186029710778 0.5989817661307735 0.26563630220084633 0.6038418195545274 0.2585362470755399 0.5261516860417174 0.31171783977526957 0.5212916652201391
6 0.25523807573938484 0.4424336185142576 0.30164436643121917 0.44081802374844353 0.3043851906525106 0.5195400403695356 0.2579789004048507 0.5211556258026468
6 0.3476661365673408 0.463001430465852 0.3497559689770924 0.5292020369523374 0.3026760757164766 0.5306879375780051 0.30058648600481774 0.4644875659067563
6 0.6877357703592679 0.6085634130735751 0.6327031974182091 0.6177834641605419 0.6214457092505654 0.5505951925200118 0.6764776339636001 0.5413751969073968
6 0.679347825 0.5282229968750001 0.729279890625 0.5282229968750001 0.729279890625 0.5951219515624999 0.679347825 0.5951219515624999
6 0.3065918273537136 0.5957441357329011 0.31734813296918674 0.5275942299383242 0.37561133959400195 0.5367892838087585 0.36485542394041204 0.6049388397980061
43 0.30501482879401465 0.5213710447653231 0.2573547491217596 0.5232226865911456 0.2504508044804652 0.3455134495869621 0.2981097563409776 0.34366182981871285
0 0.2673518525325562 0.47683077138969127 0.21773049729404192 0.47470920871962485 0.22359073223663017 0.33766276744717816 0.27321124206821423 0.3397843119858317
38 0.6919157609375 0.3567944265625 0.7384510875 0.3567944265625 0.7384510875 0.5198606265625 0.6919157609375 0.5198606265625
39 0.7156584574812541 0.3320854576589427 0.7647131007068992 0.3267722130600441 0.7806559107988278 0.4739579366442492 0.7316012758211627 0.4792711330380224
41 0.6759709605748867 0.535526609045091 0.7309828774230027 0.5299407975808369 0.7491291031811897 0.7086347604636647 0.6941172013208643 0.7142204776531735
40 0.7851547385475897 0.6437510859254753 0.7224293109322844 0.6347906205197138 0.7384397644133287 0.5227300558271109 0.8011639284172816 0.5316904286274443
55 0.3122257492866538 0.7122253532919034 0.2598283965255632 0.7112431517224497 0.26336641893794877 0.5225767265593172 0.31576195232389637 0.523558911319289
57 0.2699184679531754 0.6367683712236133 0.19797396993146776 0.6377514877320232 0.19628842287897896 0.5143599562352718 0.26823134702272 0.5133768505615747
27 0.9046875 0.8296875 0.925 0.8296875 0.925 0.8703125 0.9046875 0.8703125