6 0.4517544207027413 0.3164112837556343 0.4541663941615752 0.27670069164601035 0.5283160557311248 0.28120427378163493 0.5259042239366636 0.32091473188820935
6 0.4875236934536815 0.3551334946407442 0.48974004820036043 0.3870620512285564 0.4254759979745586 0.39152262387292436 0.423259767066952 0.3595941829779627
6 0.3493766189200187 0.3676122207758669 0.3550555760472207 0.31618794664854016 0.4295967201063604 0.324419455275787 0.4239179853788073 0.3758435251578847
6 0.4924101122687716 0.6224169791945218 0.4913218635376779 0.6683384526053232 0.42239502696838827 0.6667048465227964 0.42348357886703525 0.6207836840387861
6 0.4284051670832696 0.6646947125010463 0.3742831154694386 0.684349448519943 0.35231862548232584 0.6238741132506554 0.4064400583533825 0.6042195008438744
43 0.44998382835865414 0.3165634177382044 0.4527843657763242 0.2776614969807548 0.6081781062781602 0.28884764296180376 0.6053778686086844 0.32774927443483565
0 0.5145811661116113 0.2922276223414692 0.5162799364558168 0.2502765539371865 0.6650613172959083 0.2563009438936657 0.663362819480426 0.29825174224534023
38 0.44694737436998366 0.709392731633939 0.44694776190419816 0.6606636958759362 0.5915696786458966 0.6606641806965239 0.5915700251534872 0.7093924798125246
39 0.6581704512548185 0.6894812049728405 0.6589286209193688 0.7362561188599342 0.5164378809714663 0.7385637572815748 0.5156804458597435 0.6917895597583976
41 0.2856973700997969 0.7378043844820652 0.27794163328724153 0.6916449341810973 0.45009572380718055 0.6627226246566218 0.45785214158524923 0.7088812164562773
40 0.3361892723322626 0.77128298761889 0.335144376045605 0.7131687470676914 0.4883419104795621 0.710413810725824 0.48938779388117837 0.7685270493514161
55 0.44940626493871605 0.282545911273466 0.44298490830919945 0.32953658998583146 0.2798092372714791 0.30723823530788824 0.28623088180574996 0.2602479094897357
57 0.44404049890397346 0.1845572385171724 0.4645965269072576 0.25895748876236124 0.35365938232030203 0.2896073337273515 0.3331037147221423 0.21520739146573706
27 0.09765625 0.94375 0.11484375 0.94375 0.11484375 0.95625 0.09765625 0.95625