43 0.332156415925283 0.485918282034626 0.2835816364680568 0.48756243056610643 0.27788077271770817 0.3191257894058269 0.3264545253664437 0.31748165853158855
0 0.286925473293536 0.4364935581392066 0.23010857271628993 0.4213881891686437 0.2688543866479449 0.275659306508326 0.3256703655555384 0.290764542960295
38 0.6872192529916674 0.34131293837619747 0.7313086712202903 0.3443828499424331 0.7199562664108043 0.5074154071606292 0.6758668512326267 0.5043455281112631
39 0.7073554870835324 0.3400216798700623 0.7498551868758341 0.33514765461170726 0.7665063388502631 0.48033265218935933 0.7240066463914445 0.4852066326012551
41 0.7492547773331353 0.673705248138599 0.7005981769145819 0.6844844784387694 0.6666462742363137 0.5312430450552925 0.7153015626212209 0.5204639627608841
55 0.32106348456898104 0.6879165624574191 0.2694339762739446 0.6816257426500104 0.2911991616438172 0.5030246969963389 0.3428270455466418 0.5093154183713497
57 0.21201483934373755 0.48609713409782884 0.28758274566973796 0.4847072828289034 0.28955729145639 0.5920567615411626 0.21398938549157265 0.5934466006014498
27 0.7337122114821568 0.6855034200082329 0.6986848156700489 0.6906896887600165 0.6819371860863157 0.577590168579831 0.7169638363435524 0.5724039553434326
6 0.39232330881122834 0.5331008986266316 0.3923235078577818 0.6118467689063828 0.33491832535059984 0.6118466091280178 0.33491852146607926 0.5331011374922344
6 0.3865489125 0.563763065625 0.4256114125 0.563763065625 0.4256114125 0.625783971875 0.3865489125 0.625783971875
6 0.6836688143735046 0.6045442307179585 0.6340674950449738 0.6114513357484285 0.6241859888191357 0.5404954218760676 0.6737866984549328 0.5335883598693806
6 0.6304347828125 0.46271776875 0.676970109375 0.46271776875 0.676970109375 0.5275261328124999 0.6304347828125 0.5275261328124999
27 0.9328125 0.85546875 0.9421875 0.85546875 0.9421875 0.87109375 0.9328125 0.87109375