43 0.5140816170354583 0.33215597773449484 0.5124377628789034 0.2835815203398959 0.6808741572506278 0.277881127334419 0.6825183803798609 0.3264551873007107
0 0.5635062374673225 0.2869253004074536 0.5786126581970166 0.23010893941034424 0.7243412545349202 0.2688545326579773 0.7092352638884449 0.3256705162510686
38 0.658687103237753 0.6872176281065068 0.655617402001667 0.7313076784309913 0.49258418128033554 0.7199565444801779 0.4956545947866289 0.675867259522695
39 0.6599777023068327 0.7073543066934163 0.6648535549535382 0.7498545207662358 0.5196679752458522 0.7665065360273535 0.5147928856576982 0.724007014970864
41 0.3262966102269047 0.7492536521968931 0.31551531863635773 0.7005980743235614 0.4687559940510937 0.6666464139692811 0.4795378730381117 0.7153011863523919
55 0.312083078652563 0.3210631232518735 0.3183748918178253 0.2694347322753536 0.49697571660169615 0.2911991411364794 0.49068438023005 0.3428271046456603
57 0.5139025770719172 0.2120146597053092 0.5152928032091495 0.28758274804289025 0.40794325061813197 0.2895572616616662 0.40655333975553276 0.21398948702694592
27 0.31449664695401225 0.7337115274034907 0.309309471250117 0.6986844270174556 0.42240935889003595 0.6819373510688204 0.42759688937167084 0.7169640252699521
6 0.3881533109375 0.334918478125 0.46689895468750003 0.334918478125 0.46689895468750003 0.39232336874999996 0.3881533109375 0.39232336874999996
6 0.374216028125 0.3865489125 0.436236934375 0.3865489125 0.436236934375 0.4256114125 0.374216028125 0.4256114125
6 0.39545653024913463 0.6836685819327113 0.38854805284540817 0.6340676320833023 0.45950344529251197 0.6241860636836346 0.466412217133211 0.673786660670547
6 0.5372821359129603 0.6304347159403425 0.5372823116185828 0.6769701492590698 0.472473772498347 0.6769700126035781 0.4724738963446953 0.6304348776907843
27 0.12890625 0.9328125 0.14453125 0.9328125 0.14453125 0.9421875 0.12890625 0.9421875