43 0.5149241391051191 0.34941324403572227 0.5150764589931214 0.30454838109820803 0.7060435227531343 0.30519606335144783 0.705891632717794 0.3500604935076198
0 0.7353454906990464 0.2833435101653481 0.7294572316177437 0.3299807981035065 0.5529198422960917 0.3076915390713288 0.5588084210414763 0.26105462691902964
38 0.7027318042372599 0.6546334426905567 0.7010601220553099 0.6968337800454382 0.508397932921298 0.6892000341952594 0.5100704124130289 0.6470005019893856
39 0.7333223891348553 0.6616279058646399 0.7400099493164589 0.7065880747389623 0.5596520942389134 0.7334088799426851 0.5529655029046125 0.6884495726742247
41 0.2965382551305993 0.7028483762874131 0.29028044637129824 0.6472178929554115 0.4790341530837168 0.6259866945112035 0.48529289297448486 0.6816161110866052
40 0.5148431479742612 0.6861310058324438 0.5094763456496594 0.7632035497265507 0.3918266276010627 0.7550112015060161 0.39719434983385327 0.6779396454653218
55 0.5025133426557886 0.3036598021714567 0.49205769856610004 0.3575770432757989 0.32186345782122316 0.32457312754519874 0.33231943606722325 0.27065634590122184
57 0.40087595087993577 0.2960330463159088 0.4037047933500162 0.2264011048268316 0.5236640673182364 0.23127436652114303 0.5208355771563902 0.3009059602024626
6 0.5156794437500001 0.30536684687500004 0.5972125421875 0.30536684687500004 0.5972125421875 0.34952445625 0.5156794437500001 0.34952445625
6 0.5392250925044664 0.5821452889873734 0.5401005806093053 0.612670962788033 0.47067122256942184 0.6146616485157829 0.4697959329477044 0.5841361666434577
6 0.49247523171732155 0.6527275636197324 0.49033608245815685 0.608843971392551 0.5605537136945031 0.6054215127161187 0.5626931431108915 0.6493048066970222
6 0.5783970289046465 0.6487770347451475 0.578397245607448 0.6915761114575946 0.5087107423033785 0.6915760599569762 0.5087108301503349 0.6487772875936457
6 0.42132552826740266 0.34072500447629983 0.47503774105780394 0.3500631033138871 0.46646882109234866 0.39934901783507853 0.41275661504096206 0.3900109453567418
6 0.40367492457767185 0.6893424858730044 0.39850798280895106 0.633694881018624 0.479850197560836 0.6261430688646686 0.4850175475629612 0.6817902160157754
27 0.05 0.96640625 0.0578125 0.96640625 0.0578125 0.97890625 0.05 0.97890625