43 0.3314958395762915 0.5137502494766737 0.28891742137614074 0.5150366128524353 0.2834553368714978 0.3342321876877995 0.32603272491542157 0.3329458402444987
0 0.2974411650673119 0.3854882551245789 0.24857396137542764 0.3660267301481962 0.2837623236706577 0.2776737633108773 0.3326291158132335 0.2971351967962169
38 0.6536170674417008 0.33621193113965564 0.7015557163405219 0.33252765450334626 0.7158184757131494 0.5181008824266211 0.6678798321913746 0.521785114379745
41 0.6621747339323747 0.5475462068859074 0.7196705094390836 0.5440481633984542 0.7301511800912976 0.7162947582347172 0.6726554100110889 0.7197927437572562
40 0.7998202444448452 0.688447030073765 0.7333680585193179 0.6924277527636566 0.724294169501718 0.5409557611531476 0.7907444647936472 0.5369750953939053
55 0.2881950748538884 0.5502897232604381 0.33873105183567986 0.5506221073700727 0.3376349845293589 0.7172501978364095 0.28709900758576623 0.7169178190364944
57 0.23316200254657815 0.5835496928228511 0.29003328052851884 0.5741133545494128 0.3079961776223854 0.682360293675948 0.2511249232568389 0.6917965324508792
6 0.28325395105889584 0.43702469321246257 0.3247025953345428 0.4319810354796924 0.33437932594642916 0.5114988852925779 0.2929306869946231 0.5165425135934599
6 0.33106237742322264 0.46841014001059383 0.3770622163748385 0.47214175893734966 0.3724528998933465 0.5289568077484114 0.32645306302072186 0.5252252049957765
6 0.40505710234901926 0.468274580571524 0.3988991909128572 0.533217516782954 0.3652320746429041 0.5300253337602502 0.3713901355355347 0.4650825671015958
6 0.43329238225373956 0.467804663144252 0.429046501611424 0.5391067873389874 0.3931269568739708 0.5369678939922934 0.39737302158550847 0.4656659678080253
6 0.5569200685039277 0.46968793703376877 0.5969374097236368 0.4667662724622646 0.6027339183150389 0.5461536594728765 0.5627165791242987 0.549075306004754
6 0.6318643157617316 0.540532900501079 0.59165793982379 0.5462407379761516 0.5806191466999735 0.4684871503861424 0.6208250388117449 0.4627793480330504
6 0.6677457632130199 0.4626296493531565 0.6781811569578622 0.5280938537231391 0.6237641803612632 0.5367673146327516 0.6133290948665717 0.4713033849445168
6 0.7199188540899968 0.5142300579507684 0.6721910240427178 0.523795702975347 0.6603121649488912 0.46452944049851 0.708039573641031 0.45496383922275196
27 0.6580644043538086 0.3378147316895338 0.702221384260838 0.33542659668682206 0.7090144787301824 0.4610265187674766 0.6648575004417125 0.46341463595668386
27 0.6297780900193857 0.3535412053005572 0.6707122499874458 0.3556690571592244 0.6644638048604747 0.47586646314659403 0.6235296459772144 0.47373862747855233
27 0.5957421188199987 0.36683259813923846 0.6207107973559687 0.3677111509860089 0.6167378126921221 0.4806185022600694 0.5917691344700415 0.47973995581871826
27 0.37211670291640075 0.475958186938064 0.33410254961620467 0.47750010253322467 0.3289653854245671 0.35084684899571567 0.36697894970973266 0.3493049451280283
6 0.3926771893181922 0.5676715774027984 0.38291654551551346 0.6270571575117112 0.3292548216469413 0.6182379674290339 0.3390156973396188 0.5588526777617072
27 0.37410210201835525 0.7284542640624617 0.3282311765819941 0.7251385719027797 0.3373386868701118 0.5991676527727361 0.38320840343567397 0.6024833000644008
6 0.33338085975844933 0.6135999312557366 0.2827851328512452 0.604365233674625 0.2935912284661981 0.5451675810106433 0.344186430673858 0.554402229487219
6 0.6135609268125108 0.5703699683881113 0.6684973128216143 0.5589105987220101 0.6812512085839444 0.6200466013486898 0.6263148426476164 0.6315059060600894
6 0.7157128736056393 0.5421363360693418 0.7297954632213077 0.6065657500301805 0.6710178062921841 0.6194112998286294 0.6569356091837335 0.5549822258465634
27 0.96015625 0.94765625 0.97421875 0.94765625 0.97421875 0.96015625 0.96015625 0.96015625