43 0.4862496313653537 0.3314954342168186 0.4849635305894253 0.28891729247052567 0.6657677440352927 0.2834557347882908 0.6670541955655835 0.32603349656470976
0 0.6145115121541949 0.297440984199974 0.6339741413196407 0.24857433581671426 0.7223268114313441 0.28376256855673115 0.7028644260565216 0.3326290096867828
38 0.6637876764768862 0.6536164255598678 0.6674732660017071 0.7015557717792955 0.48189936554229007 0.7158183672231508 0.47821476868864465 0.6678799476947868
41 0.4524527414548629 0.662174646468715 0.4559522092225734 0.719670536539212 0.2837053934777032 0.7301506795534006 0.28020703576783035 0.6726558442040661
40 0.3115530836872722 0.7998191475432029 0.3075721617800582 0.7333677720259759 0.4590430069983995 0.7242944290725409 0.4630250225570762 0.7907446320275605
55 0.4497100398218663 0.28819432621154756 0.4493779990151552 0.3387309544159874 0.28274976488137327 0.3376354168530982 0.28308220370468007 0.28709919956593866
57 0.416449997425957 0.2331617901016663 0.4258878946772029 0.2900330003784031 0.3176403132207497 0.30799616187747797 0.30820270795561555 0.2511252148261509
6 0.5629751257152975 0.28325389340549373 0.5680193861805947 0.32470255957941707 0.4885012413557206 0.3343792757404699 0.48345715173741155 0.29293076190926987
6 0.5315900820398838 0.331062331834985 0.5278581521623664 0.37706221682508767 0.4710430130567147 0.3724528834194462 0.47477507095493365 0.3264531397433751
6 0.5317254378962843 0.40505678348078317 0.46678240719063524 0.3988993967000639 0.46997469391021696 0.36523239917956485 0.5349174683711908 0.37138977373091775
6 0.532195345232708 0.4332922552448364 0.46089312987317044 0.4290466776184213 0.46303215259968056 0.39312720588852723 0.5343340460333366 0.39737277391114273
6 0.5303118851529689 0.5569199420989507 0.5332342738091711 0.5969374042968386 0.45384658382579346 0.6027338591274348 0.45092449436901916 0.5627166764271333
6 0.45946756481407647 0.6318641027288199 0.453758836030147 0.5916579904912439 0.5315118215057737 0.5806192647793545 0.5372207914705314 0.6208250819870796
6 0.5373706053599108 0.6677466715272452 0.4719057280758534 0.6781797934852081 0.4632325991528887 0.6237633190641758 0.5286967829852074 0.6133302532852212
6 0.48577127529722475 0.7199184242190064 0.47620381037495463 0.672191107804381 0.535468492298719 0.6603125633042185 0.5450361813825566 0.7080395743887345
27 0.6621849646232931 0.6580629423852074 0.664574182018896 0.7022211141733408 0.5389739752042715 0.7090151087567795 0.536585365625001 0.6648575296874715
27 0.6464588108868838 0.629777142882737 0.6443310837560148 0.6707117538520828 0.5241333176539911 0.6644638290970749 0.5262615025604873 0.623529700365259
27 0.6331673712940074 0.5957414601877533 0.632288921659665 0.6207104360094018 0.5193814111738675 0.6167378813066364 0.5202601114883691 0.5917691654258048
27 0.5240418125624728 0.37211669060146674 0.5224999110561157 0.3341025605452353 0.6491529906102187 0.32896519469354885 0.6506951398901037 0.3669790693187904
6 0.43232840662096805 0.39267674584143103 0.37294266102207985 0.3829171923617952 0.3817619964717096 0.32925593489432653 0.4411473939320558 0.33901545916414344
27 0.27154553586763086 0.3741015020608803 0.2748620403001496 0.3282312351914577 0.40083236761779517 0.3373386903369252 0.39751619913454306 0.3832086298340558
6 0.38640002770841875 0.33338078417966793 0.39563603345675347 0.2827854267871923 0.45483308604298145 0.2935913228900948 0.445597244685473 0.34418653559642765
6 0.429628267332987 0.6135611421713625 0.4410904107960505 0.6684971215920851 0.3799553818780623 0.6812506402363717 0.3684936251366935 0.6263149978912526
6 0.45786407552009223 0.7157142852802639 0.39343363097987094 0.7297933863500881 0.38058854795076513 0.6710169300752048 0.44501820725110974 0.6569379175169295
27 0.03984375 0.96015625 0.05234375 0.96015625 0.05234375 0.97421875 0.03984375 0.97421875