6 0.5808000766692203 0.5943670562741719 0.5492511697023019 0.5959555653392763 0.5456435590439241 0.5243089733792672 0.5771920795173173 0.522720474089309
6 0.6098824580852806 0.5848543791819578 0.5747505019339769 0.5897399793012206 0.5648139745698018 0.5182920151953673 0.5999455131873219 0.5134064444132113
6 0.6591884462034159 0.5729018829930128 0.6077362133391944 0.5809515058081017 0.5958388261601613 0.5049093830151216 0.6472904248125815 0.49685981048999683
6 0.3849775949963714 0.5907977901793032 0.3339478936231899 0.5861407802518873 0.34113343738897584 0.5074152705674053 0.39216246823923484 0.5120722497136969
6 0.2951152257631975 0.5595819833230689 0.295115390906858 0.47317065848332546 0.3453187638046984 0.47317085509656637 0.3453189404733621 0.5595818350824678
6 0.690675587585929 0.4773445330837874 0.7156989333369665 0.518099392965592 0.6646401242846878 0.5494465827634195 0.6396169963180682 0.5086919129518269
27 0.683524175705088 0.6881811878155721 0.6348054167091277 0.6979983461233297 0.6066023996189642 0.5580520160079873 0.6553198510450784 0.5482349951785438
27 0.6584034408124353 0.5339661499882452 0.7001356859375392 0.5198606265624955 0.7366746639779649 0.6279533720964618 0.694942486415016 0.642058752826749
6 0.7137146773161476 0.49891794609601053 0.6878173730329991 0.49156491475958347 0.7036811816126374 0.43569697184292155 0.7295782839914864 0.4430499727314534
6 0.2682146453291807 0.4435116587140571 0.2924640037374502 0.439368046881227 0.30671446556380033 0.5227593080073271 0.28246511358850057 0.526902894000733
38 0.6402860995812034 0.2675722889603521 0.6852307199183088 0.2609025360825061 0.7129661763515287 0.44779352773174086 0.6680215716438624 0.454463211869664
41 0.7214246683132615 0.6370057509004327 0.6695390994052559 0.6444548221698744 0.645381408477192 0.47619888305745545 0.6972655332369868 0.4687499157079993
40 0.7597168059874093 0.5929888816326627 0.705293002784515 0.5975736752922955 0.6902781229160837 0.4193444679917806 0.744700477796755 0.41475973439892494
55 0.2968473256555626 0.4721395374835153 0.3489486110241842 0.4762117757668247 0.3336716792138077 0.671650860535273 0.28157040052849425 0.6675786914908917
57 0.3022176664912877 0.6103432143895601 0.2522757226873864 0.6116936772942855 0.24779336958874865 0.44592454343615423 0.2977339984425953 0.4445740981707763
6 0.3618630790286943 0.49427102554250535 0.31688800819620155 0.4920819178874332 0.32088345523334283 0.41000657978312566 0.36585801479361635 0.412195674921579
6 0.3897558323188832 0.51358885 0.35990495050282334 0.51358885 0.35990509315683994 0.4480836234375 0.3897556865433671 0.4480836234375
6 0.3898597755978699 0.44661573832513424 0.4232127687312186 0.4485256373186172 0.4192450506432124 0.517810020490407 0.3858920583670624 0.5159001312517529
6 0.5570447965711764 0.4323014297062987 0.5918931548956152 0.4310898573183609 0.594674092207697 0.5110725271353939 0.5598257342384159 0.5122840925475635
6 0.5895521826284948 0.5038327916624372 0.5895522879324062 0.43902436538639084 0.625169574581605 0.4390244651723001 0.6251696352321687 0.5038327251031253
6 0.6645674834401234 0.37623597906877393 0.7057744190278754 0.37523311483915406 0.7076672615113466 0.4530046781616569 0.666460326072638 0.4540075374457752
27 0.7010266186276795 0.3937570830149138 0.6597581343964976 0.399395711644653 0.6415558186923818 0.2661780115599115 0.6828237485007094 0.2605394215424344
27 0.34236898863184706 0.28562429861637967 0.37852787971746693 0.2895843820925303 0.36291637343867933 0.43212549795995925 0.32675748778785874 0.42816544519272914
27 0.96171875 0.94921875 0.97890625 0.94921875 0.97890625 0.96640625 0.96171875 0.96640625