43 0.31997291371203573 0.5526132406250001 0.279551520823361 0.5526132406250001 0.27955214999212785 0.3818815328125001 0.31997250363178864 0.3818815328125001
0 0.2655184384734639 0.434993375693784 0.2810948321135811 0.4319566038541657 0.2907181900897058 0.4813142246566869 0.2751417995193606 0.48435098578143376
38 0.6742823427307485 0.38477055127083876 0.7188021313684203 0.38402744081106527 0.7217728168645863 0.561990042070375 0.6772530285441007 0.5627331428801323
41 0.73375872171232 0.7381328698724621 0.6783752594573116 0.7434685464224704 0.6615715668772282 0.5690619716079043 0.7169531363350643 0.5637263860274988
40 0.7173913046875 0.569337978125 0.78702445625 0.569337978125 0.78702445625 0.6696864125 0.7173913046875 0.6696864125
55 0.2852665888192405 0.561743845033947 0.33396696962518035 0.5650438909448108 0.32197764218199154 0.7419548000053022 0.2732772672761712 0.738654811954054
57 0.22216913997715437 0.5491569320307036 0.2910130229209926 0.5522781422065572 0.2865486335794003 0.6507378382301661 0.21770475279902257 0.647616656185934
6 0.36104336299365514 0.5708306684606126 0.32028044436299297 0.5728859132555465 0.3164359045430274 0.4966367260623106 0.35719831128824353 0.49458149431162846
6 0.38606521724329923 0.5228987940364964 0.41655838289966596 0.5238895910315216 0.41444961461434104 0.588783948240747 0.3839564492155887 0.5877931566914969
6 0.5749892410856319 0.5260846793563453 0.6106989372794942 0.5236674108321365 0.6159937881477617 0.6018795577353702 0.5802840935604081 0.6042968099282277
6 0.606535055489644 0.5265993815264717 0.6412942873423617 0.5251876213352196 0.6440343336184924 0.5926445622137474 0.6092751022549692 0.5940563142364012
6 0.6274437375914204 0.5218476777518789 0.6750220448877826 0.5131517877271135 0.6870979005283289 0.5792171924663642 0.6395196064109996 0.5879130333542754
6 0.7274835863146336 0.5596747793044182 0.6818138482537961 0.5670944429789071 0.6706822382014934 0.4985812915792232 0.7163514694095738 0.4911616702016773
6 0.3703921120513769 0.6444914304986805 0.3192931112319002 0.6331712400098084 0.33156823708327465 0.5777694939723504 0.3826667178146863 0.5890896247087134
27 0.34959120472547056 0.7528502918246458 0.31266826770547596 0.7465824142357017 0.3331769116172154 0.6257913882018259 0.3700989156095602 0.6320591846619648
6 0.3768433155269122 0.5981476112769083 0.4100841662631183 0.6016191989790134 0.4036833334205312 0.6629006574052186 0.37044248587301354 0.6594290902029593
6 0.40559813820470936 0.6052236702959527 0.4335311374961748 0.6084909785174324 0.4267574141788373 0.6663941666046237 0.39882441814449976 0.6631268768250077
6 0.559442934375 0.6104529609375 0.5900135875 0.6104529609375 0.5900135875 0.668292684375 0.559442934375 0.668292684375
6 0.58423913125 0.60766550625 0.6205842390625 0.60766550625 0.6205842390625 0.6641114984375001 0.58423913125 0.6641114984375001
6 0.6113845271966056 0.5876852835538819 0.6698038911116555 0.5841262458215093 0.6743759061979517 0.6591644068912171 0.6159565448180047 0.662723419206339
27 0.6797084026874245 0.76423489967536 0.6343310897528909 0.7678963546147459 0.6231023381892555 0.6287485049893878 0.6684782609374906 0.6250871078125025
6 0.709892264013547 0.5610745408035532 0.7350934610835793 0.6217190992435809 0.6773922051294221 0.6456941379947413 0.652191417050517 0.5850499254414231
27 0.96484375 0.95234375 0.97421875 0.95234375 0.97421875 0.96171875 0.96484375 0.96171875