43 0.3488701710634814 0.5421511625 0.30543770379733814 0.5421511625 0.305438423762439 0.34593023281250007 0.34886965440864515 0.34593023281250007
0 0.30087916889465305 0.3991170224219331 0.32032883153533476 0.40181688271518323 0.30315621209729215 0.5255199383312917 0.2837065543595827 0.5228201019051378
38 0.6657183087437488 0.3275829495605737 0.7104087443373146 0.32657305820155175 0.7151519708259002 0.5364630344638716 0.6704615358663659 0.5374729118759102
41 0.7115838012309723 0.7510454533312453 0.6614783720577861 0.7554300065947406 0.6459895661522523 0.578441400035772 0.6960932467615066 0.5740569224295556
40 0.7223191619991667 0.7357501934976046 0.6720396094149237 0.7113238011379768 0.7360217789673698 0.5796418370654903 0.7863000990154205 0.6040678754144725
55 0.32471500350141014 0.5747683656220671 0.37409475333458886 0.5802325356677767 0.3536327073876464 0.765124441082718 0.3042529745385991 0.7596603745740075
57 0.2879487945396022 0.591632603274361 0.34192268991535 0.6237662981089326 0.27404810914765676 0.7377576101749274 0.22007453867342974 0.7056243468987726
6 0.3449858765625 0.48110464999999997 0.388064971875 0.48110464999999997 0.388064971875 0.5588662796875 0.3449858765625 0.5588662796875
6 0.625706215625 0.4818313953125 0.67161016875 0.4818313953125 0.67161016875 0.55014535 0.625706215625 0.55014535
6 0.660445725903628 0.48717191190229364 0.7072740286727139 0.4694767370483319 0.7267408548879075 0.5209896933997843 0.679912591750508 0.5386847931562584
6 0.3590705194262682 0.6564581754915692 0.3094098856323626 0.6409485908691609 0.3301020697824697 0.5747023526454125 0.3797621057293554 0.590211837345312
6 0.4028841895118376 0.6737389678927816 0.35486968757493287 0.6620758695697679 0.37224675425272835 0.5905485740296474 0.42026060873956794 0.6022115904738224
6 0.5961263956980929 0.6112669786788343 0.6484792989954258 0.5957240553403417 0.667083695951419 0.6583814924286969 0.614730834433658 0.6739243178146076
6 0.6447589301131984 0.5798485792142933 0.6938480922498229 0.5718990645429142 0.7061305347416464 0.6477362005892309 0.6570413860752069 0.6556856583121148
27 0.96640625 0.96015625 0.98984375 0.96015625 0.98984375 0.97734375 0.96640625 0.97734375