43 0.5710446779555696 0.6484174842302384 0.5695424657951662 0.6872808334047955 0.38603410675432315 0.6801866603715693 0.387537009734956 0.6413240407565257
38 0.36718343334439396 0.3260221542834603 0.36656095995613214 0.2876179969056496 0.5852761130603312 0.2840721456295627 0.5858989732729469 0.3224759082242987
41 0.7403475193123086 0.255974498456447 0.7507271774028368 0.30384025387384705 0.5934796181098818 0.33793762903997404 0.5831003565670017 0.2900722163411413
55 0.5728701997863936 0.6849707292039281 0.5814814009269185 0.6363139523444228 0.7505013908048568 0.6662217824162653 0.741891163303535 0.7148776976178214
57 0.6616229829706981 0.766301544096016 0.5702119339648561 0.7807508376082715 0.5573402020538651 0.6993272104765593 0.6487496046385104 0.6848780491736146
6 0.569767588023069 0.685997171875 0.5050871631873406 0.685997171875 0.5050874720658385 0.6481612437499998 0.5697674002660733 0.6481612437499998
6 0.5548944818923474 0.6710090421038898 0.5256259194443373 0.6427048014972505 0.5722637046317232 0.5944841707224089 0.601532070400367 0.6227882291239031
6 0.5394256564958368 0.6131615027400604 0.5406880229447779 0.58203621001374 0.6096725288873586 0.5848335950639854 0.6084103658442928 0.615958693051497
6 0.5494186046875 0.5541018390625 0.6162790703125001 0.5541018390625 0.6162790703125001 0.588048090625 0.5494186046875 0.588048090625
6 0.5706149316072242 0.5322548226721077 0.5718114771927958 0.5076666021590855 0.6339921385982734 0.5106921798536186 0.6327957199891898 0.5352802789767761
6 0.5668604640625 0.4830268734375 0.6460755828125 0.4830268734375 0.6460755828125 0.51202263125 0.5668604640625 0.51202263125
6 0.5734011252299069 0.45721356698250004 0.573401206246217 0.43246104690490383 0.6402616089786761 0.43246119252633325 0.640261640237668 0.45721359952356855
6 0.6235464888455908 0.3550211800006213 0.6235465505534421 0.38684584404589534 0.5610464861996434 0.38684580713494343 0.5610465367922188 0.35502125587890926
6 0.5586990522047017 0.4123204486333096 0.560255556765469 0.3792686745847378 0.6299290896696448 0.38254954623380916 0.6283727305116145 0.4156011823150101
6 0.5537102540615706 0.3623669459823677 0.5487192234671738 0.3213368179311801 0.6043958292066236 0.3145643554250636 0.6093869618048302 0.35559436469951944
6 0.5190107145342608 0.324875103215385 0.5171677962916874 0.2851039226785908 0.5835800276660166 0.2820265370434054 0.5854230624136108 0.3217975966183578
6 0.6146223699361144 0.6239663990704848 0.6563958461224502 0.656788622202956 0.6138657493568189 0.7109099465203595 0.5720924763817266 0.6780879525654191
6 0.6074441352109261 0.5916902860937103 0.6826068919110639 0.6022215587875669 0.6751685667547918 0.6553034309038893 0.600005821453351 0.6447722117733248
6 0.6206395359375 0.3235502125 0.693313953125 0.3235502125 0.693313953125 0.3691654875 0.6206395359375 0.3691654875
27 0.7798139585530635 0.2958125417438031 0.7892763948470929 0.33293777979681444 0.6842690419068731 0.35970070368799306 0.674806839554094 0.3225756681482155
6 0.5846283420097507 0.29703845731283746 0.6161447540451945 0.2638222503845756 0.6683372349099272 0.31334254299406833 0.6368209364283075 0.34655863855675173
6 0.6312118309623429 0.5630862503259674 0.681931757035386 0.5676180234395826 0.6788079098214439 0.6025767707121132 0.6280879855705734 0.5980450116937531
27 0.95546875 0.01328125 0.97578125 0.01328125 0.97578125 0.03046875 0.95546875 0.03046875