43 0.3405831868368523 0.5488164942348143 0.2940082145200904 0.5427332261753892 0.3147698127718286 0.3837939093740103 0.36134372588617225 0.38987710681201254
38 0.6730156415626425 0.36588118333628494 0.7202003294665928 0.3605619290465742 0.7406315501259542 0.5417876761852274 0.6934468748761446 0.5471068631583011
41 0.7513852986837719 0.7022556846915328 0.6983172762763843 0.7144748449402963 0.663731906972771 0.5642856320527323 0.7167984112949171 0.5520666535809341
40 0.7217638693140316 0.5640881124775464 0.7780443917428101 0.5606654986636022 0.7848319677219706 0.6722661392119237 0.728551448199255 0.6756887170060051
55 0.32176380145972416 0.5589874019399529 0.38043240869353667 0.5809432457006286 0.3312329538244967 0.7123941867786698 0.27256449693891227 0.6904386393978305
57 0.27193965922106145 0.552162458521886 0.3242729396503137 0.5687117926675789 0.28736942683553934 0.6853968980448779 0.2350362307093974 0.6688477550315691
6 0.35918201073252476 0.5336572056739564 0.3235952478432864 0.5546014902069188 0.2798308720945215 0.4802464674111732 0.3154172562499298 0.45930232656251985
6 0.38862220095802513 0.5807359816455719 0.34367169213408033 0.5862032725159579 0.33483127775537014 0.5135244861133418 0.37978123252423757 0.5080572297717015
6 0.4115983669380512 0.6017441859375 0.3790664225105047 0.6017441859375 0.3790666182729865 0.5377906968749999 0.41159820177551865 0.5377906968749999
6 0.39830564254293677 0.5558259529843491 0.43118984785712655 0.547826670167303 0.4474516767420482 0.6146705613465014 0.41456748865243753 0.6226697949714654
6 0.4858558511219826 0.6344476734375001 0.45721349319512683 0.6344476734375001 0.45721369558020797 0.5530523265625001 0.485855628934587 0.5530523265625001
6 0.5648287283360105 0.628362733438687 0.5393111864291313 0.6277093383642254 0.5413623233927183 0.5476208015267052 0.5668794968808015 0.5482741918613288
6 0.625530512328055 0.6177325593749999 0.591937664461966 0.6177325593749999 0.5919378870194123 0.5457848828125 0.6255303043215008 0.5457848828125
6 0.6426533783097739 0.5160806155406754 0.6901952296454965 0.5089636999577926 0.6997762847636295 0.5729606989667388 0.6522344417232944 0.5800775762439438
6 0.7184968030862819 0.45910628448126406 0.7514715615850491 0.48014054884963187 0.7073375016466343 0.5493227286109806 0.6743628471493821 0.5282885969207608
6 0.29372756256452703 0.5808567171727729 0.3323070490138207 0.5552296210483836 0.3801137575726443 0.6271910647255066 0.341534434054779 0.652817957963609
6 0.4228458250170206 0.623457728404177 0.3956162405622763 0.6775997297179251 0.3391721592660133 0.6492155857777197 0.3664017986847057 0.5950739151765402
6 0.4029081615542509 0.6221954982177286 0.43803718193839813 0.625503297043634 0.43247186558869544 0.6845998033773102 0.3973428479815766 0.6812920239961862
6 0.675795758032109 0.5953424711131708 0.688847364501953 0.6567217868974321 0.6359730548518883 0.6679631941789886 0.6229218142452737 0.6065841971149332
6 0.6096126793470376 0.616457302972831 0.640900051462495 0.617408637071795 0.6392144622742535 0.6728372339475692 0.6079270903748011 0.671885905028546
6 0.710565790640544 0.5498270831981206 0.7443585237245998 0.5822245839329383 0.6901953509142231 0.6387140501888552 0.6564028433168687 0.6063167790274536
6 0.5794875006677103 0.6331801245269835 0.6099917833277004 0.6356535041505279 0.6054542577262509 0.6916076538026837 0.5749499767981661 0.6891342881637701
27 0.96796875 0.96171875 0.98203125 0.96171875 0.98203125 0.97421875 0.96796875 0.97421875