43 0.33981616574567397 0.6942704321019101 0.3440735528838559 0.6476991231290756 0.4962090493255573 0.6616039135808433 0.4919524520694267 0.7081744976000813
41 0.6447255393942442 0.28630533369341477 0.6539911096756441 0.33874042938788035 0.5107089094748289 0.36405761787096735 0.5014437616822534 0.3116228906122518
40 0.46009836434700446 0.2965543183120518 0.45976682724301554 0.2509489853585123 0.6026138115364574 0.24991019558907904 0.6029456184305673 0.29551526400301653
55 0.5245797262264205 0.674444198095115 0.532265768734419 0.6300158980962928 0.6743140806130441 0.6545863341635152 0.6666287707446372 0.699013981944998
6 0.5347196849658076 0.6233673028830171 0.5328612097198402 0.6691196046077263 0.45749643285739694 0.6660582291850237 0.45935523180753535 0.6203062671011326
6 0.5423106938134197 0.592458299803541 0.5444348481004226 0.6207794735661569 0.4779859471017289 0.6257624417346164 0.4758619795920822 0.5974414432363988
6 0.5004914341333233 0.45364129886485166 0.5886882637908002 0.4545153429039571 0.5877227427812386 0.5519356559090849 0.4995259131878811 0.5510616183901825
6 0.4324266906817229 0.34504748084078485 0.43034018495711734 0.30866211534080124 0.5029021168852523 0.30450114879960744 0.5049887451550603 0.340886383079871
27 0.3921588879703677 0.5420709049692682 0.3932038563762035 0.5241689099633333 0.5104524090434097 0.5310119718291411 0.5094076219505723 0.5489137920848994
27 0.5128919593104229 0.5054343543047912 0.5141401405306851 0.5255211971296679 0.4196472220511396 0.53139186225174 0.41839919888388977 0.5113051658560832
27 0.42620918924956186 0.5041105467278186 0.42557474725015254 0.4863208630432013 0.5122574338017785 0.4832294944537558 0.5128919873443465 0.5010190613165415
6 0.5475770286503803 0.696450284214569 0.5225477899974749 0.6672134361254193 0.5775290680412581 0.6201510240652811 0.6025581718507738 0.6493876636442858
27 0.5634483783753694 0.6782868980812874 0.5728198638629465 0.6390723467337923 0.6720867733534988 0.6627916176158486 0.6627157596087727 0.7020057619628945
27 0.6013937281250037 0.6365489124999902 0.6103660270827049 0.596908560137443 0.7071007247784564 0.6188008668478934 0.6981288584345293 0.6584408444792703
6 0.5915738868130802 0.5735780481724836 0.6386285586584108 0.6013032109585629 0.6045113882541955 0.6591995118311548 0.557456846514242 0.6314745237729906
6 0.6404014184980724 0.3858190338205559 0.644195114511831 0.4195427337425191 0.5762939371131779 0.42718056920587294 0.5725003972945615 0.39345701223350715
6 0.5654305225090184 0.4080454563614344 0.5440450337622451 0.3532052359750944 0.6085675504861001 0.32804509523364955 0.6299531235978293 0.3828850997411707
6 0.5792621122088804 0.3397547714805427 0.5525527214243766 0.36872659748610426 0.49913439186866526 0.31948128535520776 0.5258436969313607 0.290509565130214
27 0.7202652876957245 0.3754870930435091 0.7234454743916103 0.4001328678804898 0.6294478525204568 0.4122610404401806 0.6262678202549523 0.3876154059274849
27 0.6838699843420954 0.3138230513245605 0.6989557786184832 0.35527130623981656 0.6113476487007574 0.38715628557538545 0.5962620986543925 0.3457082382780536
27 0.643812924450458 0.2788956350387153 0.6548374289061485 0.32073634290402886 0.5517908083152179 0.3478866897064843 0.5407665515623421 0.30604619531248123
27 0.95234375 0.0140625 0.96953125 0.0140625 0.96953125 0.0328125 0.95234375 0.0328125