43 0.3535676314199918 0.47205653570991873 0.30666372481277904 0.4713269134564105 0.30982950534689735 0.26786541630390104 0.356732287406885 0.26859502955402437
0 0.30701316612487517 0.43144405222219684 0.25995279296353146 0.4233164622049812 0.28831334807387066 0.2591129951202879 0.3353728927602333 0.2672405106953062
38 0.6539432850670437 0.2766265609886447 0.7018039565399476 0.2768294107708284 0.70094461390579 0.4795757906859245 0.6530839424131045 0.4793729433335552
39 0.6716893544534059 0.27275511362411187 0.716342798100186 0.2676837342630057 0.7340797857215193 0.4238525422199317 0.6894263497497377 0.4289238791280191
41 0.7093054084842834 0.6759748682956542 0.6525505989170597 0.6806720721169711 0.6373507116433075 0.4970243354404929 0.6941036872019595 0.49232720719678236
40 0.6877464855098196 0.5087168262037166 0.768016088041918 0.4984849108676283 0.7847216672653303 0.6295285727484923 0.7044520865091499 0.6397603716631307
55 0.29030380456640614 0.45993226649722374 0.3471666125159345 0.464710585335839 0.33086791007633565 0.6586508466101654 0.2740051108651187 0.653872606677135
57 0.20426798853554828 0.461856041199393 0.28213987524031836 0.4540034562291209 0.29342381499213843 0.5658945982413106 0.2155519373638981 0.5737471138113691
6 0.26657632342949 0.3694079961281966 0.28552190193568094 0.3570956500614488 0.30633144340106355 0.38911489885472483 0.28738588639293994 0.4014272177630025
6 0.7100156379611917 0.41235950097438145 0.6821185891462846 0.4030560987210282 0.7005266398658705 0.34786085514921755 0.7284235130251773 0.3571642253469575
6 0.6988951203492206 0.4811402720437104 0.652125395192229 0.4792406295691972 0.6557670170635674 0.3895966753028284 0.7025361764626723 0.39149630613690545
6 0.6654592609364727 0.49285385370990026 0.614242780030736 0.504200622208109 0.5989875281444483 0.4353457012490321 0.6502035092422602 0.4239989906661078
6 0.6137908250861983 0.5101045296875 0.5832199933170159 0.5101045296875 0.583220193780221 0.43066202187499997 0.6137906758427789 0.43066202187499997
6 0.3425903241247852 0.4833260136001656 0.35640461534751466 0.4137521712755808 0.4114494848417962 0.42468104891363107 0.3976355038817019 0.4942546172059047
6 0.3555143356933286 0.4717569362498078 0.30870008005092586 0.47383124926360853 0.30462249308834544 0.3818046355000653 0.3514361799080916 0.3797303352389502
6 0.39666768643053274 0.4285326257928568 0.43061818817989206 0.4297145872858961 0.42791516713612054 0.5073508110497787 0.39396466572247846 0.5061688561046692
6 0.33499951449562104 0.5611748671953051 0.2767538939633596 0.5517120458120308 0.29163250168073773 0.4601412052007415 0.34987732220133694 0.46960396156184736
6 0.33803749309845443 0.5021189136590632 0.39040763116281596 0.5053094850913759 0.38548466974407347 0.5861080812083836 0.3331145337666612 0.5829175311705663
6 0.3857854792190665 0.5248975363207014 0.41807303022085307 0.526646050299901 0.4148289030105161 0.5865456952272137 0.3825413527334831 0.5847971900904672
6 0.6339731086370648 0.5013779557487041 0.691390965195751 0.4899767124250869 0.7054602591535968 0.5608253718018008 0.6480424221628027 0.57222654872215
6 0.6529308649896848 0.5971492192962752 0.5963652880720929 0.6040415413203324 0.586794163148511 0.5254957511811784 0.6433589932083805 0.5186034747732995
27 0.95625 0.95078125 0.9765625 0.95078125 0.9765625 0.96328125 0.95625 0.96328125