6 0.4531886015625 0.5344947734375001 0.4782903671875 0.5344947734375001 0.4782903671875 0.6055749125000001 0.4531886015625 0.6055749125000001
27 0.47930812088952734 0.55958188125 0.4545454195053935 0.55958188125 0.45454568462491807 0.41254355468750004 0.4793078689230015 0.41254355468750004
0 0.30802865870452933 0.4541681940750931 0.26535874930971204 0.45458083511607666 0.2637563189713319 0.2888378076978188 0.3064253849590841 0.2884251708739921
43 0.33087510821678734 0.5360777690541996 0.2872870806785386 0.5355302566825328 0.289834379813783 0.33280888028524475 0.33342118384791775 0.3333563847445293
57 0.2657908016053625 0.5245139216758475 0.32438384596071046 0.55999604240954 0.25923658596457244 0.6675645894263459 0.20064384734757823 0.6320828723964962
55 0.29512727938310945 0.5483004414222574 0.3451826263865314 0.5551055841868754 0.32213746123443343 0.7245949583130236 0.27208213661037917 0.7177899281364571
38 0.6689130550456639 0.34604774326540055 0.7124819417848585 0.3443797998211947 0.7200933282073265 0.5431881705164292 0.6765244428543156 0.5448560910819499
39 0.686572568667998 0.31615675803601234 0.7335176304427478 0.31192520315847927 0.7470204671568581 0.46171996607413673 0.7000754111378455 0.46595148299810135
41 0.7338011939316402 0.7301460550504987 0.6821168410325527 0.7400386150862331 0.6494900740844969 0.569595986324666 0.7011727236734941 0.5597035922414983
40 0.7818591837458371 0.6764525560412012 0.7262324310021313 0.6884572803007736 0.6941109043441429 0.5396284535988275 0.7497361416091053 0.5276238985739999
27 0.9609375 0.95703125 0.9734375 0.95703125 0.9734375 0.96640625 0.9609375 0.96640625