6 0.6260108998640135 0.5884532135812596 0.5928372125438273 0.5909187886863891 0.5872924708403389 0.5163196699007081 0.620465743310092 0.5138541102493581
6 0.6513343664638569 0.57485465 0.6197330696769541 0.57485465 0.6197332246372298 0.5138081390624999 0.6513342016334036 0.5138081390624999
38 0.7029899622461926 0.3618481879825141 0.7504808701492038 0.3650301484718739 0.7386850024369096 0.5410738796491646 0.6911940976301594 0.5378919579751902
39 0.7319923716576113 0.2779262152324582 0.7854684641364429 0.27690639412403717 0.7899897875108763 0.5139798418222258 0.7365136957745335 0.5149996482649788
41 0.7483451360657227 0.7233382509630273 0.6930561650779055 0.7293404045751839 0.6733964411052966 0.548258980359295 0.728683577061588 0.5422569237204087
40 0.7255455645789652 0.5356150321266575 0.8051792572423437 0.5310890772300245 0.811500572817522 0.6423008710638959 0.7318668847236722 0.6468267808967937
57 0.24552019837403805 0.5070848527061388 0.2981422997966092 0.50828721962201 0.29419590552299724 0.6809856523635007 0.24157380468057 0.6797833041252371
55 0.2984225021162956 0.5417973117705313 0.3510408367851596 0.5492735713434873 0.32610813951771433 0.7247311623716474 0.273489831030588 0.7172550299838778
43 0.3274897911614971 0.5338689426049763 0.2833449027137931 0.536857459345851 0.27007517163883676 0.3408455519758322 0.3142188480827599 0.33785707774445106
0 0.2840605966550811 0.5070532964648095 0.2340683581498979 0.5010979741228876 0.2550325043217754 0.325129880039748 0.3050236251311844 0.33108513478071316
27 0.97109375 0.96875 0.98515625 0.96875 0.98515625 0.978125 0.97109375 0.978125