6 0.5288748393192009 0.7135898270244708 0.5347568149742301 0.6623140816406377 0.6126719550478583 0.6712505483787395 0.6067904435518585 0.7225258701620942
6 0.5605926745198531 0.6687222840228281 0.5654865757097696 0.61351102973378 0.6463372476971472 0.6206766607291787 0.6414438203576083 0.6758874731902264
6 0.6655597956662405 0.6005632927532435 0.6521676980639768 0.6371927309692349 0.5941725851392903 0.6159912510519407 0.6075647775460311 0.5793620201318356
6 0.5951219105772907 0.43987773075064884 0.5951219884458396 0.40794832368153494 0.6536585150345218 0.4079484152972575 0.6536585579420944 0.43987770163350254
6 0.544565054725922 0.33766231470660063 0.6028779736481056 0.30348287099083127 0.6382704498770408 0.3638632583441925 0.5799576268115061 0.3980425732851856
6 0.5895905938258466 0.28057094884296735 0.5894933480976761 0.2919462611150104 0.545573776608876 0.2915707478214277 0.5456710439128756 0.2801954570809021
27 0.6487804890631423 0.6256793468749915 0.6520452778788695 0.6035286712491673 0.7745318878245371 0.6215792398663216 0.7712673895636044 0.6437296556432914
43 0.5073362432281101 0.6876429053693202 0.5025925704433121 0.7316181986596121 0.32062882562809136 0.7119902113536435 0.3253732477577387 0.6680157700161599
0 0.4513851219976459 0.7210449717752123 0.44613231270921005 0.7493302515759924 0.31950604006453887 0.7258174585085604 0.32475915489987983 0.6975325812234691
38 0.49495295172403075 0.27127887681079793 0.4983547250197944 0.3117539586880762 0.32231400436990043 0.3265483265759497 0.3189125802146009 0.28607357643120923
6 0.4484507684019263 0.3137903244980997 0.5139893940498723 0.3060334685261731 0.5206723349391496 0.3624965847568891 0.4551337128785917 0.37025341796368955
6 0.518141749406368 0.5616218754270655 0.5174728640015474 0.5369191853819334 0.5990932316603903 0.534709108832402 0.5997622807255993 0.5594116308833499
6 0.5055255717801401 0.6892346802425454 0.5003859463447498 0.7314074095304658 0.43105293509779585 0.7229586441906015 0.43619283129555697 0.6807862325562304
6 0.5735190949861817 0.5601221674197084 0.5735192430126972 0.587635854374414 0.49616723171936883 0.5876359079010732 0.4961672695606012 0.5601224065303018
27 0.31702100533891553 0.3414053454828778 0.32266516781044174 0.30069407750895844 0.46208979951472884 0.32002296046566403 0.4564459597258974 0.36073392946893174
41 0.6825660931558559 0.26755021621021685 0.6877514558142366 0.322396365084331 0.5238569114372922 0.33789018833032997 0.5186719943118305 0.28304443823357583
40 0.6385533131820011 0.21939278653340907 0.6447575461514816 0.272954963520211 0.5068966898728604 0.28892289294362783 0.5006927717769258 0.2353610043100306
55 0.5269825776367725 0.7123060439646178 0.5345778216062627 0.6623275975595182 0.705264915499697 0.6882623274894174 0.6976707032300737 0.7382398450757106
57 0.6356247868862965 0.7145478726500474 0.6425949683405179 0.7799034229264632 0.5480626781123874 0.7899827494783874 0.5410932726601914 0.7246279144367701
27 0.95 0.02265625 0.965625 0.02265625 0.965625 0.03671875 0.95 0.03671875