6 0.41973129103348583 0.5321801080534242 0.41261718814052983 0.598342022457097 0.35607397220280745 0.592262487298541 0.3631883569862566 0.5261008956994008
6 0.6285111223952526 0.6068314556374611 0.6285113199331818 0.5363371279101256 0.678721870116874 0.5363372939717527 0.6787219799286959 0.6068313158644586
6 0.31290958380259326 0.4577271253969409 0.32543310619746535 0.45651706271594195 0.32773883754441613 0.48037861307374013 0.3152153154511552 0.4815886736830705
6 0.7096166722568569 0.4722896124403142 0.7232078510614883 0.4780349080138999 0.7121097960909992 0.5042867761753487 0.6985186242870896 0.4985414927678069
43 0.3480965612308182 0.5066960607956001 0.3079017679174285 0.5017688850802974 0.3275396741962595 0.3415807704265826 0.367733644115674 0.3465078953011088
0 0.3283347845771232 0.44025762232996823 0.28870010805417223 0.43335525512678225 0.3102165805769346 0.3098116950026672 0.3498506998597577 0.3167140123788351
38 0.6807576322567002 0.33154065450977227 0.7200094899587839 0.3306482661255138 0.7242575977955994 0.5174925868163607 0.6850057406003316 0.5183849642887215
39 0.7005044686217161 0.3394690226757005 0.7413460387855366 0.3328918991483509 0.764414829925613 0.47613405217962057 0.7235732743275776 0.48271111575017833
41 0.7343917038436985 0.6642681915695806 0.6835807769141411 0.6682487210169801 0.6714001790434168 0.5127720068128901 0.722209729625888 0.5087915305329574
40 0.7987128521573368 0.6132048473465876 0.7454280372460289 0.6340099898350477 0.70101236948733 0.5202654953791472 0.7542961754321595 0.49946057327822974
55 0.3179172054354922 0.505401993414361 0.37169988429207024 0.5074006480742659 0.365077099892801 0.6855982833600929 0.31129442234464477 0.6835996607881504
57 0.3333411042042371 0.58392106054761 0.2621402102834054 0.6031431099258959 0.2364730620751061 0.5080756102928685 0.30767284605497025 0.48885371943104533
6 0.34936789701635007 0.5203488851151646 0.34936805347831523 0.4534883376019363 0.39431174328478846 0.4534885047282985 0.39431181087718414 0.5203488260197588
6 0.6221909665410976 0.5457849074518377 0.6221910406120514 0.4905522984924448 0.6488763884401578 0.49055236371904737 0.6488764307523525 0.5457848563436879
6 0.6443117077584475 0.5392442126755186 0.6443118266346346 0.48255813334971004 0.6899578271979863 0.48255826034194954 0.689957910132307 0.5392441370418782
27 0.96953125 0.96875 0.98046875 0.96875 0.98046875 0.9765625 0.96953125 0.9765625