43 0.32168245687682884 0.5701730423111343 0.2818661442889834 0.5661001017422017 0.29897853806608055 0.3988310943502561 0.3387938426916435 0.40290398202443023
0 0.28950718149781096 0.5138551542326903 0.24734396623591692 0.503579973688689 0.2815912680071051 0.3630606576711716 0.323753679416086 0.3733357338871338
38 0.651644625564245 0.3810210803294649 0.6924785453743425 0.37604548403000976 0.7132374390511131 0.5464000033024309 0.6724035307173608 0.5513755384878233
39 0.6791929613949605 0.3408884849023417 0.7217840657825718 0.33569870140277847 0.7407211969449463 0.49110298205368064 0.6981301025265338 0.4962927139634078
41 0.7131252637019543 0.7198869195751583 0.6662351523606276 0.7270193642673426 0.6426916227209176 0.5722548812716653 0.6895803329396131 0.5651225440303784
40 0.7592297445836493 0.6652374858788039 0.7078226670861341 0.6797551809871369 0.6724950820421327 0.554672917730098 0.723900985737032 0.5401553986135851
55 0.2970983199060129 0.5868519180577197 0.346570126034635 0.5971853357570597 0.3129505419592533 0.7581198846691946 0.26347879077491143 0.7477866404956508
6 0.3217563580224123 0.5722697129951445 0.2824950792631853 0.568566061764699 0.29019210268018014 0.48698219780076163 0.3294528591592325 0.49068582402710614
6 0.6229817474818446 0.5046917924472182 0.667915787592051 0.4992167054985343 0.6759859850088787 0.5654432444754733 0.6310519503094838 0.5709183016299374
6 0.6843850992555645 0.5521974444095215 0.651019256773111 0.5239776413601722 0.693494694475703 0.47376075758089764 0.726860330451359 0.5019804174423566
27 0.9640625 0.9578125 0.98125 0.9578125 0.98125 0.9828125 0.9640625 0.9828125