6 0.2864101301935307 0.5288754671415119 0.33768585858604183 0.5347557198105768 0.328749707144425 0.6126713235420582 0.27747398572114435 0.6067911109550435
6 0.33127774346951355 0.5605927863950142 0.3864889148449038 0.5654853090658898 0.37932350319283614 0.6463369207246534 0.3241123367920409 0.6414444344195637
6 0.39943711817147687 0.665558551279008 0.36280658690589007 0.6521690199998234 0.3840085744594717 0.594173224004565 0.4206387156142455 0.6075626769879431
6 0.5601222828125 0.5951219515624999 0.59205163125 0.5951219515624999 0.59205163125 0.6536585374999999 0.5601222828125 0.6536585374999999
6 0.6623372206317981 0.5445650445213456 0.6965206611375834 0.6028759236997094 0.6361382726030342 0.6382695172029302 0.6019552531221279 0.5799590032434949
6 0.7194290099198497 0.5895906026176033 0.70805368984918 0.5894933363422509 0.7084293128112904 0.5455737778231052 0.719804547137187 0.5456710437336587
27 0.37432063951996497 0.6487804870579055 0.3964714545378456 0.6520442404874748 0.3784212219782148 0.7745313329431199 0.3562704163308581 0.7712676234297577
43 0.3123561084960329 0.5073360793748315 0.26838132458021846 0.502592597330411 0.2880111327334589 0.3206293708405681 0.33198491152916176 0.32537279820883747
0 0.2789548545066509 0.45138479335961973 0.25066945886123904 0.4461327864977378 0.2741826915172396 0.31950676975985715 0.30246766363268307 0.32475873585970727
38 0.7287212110561541 0.49495329271409627 0.6882459363665703 0.49835462476560993 0.6734520712199128 0.32231387966844677 0.7139264258983076 0.318912587427863
6 0.6862091486025292 0.4484506418669293 0.6939671162958803 0.5139893295268936 0.6375037088949966 0.5206722846831918 0.6297460439533324 0.455133873328427
6 0.43837812985827895 0.5181417428226899 0.46308072982321846 0.5174728714067511 0.46529096581423346 0.5990932869288432 0.4405883660363088 0.5997621536933253
6 0.3107652976996178 0.505525276885407 0.26859235765630274 0.5003865254359373 0.27704142698428313 0.43105301565744486 0.31921394736139064 0.4361917410848208
6 0.41236413125000004 0.4961672484375 0.4398777171875 0.4961672484375 0.4398777171875 0.5735191640624999 0.41236413125000004 0.5735191640624999
27 0.658594213154629 0.3170214125168762 0.6993050976960831 0.3226647794077546 0.6799771792823321 0.46208931284529536 0.6392663046875668 0.45644599218750237
41 0.7324497777153738 0.6825666467206444 0.6776025964575183 0.6877509213340435 0.6621100723203881 0.5238564395763163 0.7169556426458712 0.5186722404235198
40 0.7806074676796015 0.6385536883734755 0.7270445150995783 0.6447570161766036 0.7110773374756718 0.5068962740981451 0.7646389962342255 0.5006930223334043
55 0.2876933716426038 0.5269835547034877 0.33767198208431637 0.5345757798141765 0.3117400637197534 0.7052636042744556 0.2617614803622246 0.6976715016071794
57 0.28545222008131077 0.6356254463808605 0.22009628897512812 0.6425932964174902 0.21001734497235702 0.5480614547469058 0.2753721488974179 0.541093665881243
27 0.96328125 0.95 0.97734375 0.95 0.97734375 0.965625 0.96328125 0.965625