43 0.34235447358457805 0.5735281815163215 0.2991306155973916 0.5708644297086292 0.3101861953294929 0.391495124152416 0.3534089162251348 0.3941588408375864
0 0.314896960196279 0.4980399541541737 0.26387012069733373 0.49449334694895863 0.2745352542302726 0.3410665282930961 0.32556105431285687 0.3446130983124119
38 0.674116404800543 0.3857674307900753 0.7168054585446271 0.3845457135814437 0.7223926191484225 0.5797585754936067 0.6797035662523285 0.5809802749558245
39 0.7161378002326728 0.3419799432478763 0.7580314874650185 0.34062108897013194 0.7626537550141848 0.48311948073718225 0.7207600685062516 0.4844783228025369
6 0.7111032783794826 0.6911337203124999 0.7029702800039104 0.6911337203124999 0.7029703130976941 0.6540697671875 0.7111032497576844 0.6540697671875
41 0.7116681515440177 0.7829756864285037 0.6622328389649965 0.7814286105599103 0.6679634852082472 0.5983724320076863 0.7173969315925888 0.599919479040661
40 0.7825322731127926 0.69985465 0.7068596833991023 0.69985465 0.7068604921560109 0.5857558140625 0.782531382564116 0.5857558140625
55 0.36152589095797794 0.7793270674418397 0.30574645596175287 0.7711861482391179 0.33100711138740735 0.5981402980235526 0.38678457202286154 0.6062810727128453
57 0.2894102436018784 0.5742289530234705 0.3534866206236984 0.6087422511106322 0.2850475289459382 0.7357877968370643 0.22097150298247925 0.701274995005782
6 0.41289659447807026 0.6944736774127784 0.3564962698683303 0.6639863952124386 0.3882302738918497 0.6052880247352803 0.4446299951140418 0.6357751059949027
27 0.9640625 0.96640625 0.98125 0.96640625 0.98125 0.98046875 0.9640625 0.98046875