43 0.32147129691691134 0.520959541202818 0.27850965213508516 0.5212341839040538 0.277348580385933 0.3395262143265624 0.3203091790310282 0.33925157501827713
38 0.7149645696420066 0.33638463699048715 0.7605597424368398 0.33838547810417857 0.7517889853651241 0.5382426102022982 0.7061938141088149 0.5362417963308604
41 0.7653435602665013 0.7334845476535042 0.7100891798592102 0.7414510230877478 0.6840490618480999 0.5608581654916868 0.7393015403974914 0.5528918267333796
40 0.7581955574866015 0.5425165290910022 0.8362852444610098 0.5568485756272057 0.815211674713396 0.6716576803532531 0.7371220292563976 0.6573257883074501
55 0.292423087334555 0.539381252801159 0.34435457096617483 0.5473185288907728 0.3172393894014931 0.7247056428313665 0.2653079369358693 0.7167685034085765
57 0.22565764298781232 0.6411460485493101 0.2059703755459168 0.5304676024620064 0.27688309038899206 0.5178552731660478 0.2965709057183403 0.6285330001773306
6 0.3247973684974568 0.5204420744110038 0.28226086377333104 0.5245752729994038 0.2744134705220631 0.44381763869579355 0.31694947466939993 0.4396844645098866
6 0.36440689166136053 0.5414244171875 0.3177964728641882 0.5414244171875 0.31779670423804873 0.46874999999999994 0.3644065969943995 0.46874999999999994
6 0.7151228559426954 0.4654946884237884 0.7581618858160937 0.47287470694699096 0.7466809109843098 0.539824791820546 0.7036418907015332 0.5324448116408971
6 0.7473069961496321 0.6442384808307603 0.6924974625873119 0.6467988410336752 0.6881682867413019 0.554125322087009 0.7429769042057615 0.5515649831537318
27 0.96640625 0.959375 0.97890625 0.959375 0.97890625 0.975 0.96640625 0.975