43 0.4952930459885465 0.7052026746184267 0.49143673928529097 0.7534468604266259 0.31945996802289756 0.739700459459517 0.3233171073077301 0.6914571939997484
0 0.2991861958564641 0.753788700225733 0.31463099433528896 0.7060224592163403 0.4418209921993821 0.7471407115280495 0.4263770475633919 0.7949062288836447
38 0.3424369505211189 0.3379356170049337 0.3342592435252527 0.289768509908934 0.5010802131047285 0.26144624536480254 0.5092582158889627 0.30961298802674275
39 0.31025070462146687 0.313879144084934 0.2977165200300078 0.26945293299212403 0.4362889407707371 0.2303573970236427 0.44882328887865697 0.2747833476462064
41 0.699950014930323 0.2688408434220495 0.7052099183609926 0.32307246526053324 0.5421723694671527 0.3388840990676249 0.5369129091340028 0.28465288161691377
40 0.6493263946650814 0.23741269585959573 0.6412239679514187 0.30007202855530146 0.5316755462894207 0.28590632601390176 0.5397782079701301 0.22324726520380914
55 0.5103617395836864 0.7289174444722208 0.5155319131674787 0.6722897235889657 0.6883429176367599 0.6880644799754625 0.6831738914086145 0.7446911237620705
57 0.6169897891352321 0.725245102705324 0.6203939248511006 0.7877463534234671 0.5114488320291457 0.793677825347247 0.5080455227039238 0.7311773567996924
6 0.47422134707346686 0.6873404945087861 0.501825820153158 0.7243480138681921 0.4369367273233138 0.7727415219900109 0.4093326211115027 0.7357343355695672
6 0.5056830301062973 0.7117596087750366 0.44245358239459165 0.7008950338514355 0.45183346727048956 0.6463162345070097 0.515062209548546 0.657180747626108
6 0.43165125080179223 0.31996134528719844 0.4260659332018122 0.27406901758228863 0.5025822963241353 0.2647567771211287 0.5081677488166179 0.3106489490118547
6 0.5619999750356328 0.5379309595121047 0.5620000998163732 0.5686206959501702 0.48733330477864456 0.568620676080927 0.48733337301712254 0.5379311329495196
6 0.5738877321061864 0.4523925159088167 0.5730677377040365 0.48251545729619616 0.4983812659651221 0.4804822419520746 0.49920141558266096 0.4503594608192339
6 0.5529638908110428 0.7498646745417551 0.5087336074025188 0.7203822414474893 0.5493266046466942 0.6594934637659544 0.5935563827532633 0.6889756665480496
6 0.5873254365692446 0.6976378306658102 0.5304839761419089 0.6686696095027566 0.5631312969973123 0.6046181299610475 0.6199720933620938 0.633586148182235
6 0.5546346670946605 0.33932183019731965 0.6138862353670902 0.3196145922396759 0.6343496440722447 0.381137413707439 0.5750981105134088 0.4008445812363584
6 0.5400184147721347 0.33826202667063626 0.5342123846907043 0.2840081389772515 0.6119613171497349 0.2756879391792484 0.6177675205573223 0.3299416306505919
27 0.94921875 0.02421875 0.96484375 0.02421875 0.96484375 0.04453125 0.94921875 0.04453125