43 0.32570023083508204 0.5724622516152462 0.2844383004852489 0.5716578171689352 0.28795983094153144 0.3910731046419842 0.3292206554145878 0.39187752822383903
38 0.645291868978461 0.3842359925292444 0.6944203531754738 0.377624290357188 0.7190199233748444 0.5604008891309608 0.6698914580921382 0.5670125029257289
39 0.6652840335684687 0.34597417819096093 0.7135358639865217 0.3370853936315736 0.7379048145601246 0.4693635017497764 0.689653005154014 0.4782522115835174
41 0.6710207466977636 0.5621143643978834 0.7324724622916392 0.5654421726758274 0.723246655159528 0.7357867428583499 0.6617949442720601 0.7324589901800878
40 0.7177307719102828 0.6655054035427042 0.7177312326498395 0.5602785806406014 0.7880433007076135 0.56027907095685 0.7880435341625116 0.6655051925209381
55 0.2809030738497995 0.5660597685740942 0.33336075898046147 0.5689723740231066 0.3241886161341654 0.7341479336077499 0.2717309345423473 0.7312353756704253
57 0.26297948099988844 0.5502452772047747 0.3149962850884549 0.5717238802037062 0.2704651358491219 0.6795569419755959 0.21844846196802337 0.6580785734267907
6 0.28456366996215365 0.4887478473628109 0.32436871148445334 0.4877267623961798 0.3265050158571512 0.5709996090366755 0.2866999745835983 0.5720206871118098
6 0.3318713053582769 0.5894428147217681 0.3188871007292846 0.5177205819880002 0.36236690005500805 0.5098499949039332 0.3753513093122365 0.5815719625702995
6 0.4009744186886337 0.5283917986138976 0.43288550815327653 0.5325392691389812 0.4227736784089302 0.6103333416259963 0.3908625944462756 0.6061858992637157
6 0.37070528911397105 0.5305692747697983 0.4006068168589536 0.5316903171200759 0.39784725933520804 0.6052888988956637 0.3679457319810808 0.6041678636840103
6 0.44735054375 0.5428571421874999 0.46908967500000004 0.5428571421874999 0.46908967500000004 0.606968640625 0.44735054375 0.606968640625
6 0.5259006466121718 0.5419679630236968 0.5505966183214923 0.5426759851168856 0.5487014027135046 0.6087750453395759 0.5240054311714175 0.6080670273514195
6 0.5985055184431758 0.6062717765625001 0.5618205563692982 0.6062717765625001 0.5618207899981371 0.5372822312500002 0.5985053103754581 0.5372822312500002
6 0.625220061373966 0.6015733556358865 0.5874143538358112 0.6002084773986782 0.5898162021933331 0.5336926782390358 0.6276214722599889 0.5350575485380612
6 0.6137410255124678 0.5152030934124012 0.6647183170538256 0.5098790174737059 0.6729668248443659 0.5888503042583005 0.6219895388651366 0.5941743446467808
6 0.6837632786223367 0.47169041567582476 0.7265983612783202 0.4902482165884569 0.692967950493312 0.5678675176571656 0.6501329412735686 0.5493098412180947
6 0.28425061486677805 0.5666422900346234 0.3356440881434537 0.5744698375657292 0.3252826384037917 0.6424927703399442 0.27388917656264766 0.6346652724267821
6 0.33016304375 0.585365853125 0.380095109375 0.585365853125 0.380095109375 0.6641114984375001 0.33016304375 0.6641114984375001
6 0.3804347828125 0.5979094078125 0.415081521875 0.5979094078125 0.415081521875 0.6662020890625 0.3804347828125 0.6662020890625
6 0.41000903898248 0.5985589857931255 0.4394279626592379 0.5975348453807013 0.4418561922985873 0.6672786241723495 0.4124372689826714 0.6683027576921816
6 0.566126771041354 0.6044662656999775 0.5970219297815902 0.6089835030694218 0.5878291815313332 0.6718486612573193 0.5569340288062676 0.6673314517886237
6 0.626699140143387 0.6627239483108861 0.5887443146206124 0.6664235774494945 0.5824123850629803 0.6014693426611194 0.6203667399257711 0.5977697365304713
6 0.6673909495095813 0.5760671609198096 0.6941647575340539 0.6344433565445117 0.6328899484067279 0.662542849099308 0.6061165749918018 0.6041670223045547
6 0.6705163046875 0.563763065625 0.7302989125 0.563763065625 0.7302989125 0.6411149828125 0.6705163046875 0.6411149828125
27 0.96328125 0.94375 0.98203125 0.94375 0.98203125 0.95625 0.96328125 0.95625