43 0.4206613281933187 0.323436713729655 0.42405597146500895 0.27977397167859896 0.5979722360842743 0.293294648879163 0.5945779773902586 0.33695702212477235
38 0.6038509027395094 0.6485332939153372 0.6072224898757668 0.6924694361922324 0.4322396992785116 0.7058933539885335 0.4288689600818998 0.661958001506351
41 0.2802994536946244 0.7315042052257438 0.26818405397693823 0.6797558372144303 0.42369493455032625 0.643351851852539 0.4358109288793912 0.6950993517856843
40 0.45036477858388935 0.7061100753123117 0.4394412440111637 0.7710511805626012 0.3505637146894287 0.7561030427567746 0.36148776420031936 0.6911625847770884
55 0.4206253059072651 0.2933009100026187 0.41192638019379046 0.3440275829134761 0.24313785755805384 0.315082752708803 0.2518370957177467 0.2643564960857061
57 0.32155518002707595 0.2935050817452575 0.3148770902577098 0.22728125963238957 0.4026327588380809 0.21843203881412493 0.4093110501622732 0.2846556263876875
6 0.4710624729107167 0.3265780997777239 0.4638007952598855 0.3744030154235457 0.389183129016601 0.3630733521468672 0.3964449610302836 0.31524862729973324
6 0.47265126665877233 0.6161793256520427 0.4761126220656706 0.662476657548233 0.39745490682537366 0.6683561777696861 0.3939939325400701 0.6220592039691044
6 0.346338653139469 0.3154363388200373 0.3958346492211149 0.3468629590457768 0.3604709849093979 0.40255742210632345 0.3109750784167318 0.3711309156934973
6 0.355463545184989 0.5926903871354359 0.398862736780643 0.6452261297389139 0.3614265580227993 0.6761477058799211 0.3180276299290199 0.6236122090926479
6 0.34785055843519785 0.6675868182615765 0.39116994803328 0.6319290509753471 0.4379239717274004 0.6887212615111659 0.39460482750018855 0.7243787588258546
27 0.02578125 0.96875 0.03984375 0.96875 0.03984375 0.9796875 0.02578125 0.9796875