43 0.3121694435626523 0.3424209694273685 0.3523963066249962 0.3410204897597235 0.3586968620619473 0.5219858171006848 0.31846999974072787 0.5233862798883875
38 0.6484375 0.331010453125 0.690557065625 0.331010453125 0.690557065625 0.524738675 0.6484375 0.524738675
41 0.7064936075056494 0.6990924561136735 0.6572183237570925 0.7074055550771563 0.6304382193580977 0.5486834273902987 0.6797120299949029 0.5403704551576792
40 0.7601580961031686 0.6579237234939387 0.7092444376620506 0.6729059880559112 0.6694121097291372 0.5375581443361228 0.7203245630161064 0.5225760666711021
55 0.32695637452218307 0.5385653779072385 0.37618464581669286 0.5454996434884856 0.3536754632896191 0.7052808701079684 0.3044472136712102 0.6983467097950504
6 0.3186414173025014 0.45443640091318815 0.35886012913204013 0.4562184478910208 0.3558571779577733 0.5239867533903612 0.31563846672315776 0.522204715416002
6 0.6986828249767996 0.5169639787489047 0.6565196602675769 0.5272390754246489 0.6420103877776455 0.46770497216459506 0.6841731832309961 0.45742992238729346
6 0.38643514087721087 0.5637264602010533 0.3600784864030402 0.6133973804103156 0.30838644449738695 0.5859708155056451 0.3347431242361836 0.5363001505125197
6 0.4303601741014518 0.5785390299522843 0.40298398132063085 0.6311252791894164 0.3525914705942341 0.6048937322924779 0.37996769641119954 0.5523077533346027
6 0.6451166215583726 0.621835554870462 0.5960581772144451 0.6282116009433044 0.5871477117648283 0.5596581190961383 0.6362055516572127 0.5532821128816651
6 0.6965313771760293 0.6030614155866842 0.6454261204478371 0.6182227410155936 0.6263639641091459 0.5539745340968892 0.6774686565358934 0.5388132979279223
27 0.96796875 0.95546875 0.97890625 0.95546875 0.97890625 0.96484375 0.96796875 0.96484375