43 0.3127711565764457 0.5363439159912382 0.26667178501554645 0.5352289679057755 0.2704833914592655 0.3776649300017842 0.3165817301851348 0.37877986541595515
39 0.7778172570230026 0.4383347488482694 0.731549868446109 0.43447700304732695 0.7443583424252438 0.28087129317135745 0.7906249603302058 0.2847290068585049
41 0.7817635521550983 0.6998904725342676 0.7294302589207291 0.7084838310092503 0.7037519033692661 0.5521188123098987 0.7560836970654918 0.5435255768268238
6 0.27280015847259165 0.6829197451503765 0.2609728282643573 0.6792640739212328 0.2816977383477024 0.6122209977391321 0.29352491635677325 0.6158766437705225
55 0.29059159815062685 0.5463617024435696 0.34912149545414195 0.5583804178260678 0.31349294162521346 0.7318673803784641 0.25496310656501464 0.7198488711942707
57 0.2590394149635813 0.6856659355634632 0.17200160359777783 0.6728674447001918 0.18970950942923537 0.552464804347556 0.27674533988101757 0.5652631463974417
6 0.3591996582459842 0.5418882984375 0.3107441929404331 0.5418882984375 0.31074455648138155 0.4494680859375 0.359199334134928 0.4494680859375
6 0.35485509537920734 0.45118598529875226 0.39238516399643686 0.4523077457417898 0.38938736024249465 0.5525960828227084 0.3518572919995222 0.5514743310192383
6 0.3889336891708126 0.4387575291472028 0.4224729654449675 0.439134346452775 0.42118083325863154 0.5541345873686606 0.387641557027564 0.5537577733521928
6 0.446336657753136 0.5628713586937196 0.40959342066628324 0.559961021564409 0.4194643756259211 0.435353504444309 0.4562069223150047 0.43826381422643396
6 0.4747190026348562 0.45345739818352265 0.47471913982042224 0.5631649484486928 0.44838479573854784 0.563164830090813 0.44838488132040766 0.4534575005147803
6 0.6009126535901714 0.44412207837229417 0.6153395844025908 0.5554218136385509 0.47699380425376603 0.5733516422055571 0.4625682013322603 0.4620531043265375
6 0.6355338660799816 0.5545212781249999 0.5923453833407848 0.5545212781249999 0.5923457473393228 0.45212765937500005 0.6355335495460395 0.45212765937500005
6 0.6237330971050596 0.4681610491338165 0.6662286098646746 0.4660239354137426 0.6704834115636231 0.5506222749925884 0.6279878999223456 0.5527593746497176
6 0.7162925049651676 0.5432180859375 0.6650279705557978 0.5432180859375 0.6650282967799512 0.44747340468749996 0.7162920746028476 0.44747340468749996
27 0.6762286800678794 0.3565209757908985 0.7226626377204184 0.35856430517510496 0.7177320085808105 0.47060568990072005 0.6712980517899041 0.4685623749091972
27 0.6455845979450032 0.34944236320630956 0.676802182415372 0.3524395951170976 0.664644546801469 0.47906103788159343 0.6334269656249489 0.47606382968749933
27 0.6118919964708311 0.3358329015789695 0.6429650394534292 0.33822354533076526 0.6330758421875089 0.46675531875000215 0.602002801281742 0.46436469358145904
27 0.537310475921231 0.3766978592395626 0.563420329770679 0.37590999742165193 0.5665999596701567 0.4812778609641896 0.5404901061129976 0.48206571737771603
27 0.4856256488666304 0.34961910203011914 0.5139073965207217 0.35117819637622344 0.5068632076205404 0.4789526991619785 0.47858146093744836 0.4773936171874999
27 0.4740168997593628 0.4694148953125 0.45470504125671596 0.4694148953125 0.45470517900662344 0.37167553125 0.4740168051087039 0.37167553125
27 0.4181386522732282 0.4670758198412321 0.3913109260259944 0.46929470032007264 0.3808018621775773 0.34223686089804717 0.40762918903226364 0.34001799646670283
27 0.35383643731029224 0.3726962938769608 0.3830352397833394 0.3709831001548836 0.38882765453956836 0.4697011080790653 0.35962885298567926 0.47141429103322713
27 0.35639077873349834 0.46609040283928105 0.3079611322789333 0.4693551613476555 0.30071220771685603 0.36182550188604334 0.3491412166088139 0.35856076453193064
27 0.31073737416988934 0.47616376144448147 0.2670698860650873 0.4730411772972094 0.2739616599731107 0.376673412341704 0.31762862112975654 0.3797959780223601
6 0.32827339449193005 0.650752802300181 0.2684374962865377 0.637077266261267 0.28936084978818144 0.5455415100105455 0.34919578172832644 0.55921693263653
6 0.34146836664695 0.569143423380874 0.3999643733435505 0.5768653168883724 0.3864167876186002 0.6794811932954861 0.32792079593423296 0.671759375603809
27 0.3109991020638745 0.7310648916475702 0.2578796141149269 0.7222350035980625 0.27672866530099327 0.6088619930648097 0.32984691095009566 0.6176917745168771
27 0.3321755028472353 0.6513876558496398 0.38495435843333325 0.6673122122187725 0.3603644085543465 0.7487987721329189 0.3075856166634594 0.7328743609393213
6 0.5179647111144732 0.6088377638012604 0.5334782318257112 0.6098617102197194 0.5308745035866878 0.6493053663280068 0.5153609832591428 0.6482814237890548
6 0.55477528125 0.58909574375 0.57654494375 0.58909574375 0.57654494375 0.670212765625 0.55477528125 0.670212765625
6 0.5761938203125 0.584441490625 0.6056882031249999 0.584441490625 0.6056882031249999 0.6961436171875001 0.5761938203125 0.6961436171875001
6 0.6035814609375 0.5924202125 0.6358848312500001 0.5924202125 0.6358848312500001 0.68284574375 0.6035814609375 0.68284574375
6 0.6285112359375 0.5837765953125 0.6671348312500001 0.5837765953125 0.6671348312500001 0.667553190625 0.6285112359375 0.667553190625
6 0.722944663534804 0.658976041631422 0.6672805293156898 0.6650763256842159 0.6568687163068034 0.5700771822154803 0.712531866728682 0.5639769524488807
6 0.7717871137529073 0.6200857868631807 0.7182809279428284 0.6326427504491821 0.7005638196367272 0.5571555932635482 0.7540692934751405 0.544598716590363
27 0.5150983140625 0.6442819140625 0.53265449375 0.6442819140625 0.53265449375 0.709441490625 0.5150983140625 0.709441490625
27 0.5586376406249656 0.65026595625 0.5773701462562713 0.6497360784690843 0.5794662336824103 0.7238276039533353 0.5607337282127673 0.7243574776144713
27 0.737574161022053 0.7245618562580683 0.690973299661664 0.7357463814292732 0.6724649706662831 0.6586408832854614 0.7190650867127033 0.6474564514942731
27 0.7845177208139376 0.6963983790453131 0.7393346814344568 0.708013259671785 0.7175083917945813 0.6231171878986071 0.762690664167053 0.6115024115673244
27 0.959375 0.94765625 0.984375 0.94765625 0.984375 0.96484375 0.959375 0.96484375