6 0.3375893375209671 0.522081582458881 0.393901614333231 0.5252484146878653 0.3900347962270416 0.594001391343323 0.3337225210229917 0.5908345777038384
27 0.33550297686940667 0.5660463620598359 0.38047346557618766 0.5752159283355703 0.3584921651691957 0.6830067781368563 0.3135217049600669 0.673837308104024
6 0.384171141591537 0.6181185067568046 0.38417124093484745 0.5554006571482267 0.41711952088041926 0.5554007653572023 0.417119606463757 0.6181184292169192
6 0.6665944119080223 0.6026206871004341 0.6152068038788912 0.6016930779423044 0.6164685110529717 0.5318209668198307 0.6678554961125656 0.532748570338266
27 0.6910265224071281 0.6811810182169016 0.6476764968150519 0.6923662667328876 0.6224116614071136 0.5944603993708275 0.6657608687499987 0.5832752624999937
43 0.33023741562146824 0.48287693332803355 0.2896123669070221 0.4777286973880851 0.3106818883870801 0.31148069134345036 0.3513061140671425 0.3166288740932659
38 0.6509487105017797 0.3100763841544145 0.6929250687688864 0.3070639398060965 0.7063593588779895 0.4942531574982657 0.6643830043824437 0.4972655667138107
41 0.7389801729115106 0.6352784790159736 0.6840723518125742 0.6470534665067212 0.6529278358668762 0.501835581309202 0.7078342914743416 0.49006074532113725
40 0.7933104678335212 0.5718432376776234 0.7365904208095344 0.595235162640293 0.6893592142032503 0.4807189610120974 0.7460782842896378 0.457327261886977
55 0.2964719390843129 0.47983260800281974 0.34909113744640763 0.48838136071954935 0.32595916962827687 0.630750329898878 0.2733399953428943 0.6222016811463562
6 0.3319527130413462 0.482594739776044 0.29111090757146485 0.4789754046723198 0.2982333772806669 0.39861077428471203 0.3390747372925489 0.4022300893618119
6 0.3726257519305136 0.4661486597819111 0.4018275982408568 0.4680463776923822 0.3980321047407642 0.52644667503621 0.3688302592420314 0.5245489655401799
6 0.4247259965103467 0.5474732989167959 0.3906430287651119 0.5427270911304531 0.399569911880576 0.47862886159064433 0.4336525398603044 0.4833750453738654
6 0.5694051722095992 0.480819645671623 0.6053595061233636 0.4774817584922159 0.6119515406115852 0.5484828930486172 0.5759972092915859 0.5518207615572335
6 0.6158917029032409 0.45347767394831795 0.6613277927318677 0.44794131960302874 0.6695818781087155 0.5156767954113638 0.6241457934303298 0.5212131218368721
6 0.66202445625 0.4209059234375 0.702785325 0.4209059234375 0.702785325 0.49686411093749994 0.66202445625 0.49686411093749994
6 0.6071571016325379 0.455130203251762 0.6301639408093251 0.46046996276539337 0.6205585043155679 0.5018530092002501 0.59755167071296 0.4965132662213264
27 0.5929277854385191 0.36931762001212487 0.6142108369573407 0.3678768626982358 0.6217138190436344 0.47870625619261553 0.6004307686727088 0.4801470032552763
27 0.96328125 0.9546875 0.97578125 0.9546875 0.97578125 0.9671875 0.96328125 0.9671875