43 0.3431154430737706 0.4399740753866601 0.3019169567202198 0.43704858122317664 0.31330277121412564 0.2767200514264666 0.3545005245033508 0.2796455191528623
0 0.3098560465682567 0.4128441119939461 0.2689175779916013 0.4067707254446596 0.2926900660828551 0.24653724004805463 0.33362788290128265 0.2526105776235223
38 0.7256357144977983 0.4534883734375 0.6829093768404846 0.4534883734375 0.6829097222381506 0.28052325625 0.7256352038025398 0.28052325625
39 0.6976350842766124 0.2666400272367913 0.744695050104724 0.257905313710116 0.7743604700012838 0.4177285341095662 0.727300526388035 0.4264631738680507
41 0.7257404644769849 0.6369657789794235 0.6752699795187027 0.6378875873031545 0.6725129289678762 0.4869105975333424 0.722982145148876 0.4859888005827331
40 0.7235780541006989 0.5971876106091927 0.730983398168064 0.4928613258838834 0.8003387421676962 0.49778412621465856 0.7929340462800383 0.6021097901772255
55 0.3327082340341576 0.4829007497219182 0.3816667194837464 0.4876008470336475 0.3665330240222602 0.6452264088351944 0.3175745474446785 0.640526375260493
57 0.3090736004178325 0.4805269724200513 0.3639757454448045 0.520755450797251 0.28929787918229977 0.6226629496521998 0.23439609408831075 0.5824348956372392
6 0.3435734453125 0.3953488375 0.3905367234375 0.3953488375 0.3905367234375 0.46875 0.3435734453125 0.46875
6 0.48873179580596116 0.4472885899566851 0.5784799382698793 0.4545558095347254 0.5706285568652447 0.5515111131610377 0.4808804199687984 0.5442439472867933
6 0.33175398806372414 0.48074750888904844 0.378643868136578 0.4820131107501784 0.37621980280016487 0.571816160190319 0.3293299230425646 0.5705505674518461
6 0.6171103552669592 0.5375409157101989 0.6708169387737826 0.511448713425047 0.6993252604746658 0.5701233145673275 0.6456187706129413 0.5962153732451453
6 0.725774342627119 0.5683291823960018 0.674197228052094 0.5694186587061977 0.6724582167892095 0.4870839238420656 0.7240346506216611 0.4859944547113832
27 0.96796875 0.97578125 0.98984375 0.97578125 0.98984375 0.98359375 0.96796875 0.98359375