43 0.31494377335525314 0.4750674895092249 0.2714094896264214 0.47343970100503596 0.278404038356598 0.28639677647141587 0.321937324144983 0.28802454562939656
38 0.7386352796239635 0.46028451451078717 0.6881107572427254 0.46274043409005455 0.6797427871468926 0.29058836269833593 0.7302662546275087 0.28813246978680057
6 0.6676829554982078 0.5498257816069512 0.6524654086485953 0.5504597908250043 0.6507637475170895 0.5096185984297609 0.6659811941494809 0.5089845913016461
41 0.735514416791716 0.6222503380178743 0.6751442411948574 0.6304393824809993 0.6533783104874828 0.46998855366594305 0.7137469019952505 0.46179961720804014
40 0.7111198855301382 0.5299163900356335 0.722223949739373 0.43168824622003316 0.8005615218934281 0.4405433447982403 0.7894580872899724 0.5387709056330149
6 0.3126999802626642 0.5129998727563109 0.33182615119324055 0.5075768321185952 0.34268697458981023 0.5458779864704348 0.32356081080092736 0.5513010097349026
6 0.4249655450687442 0.6175288638869871 0.4165344831586708 0.6157471282633029 0.4248421308586785 0.5764403633653532 0.4332731333754509 0.5782220925132963
55 0.289005253635537 0.47807272772530945 0.340392270521761 0.48179276137992244 0.328609877954932 0.6445352661224332 0.27722286579341926 0.6408152842527476
57 0.2185839730667567 0.5450775342115984 0.203403413324736 0.4484105276103448 0.2792985184352119 0.4364929219695168 0.29447952816576617 0.5331593682054985
6 0.31135702665824283 0.476784504110716 0.2647450569401144 0.467721638858376 0.27719903779984634 0.4036734705430434 0.32381060497721137 0.41273629518675764
6 0.31631708481177157 0.42889827449218837 0.36183414607057784 0.43239168769625425 0.3560901276337063 0.5072279257256457 0.31057306855291245 0.5037345312725507
6 0.6403242239539395 0.4139010887262676 0.6926510561985424 0.4075423264319311 0.7027639690581964 0.49075748235323613 0.6504371433285314 0.49711620790290095
6 0.3373653022754297 0.48264522696402035 0.3312251272315052 0.557262091162212 0.28320185272730214 0.5533103681360071 0.2893422851179821 0.4786937851322197
6 0.3655653889140922 0.5825373345427425 0.31533068468377223 0.564545570861877 0.338952890237465 0.49859693141302014 0.3891870707310545 0.5165885924436182
6 0.6675908179336147 0.503260216243267 0.6852452607432724 0.5683339575742591 0.6293964981254021 0.5834839750340522 0.611742416281686 0.5184105418760452
6 0.7066028359428174 0.46043969117658473 0.7450629211102751 0.5079546244086013 0.6835658963901778 0.5577279876295248 0.6451061227436412 0.5102133439189671
27 0.7341077782003822 0.6087210472001054 0.6927075232072184 0.6164959165158557 0.6763997909878299 0.5296659792470317 0.7177994264766312 0.5218911697090248
27 0.96484375 0.94453125 0.97109375 0.94453125 0.97109375 0.95234375 0.96484375 0.95234375