43 0.5205573664378562 0.6552308461979623 0.5205577284884839 0.6987092952190682 0.3449474278595517 0.69870901551368 0.34494785146443974 0.655231362549583
0 0.4926190551187801 0.6981603334960489 0.48577261928005555 0.7459123493750671 0.3147274657184198 0.7213906600677145 0.3215746342248167 0.6736395392660053
38 0.35583162490263476 0.33797635066629556 0.35718766516322376 0.2946709187155004 0.5339856717888551 0.3002061721656859 0.5326300168652551 0.34351124154681156
39 0.3338299725161278 0.31757097614167107 0.3295025582941662 0.2702208399387563 0.4989769593167921 0.25473226657748343 0.5033046902010483 0.30208204021516
41 0.6997180360356197 0.2986711067148744 0.7012067110096041 0.3505789163535119 0.5286623297578217 0.3555260551800566 0.5271741118095861 0.30361867263711495
40 0.6012241442781487 0.23256145495768724 0.6127833468318613 0.30106741429471595 0.5048083639765082 0.3192854958787968 0.4932495181971035 0.25077985464958985
55 0.51890876717232 0.6375515570161937 0.6964104383104086 0.6567150754211023 0.6905012138632856 0.7114416294203386 0.5129995564159344 0.6922782190255875
6 0.5795437357988931 0.6943262407256411 0.5826018501745693 0.7173264329771041 0.534554453989017 0.7237136508740862 0.5314964726999278 0.7007135786270782
57 0.6023149490595188 0.692916900595366 0.5996002046996409 0.7653226458032669 0.47844830009694306 0.7607797224329192 0.4811639761422839 0.6883749501460392
6 0.46263712278175717 0.6528671561067748 0.46696923113017874 0.6054749735218338 0.5395130507979502 0.6121052958430053 0.5351813010159958 0.659497146743126
6 0.5484091132642561 0.5829917224028032 0.5456538364827566 0.6169052040118882 0.47700005555861935 0.6113278268089682 0.47975552519324083 0.577414560120374
6 0.6013677330114433 0.3471578926872988 0.53888682083209 0.3612049794990058 0.5265072549424303 0.3061422769117584 0.5889878238907613 0.29209523055193504
27 0.9578125 0.021875 0.9703125 0.021875 0.9703125 0.0375 0.9578125 0.0375