43 0.33660891926456316 0.5522349951981492 0.29845305961066515 0.5482983761225256 0.31736464456014346 0.36501575515114987 0.3555195196012164 0.3689523226642251
38 0.6478141530051289 0.3633029925633723 0.6923001890803562 0.35918331858185404 0.7097566817018333 0.5476751871171802 0.6652706537985296 0.5517948063891918
41 0.7251688648686923 0.7430544930369108 0.6707350686773452 0.7513730546626116 0.6427522832556178 0.568281255440483 0.6971841400334142 0.5599628425790617
40 0.7617744118145993 0.701737878999369 0.7114284652971037 0.7076362602596253 0.6950435700939579 0.5677936030545013 0.7453881544684009 0.5618953025951031
55 0.31151584511371766 0.5597629285665494 0.3608587048368008 0.5673336679384035 0.3341240953793658 0.7415574284255784 0.28478126452671404 0.7339868202268713
57 0.31633102220632736 0.7072302001849592 0.27367990935283615 0.7087149927864311 0.26874584612687613 0.5669858303968571 0.3113958165299664 0.565501057348172
6 0.30298913125000004 0.47804878124999994 0.338994565625 0.47804878124999994 0.338994565625 0.5512195125 0.30298913125000004 0.5512195125
6 0.3375997478987074 0.504321573897958 0.3805922913309132 0.5056312129291776 0.37855444554861606 0.5725234293817102 0.3355619024423504 0.5712137975391264
6 0.6747784615479304 0.5721288694202635 0.6276243682032145 0.5804860836302099 0.6167459538595494 0.5191107824755747 0.6638995722991012 0.5107536112015572
6 0.6792861892819246 0.5536170398533006 0.6478347247149259 0.5240941423074682 0.6934704186860472 0.47548145285252474 0.7249217032822344 0.505004194960904
6 0.3084239125 0.5993031375 0.323029890625 0.5993031375 0.323029890625 0.638327525 0.3084239125 0.638327525
6 0.3087635875 0.5630662015625 0.354619565625 0.5630662015625 0.354619565625 0.639024390625 0.3087635875 0.639024390625
6 0.3529382785628741 0.5952001436157095 0.4004923376324996 0.5988873303142371 0.3943758952175358 0.6777623300159162 0.34682183933375654 0.6740751715209601
6 0.6706674632500835 0.6571083395149813 0.6291642158784043 0.6240084979241384 0.6853664854403405 0.5535459525407987 0.7268692887421366 0.5866455183083712
27 0.96796875 0.95546875 0.98203125 0.95546875 0.98203125 0.97265625 0.96796875 0.97265625