43 0.5869038265988138 0.6437019683311099 0.5834297589719881 0.6839481344457781 0.3976924628063898 0.6679155129467397 0.4011672039229097 0.6276701084748728
0 0.37416980782347764 0.7019066059515924 0.3754153972381573 0.6584066150509507 0.517327765928826 0.6624688618690351 0.5160828356008551 0.7059682120086552
38 0.425549063145354 0.3371287090781542 0.4230674776580372 0.2949612209630938 0.6097988733947659 0.28397155032887295 0.6122808102400086 0.32613867027103066
6 0.48914570088106757 0.2573913458720079 0.5218706950531669 0.25258734705769775 0.5242388534651354 0.26871898740790906 0.4915138599898228 0.27352298308142625
39 0.41265459937699234 0.31486456678733143 0.40470053423905483 0.27336678166894235 0.5559035247863449 0.24438536676136602 0.5638577961678948 0.2858828781959622
41 0.7597739169555098 0.25296383431772146 0.7726398878588725 0.3039300755487393 0.6194561787066277 0.34259816001239035 0.6065906300786992 0.2916322815088194
40 0.7457832203684802 0.2360568784309334 0.7452498632028437 0.2865019182466087 0.5957628088233378 0.28492074177224896 0.596296460823055 0.2344759873719305
55 0.5818832255279176 0.6760267451041594 0.5937069480495438 0.6231259462814679 0.7492979547315599 0.6578965686525583 0.7374752228574835 0.7107965007147665
6 0.5339319388256172 0.641605864760155 0.5367689956375443 0.5949694729120243 0.6195816444198954 0.6000064903804164 0.6167449736888102 0.6466425183585722
6 0.5306832847074929 0.3295388338387322 0.5296241098333212 0.2881753004460267 0.6135815575343031 0.28602539023253304 0.6146408903978227 0.3273887641259211
6 0.7063356247710999 0.5921638974355243 0.6939436596607038 0.6498875997461858 0.6120582580741711 0.6323101227270619 0.624450547174888 0.5745868661179963
6 0.7256234353452555 0.32795816537418065 0.723886504840948 0.3850793426644337 0.6368928240513014 0.3824337695841106 0.6386300144654342 0.32531285435508966
6 0.6983988510487507 0.31461933501829936 0.6621516592529133 0.35434974690500487 0.6039521940310806 0.3012541192917472 0.6401992684977813 0.2615238558644627
27 0.8095311821834912 0.30806244300024793 0.8169200125003044 0.3479927753013171 0.7093525676841637 0.3678961892832267 0.7019639911347895 0.3279660771827741
27 0.9625 0.01171875 0.975 0.01171875 0.975 0.02265625 0.9625 0.02265625