43 0.3716677499174921 0.5193452827790618 0.3328553938257528 0.5155686128472671 0.35157423742248284 0.3232158816228153 0.39038559639197956 0.3269925013482677
0 0.33766873956733434 0.46473052590523306 0.29462787938348356 0.45254661706824795 0.3380982292827639 0.29899261209880507 0.38113830526265247 0.3111764004432632
38 0.6420962359255782 0.33407742778812205 0.6872882402532241 0.32886986757666353 0.7090377206054654 0.5176056828390421 0.6638457288044037 0.5228131780950297
39 0.6492491826800233 0.36629187415509346 0.6983351853962176 0.33892135082376595 0.7532143217994189 0.43733657023526196 0.7041284570848347 0.4647069031930354
41 0.7500940501244031 0.6867028549551932 0.6911436728795479 0.7066699299307099 0.6375623763963176 0.5484939579611126 0.6965110436894975 0.5285271983097591
55 0.3360689626322255 0.5375187435530975 0.3891909032939793 0.5475522955423763 0.35728302936979617 0.7164671347411004 0.3041611344571038 0.7064337471773722
57 0.32817299790747256 0.6465903427649274 0.2562483836748015 0.6414444474966937 0.2645345705482214 0.5256524952128323 0.3364577175334489 0.5307983381956617
6 0.37470567548746203 0.4820707382249794 0.42375021241480226 0.48803609060310715 0.4156358820026753 0.5547432673684798 0.36659135086449623 0.5487779466227557
27 0.41654897908199473 0.49709302796708155 0.3800878417808917 0.4961866210774422 0.38410870488326054 0.3344687530240169 0.420569117606874 0.3353751510857803
6 0.39995174297052927 0.5942720167532385 0.36012200123809635 0.6270652689351478 0.30931987957524143 0.5653685422725839 0.34914926918997935 0.5325755224156561
6 0.3782451542599574 0.5740811973184128 0.4309396876714118 0.5783539058864355 0.4238752086466775 0.6654690182476699 0.3711806792666721 0.6611963447369913
6 0.6622304919762882 0.5914042534532062 0.6662723776830717 0.6759530132232464 0.6118430739381893 0.6785543233251068 0.6078016524354553 0.5940060070899736
6 0.6774608478099253 0.6344699120406826 0.6375156253436671 0.6084285865139751 0.6889911217700728 0.5294782532466835 0.7289358469644185 0.5555193598491419
27 0.6258075700404788 0.656788152734741 0.6739091985614323 0.6408755488463004 0.712108499255578 0.7563300828537781 0.6640069679548333 0.7722424782186841
6 0.6231978022652811 0.6854710439458014 0.5872499739225532 0.691300584401593 0.5765661346778188 0.6254260623887384 0.6125134970509407 0.6195965602675456
27 0.97109375 0.965625 0.98203125 0.965625 0.98203125 0.9734375 0.97109375 0.9734375