43 0.5439616945487842 0.6678234048213922 0.5394911445617936 0.710699547640649 0.36515601797373165 0.6925229632816388 0.369627251051611 0.6496476040198912
0 0.47904690076779843 0.6970907148031129 0.4772682519957243 0.7182923450144494 0.3616690274444636 0.7085951023482326 0.3634479144747047 0.6873937351100561
38 0.3647539690799704 0.30835791912171495 0.36496202213038487 0.26311675105593724 0.5560930922009675 0.2639949876262119 0.5558854190848024 0.30923578706111066
39 0.44071023229696493 0.23955625208792525 0.44227296071574074 0.27809502127867086 0.3870021690059957 0.2803360682498687 0.3854395279988694 0.24179738261101996
41 0.7204337414787005 0.2644745474601695 0.7225604525331164 0.3191021272223415 0.5529489271859802 0.3257041300410532 0.5508226453982843 0.2710769487405982
40 0.5673607771194611 0.27921532989869585 0.5649944094569719 0.20626029179338612 0.667460551170052 0.2029367338233921 0.6698271848370041 0.2758914903197134
55 0.5385689990985156 0.6936286111035905 0.542242620960451 0.6407921759956731 0.7284353370239387 0.6537350803474802 0.7247627893357276 0.7065704940550729
57 0.5844806950407246 0.7553493709930685 0.5760363406546958 0.687018200112109 0.6807329235775796 0.6740814798875133 0.689177948984252 0.7424118741147703
6 0.45639529583900185 0.7054455860643359 0.45639555851710156 0.6637197712934773 0.5421511190154433 0.6637200656553869 0.5421512300225686 0.7054455086837809
6 0.5600533658068798 0.6247279849765962 0.5501082456185031 0.6743622336254242 0.4829457558677177 0.6609063574631129 0.49289112279961955 0.6112724419754215
6 0.5890714476815901 0.3742779956011287 0.5914779125898804 0.41136854986301946 0.5170894802809016 0.4161944477099007 0.5146831913369851 0.3791040596094478
6 0.5846579542686641 0.3488408888613824 0.583884883841165 0.3837987911996598 0.5091214728141722 0.3821452848965017 0.5098946854694759 0.34718752780529666
6 0.503678770231204 0.30933430060742095 0.5675869485852445 0.30480527940225705 0.5710778274118411 0.35406284671802474 0.5071696502300256 0.3585918566141337
6 0.556685967599833 0.26449779849623056 0.5566860717408417 0.30869873714635276 0.4767441498502194 0.3086987088313068 0.476744199934501 0.2644979243951627
27 0.40215167388487316 0.4016212049410075 0.40459212961081903 0.3723024183915574 0.5358504269457853 0.3832274093836263 0.5334102205495128 0.41254595851143905
27 0.3636007071622771 0.3100608070073715 0.3630833644957647 0.2717699337909393 0.508974426256259 0.26979865492293154 0.5094920138435555 0.3080892682555464
6 0.6355058140916299 0.6506957998589737 0.6300191151713079 0.7033166884967884 0.5359169658748897 0.6935054398443219 0.5414041124786309 0.6408850584653191
6 0.646547059512045 0.6032679402400631 0.6310284674360673 0.6609765412090887 0.5517773411155531 0.639666871463628 0.5672962170657456 0.5819587132735432
6 0.5755812945445768 0.37164074839929 0.575581444780255 0.31895326984362604 0.6489825228723021 0.3189534428583583 0.6489825749104057 0.37164071880177985
27 0.96328125 0.0234375 0.97265625 0.0234375 0.97265625 0.034375 0.96328125 0.034375