43 0.5106559607622785 0.6615337813385613 0.50736681310525 0.7004170706724486 0.312689289825812 0.6839494840294216 0.31597913921882537 0.6450669842662662
0 0.40511850956761464 0.6792975994035094 0.40398156597950674 0.7212921650949102 0.2440680233604553 0.7169616656950121 0.24520566127239363 0.6749678144056147
38 0.31984556542374776 0.3354416634446803 0.3183704394364213 0.29609454337975927 0.5152677402754762 0.2887122065403789 0.5167432216500174 0.32805896678081864
41 0.6823105116744728 0.27009980767805886 0.6902257868265451 0.3180203526579241 0.5263962006928296 0.3450792341106531 0.5184813403060389 0.2971590512613296
40 0.6731900978859358 0.24830816218757049 0.6518684560996917 0.30954750944210097 0.5256945973359279 0.265618135329139 0.5470163949159996 0.20437910476196705
55 0.5235234393578594 0.6940661429397278 0.5310245120830359 0.6430529542740689 0.6872894724855314 0.6660266289089959 0.6797893351275661 0.7170389719506921
57 0.5074939310928812 0.7705952412697354 0.5017977501923951 0.7182614946940203 0.6784623816021167 0.6990345375639795 0.6841594747284034 0.7513672464428003
6 0.5484461009955339 0.6378809332721141 0.6017209368463909 0.6662132274556778 0.5745129368172002 0.7173667445597987 0.5212382162007998 0.6890346189730859
6 0.628711263123023 0.33686648607969977 0.6295434490436946 0.3897769850593592 0.5467918808168406 0.3910781084475867 0.5459599411949512 0.33816784785884574
27 0.5707317062500579 0.6976902171875307 0.5779306426125004 0.66010318244214 0.6801871299819595 0.6796849551002363 0.6729886615273699 0.7172715782092006
27 0.9546875 0.01171875 0.9671875 0.01171875 0.9671875 0.03046875 0.9546875 0.03046875