43 0.3499749549760054 0.5408981866775138 0.3091035857855786 0.5370076175713573 0.3257592766670996 0.36205387235284314 0.3666296152960058 0.3659443905167556
0 0.3187203345603393 0.496286851614293 0.274993130420512 0.48761935763057335 0.30482829187076277 0.3371135394203175 0.3485546447177512 0.3457809449253753
38 0.667263671595947 0.3800564565213292 0.7090166507683762 0.37453635436499183 0.7329843241392382 0.5558119590937987 0.69123135967709 0.5613319883101962
39 0.6797196751612091 0.36422834497319223 0.7241200740114664 0.35134274590831976 0.7616363602160163 0.4806075947339075 0.7172360092713461 0.49349308175667433
41 0.7240134913112115 0.7335342123092391 0.6757924001944957 0.7380210415859194 0.659495060252766 0.5628815733318979 0.7077145181561946 0.558394819549195
40 0.7697133865299293 0.6354602073124747 0.7075508038860789 0.6335090708829102 0.7110087321830179 0.5233691481244044 0.7731701079269442 0.5253202656139339
55 0.3248969056661508 0.53994652251356 0.3744727010796396 0.5461891128097096 0.3529364889527642 0.7172008068330588 0.303360712051699 0.7109583180752771
57 0.2863817786023901 0.5067227399223813 0.331018550666613 0.511925640834546 0.31631232062864 0.6380814512109895 0.27167555830885703 0.6328786078308712
6 0.31400275575128944 0.5377907309316442 0.3140028948790814 0.45930228556890124 0.3532531444875531 0.4593024302298942 0.35325324007794734 0.5377906392613314
6 0.42040043097460966 0.5818278052064308 0.38715951827032313 0.5847157180684406 0.38127655723042153 0.517005035309817 0.41451709513910373 0.5141171387872341
6 0.4455918801304506 0.6010147758028004 0.40989142327055106 0.5998568601718604 0.4122367495127719 0.5275608994172352 0.4479367627446891 0.5287188078471369
6 0.7222562267984358 0.5619899253094269 0.684284570556315 0.5582951215389687 0.6914801185487249 0.4843554334187918 0.7294513245391272 0.4880502149961796
6 0.6696525202366956 0.6613163609882726 0.6193612312716823 0.662403784512237 0.6176100327475069 0.5814056625956774 0.6679005546453709 0.5803182473394933
27 0.97421875 0.9625 0.98515625 0.9625 0.98515625 0.9671875 0.97421875 0.9671875