43 0.45910141712249697 0.34997463314955185 0.46299264939432305 0.30910356501656927 0.6379462486911507 0.32575954307233546 0.6340554193310481 0.3666302252336026
0 0.5037128650903924 0.3187201549220694 0.5123812411389963 0.2749933336115991 0.6628867836772088 0.30482837908013755 0.6542187754945417 0.3485548713923015
38 0.6199425892277759 0.667262213939816 0.6254647384793088 0.709015737663561 0.44418891080044887 0.7329843732940428 0.4386676577155413 0.6912316477733488
39 0.6357703564495978 0.6797190610072875 0.6486591401341002 0.7241192236213115 0.5193943960626939 0.7616358103133161 0.506506376832931 0.7172362990488218
41 0.266465711944079 0.7240126485239566 0.2619787912586844 0.6757907555963274 0.43711787959693993 0.6594956262870967 0.44160560322802667 0.7077166270856396
40 0.36453963320013827 0.7697131963232392 0.3664918725261259 0.7075507835257314 0.4766309483572968 0.7110088348174092 0.4746795030546309 0.7731704797775056
55 0.4600536469495182 0.3248966484083453 0.45381044904468126 0.37447259833736846 0.28279827383050815 0.3529366697714399 0.289041840828304 0.30336118143743523
57 0.49327749122051046 0.28638151984854504 0.4880741802180637 0.331018490005568 0.36191813771574743 0.31631246138878794 0.36712167276823493 0.2716757509616349
6 0.462209303125 0.314002828125 0.5406976734375 0.314002828125 0.5406976734375 0.3532531828125 0.462209303125 0.3532531828125
6 0.41817236026781757 0.42040025418841226 0.4152841664673588 0.3871595327308271 0.48299471394489046 0.38127655410737227 0.4858830321535379 0.4145171382517698
6 0.3989850412602891 0.44559179410170957 0.4001432482426708 0.4098914522373389 0.47243918274102725 0.41223669919328093 0.4712811497589655 0.4479368720872614
6 0.43800960181476967 0.7222561193749651 0.44170544818825874 0.6842846321878819 0.5156450689860321 0.6914801831941138 0.5119495525497086 0.7294513637909579
6 0.33868355452000287 0.669652203053937 0.33759624978949887 0.6193611910483082 0.4185941518672962 0.6176100713912229 0.41968184731354086 0.6679006848234813
27 0.0328125 0.97421875 0.0375 0.97421875 0.0375 0.98515625 0.0328125 0.98515625