43 0.3556387030839687 0.55331010625 0.3148775938751669 0.55331010625 0.3148780828678355 0.39303135937500006 0.3556382283684343 0.39303135937500006
38 0.6865810451237166 0.5448758165015658 0.6435131123038218 0.5392782015137101 0.6635826562854845 0.3848776140279305 0.7066496426434696 0.3904751663877572
41 0.7036244436525294 0.6890075565630818 0.6549894958940286 0.6895191434969893 0.6534800057395387 0.5459703008134482 0.7021136636072924 0.5454587205824953
40 0.7080936307477259 0.5733473741506456 0.776710182715874 0.5809912624965714 0.7663382426042062 0.6740858821007008 0.6977217018630881 0.6664420617420095
55 0.34006239457039555 0.699751740397158 0.29546222468297856 0.6961289098685824 0.30719731659746685 0.5516858504940241 0.35179627750505915 0.5553086321279829
57 0.3135954996024566 0.6749280534756132 0.25162837822449546 0.6783937617530147 0.24614157664098002 0.5802908349568918 0.30810754019546494 0.5768251590663509
6 0.3162364120809116 0.49547038276710464 0.3585017336687315 0.5000481235394284 0.352651947422828 0.5540535296158156 0.31038662910475523 0.5494758087340447
6 0.39911700732216104 0.561672475 0.35427977637004915 0.561672475 0.35428001481523097 0.4947735203124998 0.3991167628317953 0.4947735203124998
27 0.3944942691275628 0.5026053234869037 0.3563179343750562 0.5087107999999964 0.33830501625539 0.39608447202061026 0.3764807934521741 0.3899790395017873
6 0.6500718238597756 0.4913160243460659 0.6444711486209371 0.5486419076828916 0.6010659206373248 0.5444014356785678 0.6066667709052354 0.4870757483220078
6 0.647418478125 0.48432055625 0.692255434375 0.48432055625 0.692255434375 0.5428571421874999 0.647418478125 0.5428571421874999
6 0.5996575238065134 0.5597039172873773 0.652717990950805 0.5510836894763896 0.6640070665864641 0.6205647169235389 0.6109466127318228 0.6291848900628426
6 0.6580745635786798 0.6133574848042528 0.6485894997591686 0.5501767568840648 0.697908611426783 0.5427734239275157 0.7073939015560882 0.6059538769110336
27 0.971875 0.9625 1 0.9625 1 0.9875 0.971875 0.9875