43 0.31582707858672165 0.4946467764932826 0.27289540668687096 0.4884094846067688 0.29818436048515196 0.31435773442452314 0.34111510581010407 0.3205949573761943
0 0.3063048526711327 0.39844836456497734 0.2623650115907594 0.3966020692825609 0.2692095976460678 0.23372354941040355 0.31314873970916324 0.23556982984186678
38 0.6521505183618501 0.3559313659673548 0.7014715643136924 0.3443488352727744 0.7407469886254603 0.5115839624689118 0.6914259903850279 0.5231663620669403
39 0.6571734965606311 0.27835355363380093 0.721940791422071 0.2625692432965762 0.7554940216397199 0.40024294993835785 0.6907267697987436 0.4160271441754141
6 0.7153774159681916 0.6274992558455447 0.6840983784695709 0.6232307277189866 0.6923208798515361 0.5629855253271108 0.7235995771508215 0.5672540299126316
6 0.341915707511248 0.4900693540560034 0.32324952445912913 0.49492155342660704 0.3091820285420681 0.4408079127311677 0.32784806906227004 0.4359557329684329
41 0.6467095181343439 0.6340551348780039 0.7005133983811902 0.5591349879095324 0.7858603491184795 0.6204201054832431 0.7320573071897343 0.695339499788711
40 0.7910137883093284 0.6256103138106878 0.7157072948587029 0.6105525967491079 0.7403280326318509 0.4874358306460803 0.8156329414398442 0.5024933827291154
55 0.2815870573625716 0.4789194386144393 0.3361650014676343 0.48407670830040317 0.32063834289738224 0.6483761333055088 0.2660604088855507 0.6432189364216467
57 0.24171250565848368 0.4625395807106349 0.3115313017887047 0.4906504227658583 0.2558230399532704 0.6290004402041869 0.1860044334576969 0.600889946455979
6 0.3302702602853742 0.5168790187193407 0.3816495813956635 0.5249569817403261 0.3671957357254314 0.6168810142236583 0.315816429554161 0.6088031156439518
27 0.3222744787325382 0.5849937765820667 0.3635769046209134 0.592262870003006 0.3465536055074381 0.6889763963693566 0.30525119711160187 0.681707371836141
6 0.6304346028159671 0.6209060677445847 0.6304348449866666 0.5317072760976428 0.6830841700691508 0.5317074862822045 0.6830843395279089 0.620905868003529
27 0.965625 0.95625 0.984375 0.95625 0.984375 0.978125 0.965625 0.978125