43 0.5477146891084885 0.6727945208613271 0.5453397918914789 0.7160807848885996 0.35503449986231317 0.7056391255570645 0.35741020974251114 0.66235373720772
0 0.47603941147394835 0.7023796561327138 0.46643920336089195 0.7480699632472928 0.31123130201797267 0.7154618610277027 0.3208320760090828 0.6697723348323563
38 0.38465976764894094 0.3402438485565997 0.38002863835856715 0.29629810170609866 0.5637334381965502 0.27693870791930203 0.5683649042334764 0.32088407085781556
39 0.33139078609031003 0.32482327090944746 0.3241070341609884 0.28175166543243624 0.48475417324630143 0.2545851843330466 0.49203817243096637 0.297656482825151
41 0.7560066007167734 0.29443255474618596 0.7568536864823727 0.34248387382630263 0.584541985031251 0.34552033759561074 0.5836953081040974 0.2974694040354876
40 0.6969151165808398 0.24860614116080731 0.7000135763595381 0.29603182159865066 0.5673101068939559 0.30470097255073664 0.5642119269464274 0.2572755509897077
55 0.7460679131933148 0.6787365253031699 0.7371772800465806 0.7334521398246215 0.5628644772707503 0.7051302519441213 0.5717559286326832 0.6504156390340281
57 0.6629268450477639 0.7776981172738988 0.5599267868428797 0.8025539321656405 0.5393809882187952 0.717423943410948 0.6423790866280115 0.6925683744843999
6 0.5481207593529689 0.6723492576301046 0.5466173139470811 0.7155326892534903 0.47012673469555466 0.7128695692804045 0.47163051639006426 0.6696864872294935
6 0.6491388928919832 0.6716405082000992 0.6291836694435915 0.7274605328210794 0.5607134394064133 0.7029860284002233 0.5806688626850018 0.6471664232693911
27 0.96875 0.01015625 0.978125 0.01015625 0.978125 0.02265625 0.96875 0.02265625