43 0.3413214373417759 0.5089276962329078 0.2986557199527624 0.502437926389107 0.3243238397590176 0.3337020176277272 0.3669886089330703 0.3401917125898165
0 0.29662172247481067 0.24913198216559804 0.34100229016723915 0.2504027103425727 0.33622901986029774 0.417105495981336 0.29184845259044323 0.4158347786620238
38 0.7073425644921372 0.5187028704985106 0.6566511157362811 0.5219926651507953 0.6446604726511396 0.3372356988951834 0.6953506519420216 0.33394594664622673
39 0.6684328972304456 0.25809447990941253 0.7197632676459307 0.2573596180960204 0.7218297857083371 0.4017023149097484 0.670499415446443 0.4024371713635152
41 0.7301083261156691 0.6817436314821091 0.6705698887690232 0.6931538861733303 0.6397712758175658 0.5324615408686886 0.6993079781855158 0.5210514558656993
40 0.7843431093355093 0.6048356030130466 0.7285557228395874 0.6305782380250343 0.67875016532264 0.5226531526547845 0.7345365821702217 0.4969107776570958
55 0.3087554751903099 0.5128339370015425 0.3637132978998352 0.5225607981998144 0.33491642777767083 0.6852495259723459 0.2799586426034466 0.6755228103296368
57 0.22921006024228063 0.5653921517375385 0.27470048825330196 0.5059894389474914 0.33878661933567855 0.5550620781139454 0.29329664404895084 0.6144643780697575
6 0.39082543899314715 0.6244338963594054 0.37447981529078334 0.6208176741302085 0.3858638994380499 0.5693668135295928 0.40220937176059124 0.5729830183636837
6 0.3662445822172913 0.6015946570520493 0.34989588075814027 0.6011265844883821 0.35109635454864474 0.5592034285932986 0.3674449346791562 0.5596714994173685
6 0.4414941939137407 0.660767250182191 0.431759248782555 0.6598788576175899 0.4348668751900959 0.6258303735952543 0.44460175558572246 0.626718763190159
6 0.618724559375 0.49965156874999994 0.6339891453125001 0.49965156874999994 0.6339891453125001 0.5414634140625 0.618724559375 0.5414634140625
27 0.96953125 0.94453125 0.98046875 0.94453125 0.98046875 0.95390625 0.96953125 0.95390625