43 0.3265846582096401 0.5028782976316379 0.27605473022856586 0.49804917674153093 0.2935288523003692 0.3152254487816374 0.3440575862434798 0.3200545107582399
38 0.6883410584107423 0.327562132004353 0.7326870695690104 0.3270686524838764 0.7348596007266224 0.52229116843446 0.6905135897668515 0.5227846417145555
41 0.7377903360735445 0.6941669431825914 0.6845566603864199 0.6999663888979444 0.6669310973117035 0.5381913594838432 0.7201631838795493 0.532392000275828
40 0.7242390722905157 0.5336536072198848 0.7887336674200469 0.5372255942206549 0.7817562252203061 0.6631948860123082 0.7172616331488371 0.6596229399662624
55 0.29778000956991946 0.5163820563792328 0.3512792534070286 0.5236250580293708 0.32731036888401377 0.7006484907461128 0.27381114839170095 0.6934056088760554
6 0.32749396961514776 0.5024440684236221 0.27731962612847383 0.49895050582098655 0.2830393770752835 0.41681301095782347 0.3332131384626109 0.4203065530921454
6 0.37265373052673567 0.5201104909334747 0.31854549768024754 0.5121988810574452 0.32826748885247525 0.44571586509461886 0.3823751911833142 0.4536274353746694
6 0.4006562833468479 0.5435838516376569 0.3673463593870565 0.5410861609429006 0.37313435981434395 0.4639043681308675 0.4064438892156659 0.4664020439567823
6 0.403690057211179 0.4631077191839268 0.44525335959951917 0.46549097860870847 0.44009851674491074 0.5553830142016305 0.3985352155567625 0.5529997714046181
6 0.47390756317111027 0.5621649506551915 0.4361114903072121 0.5606912313196339 0.44004397209118906 0.4598522384881162 0.4778394508397241 0.46132594621389034
6 0.562077941583766 0.5769638137690463 0.5299703568480254 0.5750077051591167 0.5354225368303105 0.4855271712843014 0.5675296554155693 0.4874832656224702
6 0.6226321069574396 0.4841842289942108 0.656223064140363 0.48660970162627376 0.6507636311845317 0.5622126050593917 0.6171726754281508 0.5597871470691661
6 0.6937811657068096 0.5384617274827226 0.6477915666164336 0.5419101952731202 0.6426072032141974 0.4727724845913742 0.6885963035254008 0.4693240358210532
6 0.6857435356359929 0.4553400436499826 0.7316745610256703 0.4504733890141121 0.7389558339458517 0.5191885820609149 0.6930248126693641 0.5240552117175402
27 0.43847036252884664 0.4778969329713792 0.40781075526604127 0.4852787282821081 0.3792868832148315 0.36681320042218385 0.4099460385009479 0.35943146125471787
27 0.4008152658052495 0.49059233579678374 0.37697010054205293 0.48989500489180965 0.3808718475618207 0.3564893347088519 0.4047166267287139 0.3571866602006976
27 0.623471895760872 0.3888087886561141 0.6433553545653012 0.3890194671530167 0.6421660681742196 0.5012559737976715 0.62228260937502 0.5010452968749999
6 0.36009185669558974 0.5435729340813529 0.33738142840400087 0.5878485508191583 0.27954222157802633 0.5581834283986171 0.30225268394326577 0.5139080532365562
6 0.4062972695752478 0.5604637676582243 0.3890273292576012 0.6123698675054908 0.33157024390982315 0.5932547002253753 0.3488403256209267 0.5413488747675136
6 0.6866934589417042 0.6172030066888587 0.6337235476337355 0.6316602718753715 0.6173275405545837 0.5715927143063397 0.6702968848289856 0.5571355310941535
6 0.6817907370071907 0.6060943987285674 0.6581629124175379 0.5591451138410594 0.7149800965729582 0.5305539680117863 0.7386079633357667 0.5775029943677927
27 0.96328125 0.96171875 0.97578125 0.96171875 0.97578125 0.97890625 0.96328125 0.97890625