43 0.5414446629271197 0.665231191591849 0.5322761649290442 0.7109360025188902 0.3603668862305085 0.6764537031813801 0.36953598547040656 0.6307497243991516
0 0.46985924108571453 0.6973989456903249 0.4479518091625323 0.7410507404621294 0.3266381381223482 0.680175237159067 0.34854566978060575 0.6365240675358607
38 0.35809460214693445 0.3383661238815043 0.34643321732755794 0.28912273592237403 0.5253354137557835 0.24675719893667208 0.5369970775197999 0.2960001927215003
39 0.4284110784769837 0.26096561335373397 0.4263773604045582 0.29863837208604166 0.26491734805290434 0.289921812795879 0.26695130739574324 0.252249324753645
41 0.7263465705013914 0.26184544681408856 0.7280004630822532 0.31685541440964465 0.5413742405962694 0.3224651149572002 0.539720816446561 0.2674555867371006
40 0.507700187794967 0.2766806639831199 0.5114009916019313 0.20051860366699797 0.6326511645905839 0.2064101261149275 0.6289507169022954 0.2825718408280136
55 0.532130775206042 0.7079902542463611 0.535907297193944 0.649713011697514 0.7219445105085924 0.6617661093220336 0.7181691920841331 0.720042200920337
57 0.5090594910740265 0.7244273831950281 0.5511734658786054 0.6630832819478071 0.6457012907725357 0.7279686304555715 0.6035881983624449 0.7893119452651765
6 0.5378092888952324 0.6556598601657443 0.541271039868775 0.6983999647598442 0.4562392762153422 0.7052856246128737 0.4527779305741433 0.6625458994790525
6 0.48970065658295425 0.6580738865996406 0.4968400239890798 0.6066535793166767 0.5675232229860967 0.6164662812728409 0.5603842520968101 0.667886229278399
6 0.5869000346414168 0.5913657130715637 0.5830047030042351 0.6261039684727198 0.5229784150010346 0.6193734932822916 0.526873914734665 0.5846354312861043
6 0.5356104640625 0.365819209375 0.5959302328125 0.365819209375 0.5959302328125 0.4007768359375 0.5356104640625 0.4007768359375
6 0.5181686046875 0.3400423734375 0.5777616265625001 0.3400423734375 0.5777616265625001 0.36935028281250004 0.5181686046875 0.36935028281250004
6 0.49268471693153515 0.306800886800548 0.5417389418233824 0.2841725421732506 0.5678346131247736 0.3407416582158874 0.5187804311710806 0.3633699335229811
6 0.5411952897753736 0.27954958470891017 0.5225959032617311 0.3178290285081773 0.4414034537084035 0.2783796556988237 0.46000286875050733 0.24010036091610973
27 0.392294212253546 0.3418082535956532 0.3935695373904764 0.30215526869840464 0.5259609904810532 0.3064130002111793 0.5246859348324051 0.3460657112407965
27 0.5065380150562078 0.6121707503052803 0.5074764952440773 0.653248434353648 0.3713796865376935 0.6563560780719009 0.3704417572718057 0.6152789270826767
6 0.5296221405632195 0.7034971850468662 0.5406808491742368 0.646606551160179 0.6249757929355155 0.6629898911451584 0.6139176633452053 0.7198800165339244
6 0.5843830043808111 0.5902726654758951 0.6482236137131849 0.6175717294038408 0.6221739500190324 0.6784830228111488 0.5583334409344616 0.6511841329632082
27 0.6082848828125407 0.7033898312499862 0.6114181682031585 0.6661422174572375 0.7225345713965226 0.6754875732446743 0.7194017534229715 0.7127347532297077
6 0.652787189349965 0.3066389709332077 0.6636378264381619 0.36023344777752303 0.5806406099382002 0.3770359726825179 0.5697902417728073 0.32344172977368724
6 0.5503300673934746 0.33044748606933577 0.5365305670384259 0.2722257228369911 0.6138212148806588 0.2539070152300746 0.6276208549053308 0.3121285739088894
6 0.619912790625 0.3933615828125 0.6860465125 0.3933615828125 0.6860465125 0.42478813593750003 0.619912790625 0.42478813593750003
6 0.6024709296874999 0.36511299375 0.6649709296874999 0.36511299375 0.6649709296874999 0.3975988703125 0.6024709296874999 0.3975988703125
27 0.96875 0.01875 0.975 0.01875 0.975 0.03125 0.96875 0.03125