43 0.33018217909932446 0.5632365920118168 0.28683609045106095 0.561025660645006 0.29555679310033156 0.39008037560360576 0.33890177651869635 0.3922912782112628
0 0.30172869917805656 0.4961001105102302 0.2575576058883371 0.4890658158675961 0.28066066599058104 0.3440043310393311 0.32483093364942306 0.35103855807549944
38 0.6694086392008103 0.4005972788378228 0.7101635577910201 0.40108976931724905 0.7081183474874706 0.5703250431182753 0.6673634289228403 0.5698325588710758
41 0.7053590271291341 0.7483643854370445 0.6572960132239132 0.7493642052637207 0.6538852324803202 0.5853823979152966 0.7019466537284416 0.5843825946015361
40 0.6990489125 0.6 0.7421875 0.6 0.7421875 0.7567944265625 0.6990489125 0.7567944265625
55 0.2952587964153963 0.5700820081111013 0.34530369837716535 0.5719678437410971 0.33886247950295 0.742879200252513 0.28881757917474715 0.7409933966463548
57 0.23981458325420135 0.6776571468231302 0.21669590407896067 0.5844429404758956 0.2869208577454856 0.5670280869463784 0.31003996147569524 0.660241653919412
6 0.30698293878617733 0.48429671846032774 0.34811519455922735 0.5377569143843931 0.31300423299819613 0.5647688200596007 0.27187218451786066 0.51130881375978
6 0.6321740074569107 0.5976249954469656 0.6043795322750611 0.599677507187916 0.599655770777531 0.535714177980232 0.6274499402411493 0.5336616775552253
6 0.6273777171875 0.524738675 0.6705163046875 0.524738675 0.6705163046875 0.5937282234375 0.6273777171875 0.5937282234375
6 0.5336278061298572 0.6167247375 0.5047553429872096 0.6167247375 0.5047555412809288 0.536585365625 0.5336275973882039 0.536585365625
6 0.29834739600539706 0.5697993150524175 0.34781998422374727 0.5772183691362799 0.3366281735771963 0.6518406022958828 0.28715559682450476 0.6444216002207828
6 0.6548985521886834 0.594798966887622 0.6660348411915038 0.6653549142902118 0.6135599624340102 0.6736359698929691 0.6024240776828265 0.6030803811196837
6 0.65421195625 0.5832752625000001 0.702105978125 0.5832752625000001 0.702105978125 0.6599303140624999 0.65421195625 0.6599303140624999
27 0.96640625 0.94296875 0.97734375 0.94296875 0.97734375 0.96015625 0.96640625 0.96015625