43 0.30799435818050824 0.29628803445859975 0.3536617692791424 0.2981429224480968 0.3461478671461009 0.48312755594911405 0.30048045756939246 0.4812726886780302
0 0.3026801120741993 0.4358696863015717 0.2570226308552037 0.42688999531050154 0.2858671372932804 0.2802378038343816 0.3315238724765095 0.2892174178754104
38 0.6488194340327027 0.31850013367889474 0.6923861026674558 0.312601607179496 0.7158517946544407 0.4859119328462588 0.6722851394418967 0.49181039502081403
39 0.7269023004052997 0.3937282234375 0.6827444495195323 0.3937282234375 0.6827446967541846 0.26759581875 0.7269019807114319 0.26759581875
41 0.7242914486920426 0.6976308722592885 0.6717496528899574 0.7021498732043953 0.6563237071138701 0.5228050085119996 0.7088637629670984 0.5182860825522393
55 0.30026167077653554 0.49559405240584586 0.35054128558203956 0.4996783351451275 0.33632725588495305 0.6746435441044397 0.2860476484707988 0.6705593244706649
57 0.22670824565250314 0.4793434929828072 0.29291856672386984 0.46320831743596985 0.32372875444332294 0.589627016393495 0.25751849377684266 0.6057620212240316
6 0.31860538756995993 0.5632301774211254 0.3655896330451469 0.5221052902042442 0.42055555753324825 0.5848966590749177 0.3735715955961041 0.6260212456252704
6 0.5969156094267873 0.5614519986988703 0.6545748716980597 0.5419967440764049 0.6783355597898435 0.6124089439477016 0.6206763597214149 0.6318640693647771
6 0.6734704847281137 0.607177134246291 0.6367796837450896 0.5503734257149682 0.6971843804246873 0.5113603910139604 0.7338751311599481 0.568163758374078
27 0.96640625 0.94921875 0.98203125 0.94921875 0.98203125 0.96328125 0.96640625 0.96328125