43 0.3484862181618382 0.5314751272441669 0.30858825095845077 0.5300735954216895 0.3145897418663708 0.3592543947577543 0.35448677721421973 0.36065591010747794
0 0.3116303613974196 0.49148536298723067 0.2763471862390361 0.48614029101129597 0.29755269689087527 0.34617202294154575 0.33283524059481806 0.35151704598792755
38 0.6488556340765399 0.33415051008462654 0.693251107511287 0.32998308630242756 0.7096018204705388 0.5041582968561772 0.6652063536698734 0.508325673573307
39 0.6751490028915441 0.326609279380833 0.7170092603787452 0.31836123487887685 0.7430760184834071 0.4506489667372293 0.7012157811973339 0.4588969449499062
41 0.6988138132004451 0.711681308203888 0.6461306178111954 0.7152536859267064 0.6344498727289647 0.5429990399855965 0.6871313747396925 0.5394267189783921
40 0.7410010517749015 0.6834526349451562 0.6899677818612417 0.6845459306072748 0.6866663899709238 0.5304205002180631 0.7376982185822953 0.5293272199076577
55 0.31109134631287816 0.5633578134994804 0.3584639283932347 0.5656053282060516 0.35066503243672287 0.7299691838171023 0.3032924526116858 0.7277217051172348
57 0.24630666574580573 0.6580350304734336 0.2446966350562434 0.5575486472949966 0.311751089069503 0.5564745139987052 0.3133617335871577 0.6569602711885342
6 0.3946246032145382 0.6675727476917847 0.34524734205479035 0.6604947980361995 0.3554259143621721 0.5894982503263313 0.4048025036885292 0.5965761508887798
27 0.3536004343509376 0.6327525944186466 0.39247806241962735 0.6391782432059105 0.3724716091554683 0.760207478301731 0.3335940014777634 0.7537819136687307
6 0.647764543101971 0.6579433506118132 0.5983136016085382 0.6608354985677435 0.5935053531476342 0.5786253901023335 0.6429555410840067 0.5757332640146785
6 0.6525136175744137 0.6243902866372945 0.6195840481815367 0.5774312129411667 0.6786783917543744 0.535996225562518 0.7116078775623009 0.5829550020792693
27 0.6995755136977095 0.7108475202138765 0.6614841144950105 0.7137036261642965 0.6521269378301895 0.5889187873419535 0.69021739062498 0.5860627171875025
27 0.98046875 0.95859375 0.99296875 0.95859375 0.99296875 0.97265625 0.98046875 0.97265625