43 0.47072903941796085 0.6778578031941097 0.4679280435908595 0.7183617495338154 0.29753304478845166 0.7065781705974344 0.30033471193030437 0.6660749523485412
0 0.2689892695669869 0.7289402838561866 0.268989594092659 0.6694972069862453 0.3714283346641878 0.6694976335317742 0.3714286592199869 0.728940055757151
38 0.3042365620857481 0.3516571279919891 0.2973677763233127 0.3045686539859262 0.4658942759025422 0.2799860584853492 0.4727633784053751 0.32707413534173413
39 0.26753048275907076 0.32749410383526023 0.2548348735244872 0.2727080166745531 0.4054114726214948 0.23781534957864678 0.4181073362282177 0.2926010717081257
41 0.6301960151790809 0.26494572438185787 0.6431015660515413 0.3215356294792399 0.485664192302238 0.35743785924994664 0.4727591343937547 0.3008483740088289
40 0.5301878522171819 0.20639721609730746 0.5747951448403228 0.2613049164060171 0.5046650598286533 0.3182775452907218 0.4600579792931967 0.26337004176043477
55 0.4825862344888492 0.694811700043037 0.48957989758002896 0.6478120295138589 0.6470011436730374 0.6712327405606456 0.6400083516972472 0.7182316250788046
57 0.457368991047133 0.7314929570948193 0.4635459698216664 0.6910330401998602 0.6072479251929508 0.7129679410786633 0.6010716723181986 0.7534272027483614
6 0.5239602279285691 0.6542020167443533 0.5256123132418224 0.6406465176522348 0.5562267150879734 0.6443771713935356 0.5545746752876539 0.6579326290439449
6 0.41164542096237255 0.7311008784081311 0.39168286030712807 0.6983418482351503 0.45427489471990157 0.6602053931227996 0.4742374379651437 0.6929641698648554
6 0.5000505158361648 0.6364863815574178 0.5015147663365269 0.678530839013979 0.4357805491670206 0.6808194406808696 0.4343165850764308 0.6387752599716061
6 0.42753291122062365 0.37430831936827313 0.4258185414799982 0.3250666628599055 0.4999737016007657 0.322484967084367 0.5016882581567188 0.3717264291689782
27 0.95703125 0.015625 0.96640625 0.015625 0.96640625 0.025 0.95703125 0.025