43 0.33683572375048243 0.5499171709674012 0.29635514134440655 0.5496836772457222 0.29730872661730245 0.3844736054517084 0.33778833819155807 0.38470709633671807
0 0.3180872292194863 0.44510129103458557 0.2830702933821385 0.44388217856668943 0.2879791741660256 0.3028971338704069 0.32299554453334167 0.304116236449364
38 0.647657167780153 0.3480971774466318 0.6974189994144808 0.34518670696371534 0.7089415043193412 0.5421822873935771 0.6591796760203579 0.545092718983839
41 0.6887883943741144 0.7183678285157303 0.6276179814915395 0.729972799505109 0.5983883960157073 0.5759168623525651 0.6595570058370868 0.5643120646061884
55 0.323724766622945 0.5768745088937198 0.37334480223739774 0.5829203139889476 0.35594369505497525 0.7257198298478492 0.3063236744699225 0.7196741104113156
57 0.24541594624258778 0.5930396710899556 0.3084755668884327 0.5822830151262421 0.3260168807729542 0.6851046449372841 0.262957287524614 0.6958611913068612
6 0.37815648415914893 0.5691873293787497 0.33128060562239625 0.5671103567447859 0.3343543116396859 0.49775123283312755 0.38122966030800853 0.4998281936847345
6 0.7116171487698466 0.5393737127376701 0.6599887494126051 0.5456645456495228 0.6502403423543228 0.46566389845383543 0.7018681147067127 0.45937310405304616
6 0.3648097828125 0.6013937281249999 0.41066576093749996 0.6013937281249999 0.41066576093749996 0.6752613234375 0.3648097828125 0.6752613234375
6 0.4108559366030704 0.6253716632663129 0.43755897196922433 0.6294386258329425 0.43009365845512093 0.6784484390715395 0.4033906276165453 0.6743814965335506
6 0.6539073767067975 0.5623375597155003 0.6809508987927302 0.6186537667500779 0.6216475476680898 0.6471281786083669 0.5946044256820642 0.5908123122217264
27 0.9703125 0.94765625 0.984375 0.94765625 0.984375 0.96171875 0.9703125 0.96171875