43 0.3221408603390046 0.47072903551902406 0.2816376607439679 0.4679278566351228 0.2934231912836367 0.2975334895929212 0.3339255683488318 0.30033463955183937
0 0.2710597828125 0.268989546875 0.3305027171875 0.268989546875 0.3305027171875 0.371428571875 0.2710597828125 0.371428571875
38 0.6483427695987984 0.304236539500195 0.6954308090048471 0.29736795327078913 0.7200142701793766 0.46589471839348673 0.6729262465535157 0.47276323632612244
39 0.6725059183105486 0.26753027946984886 0.7272919865047243 0.25483518109276365 0.762184954063855 0.4054121803036707 0.7073989217115013 0.41810717724684787
41 0.7350545170962732 0.6301964547079785 0.6784634951968656 0.6431002511311402 0.6425621417906768 0.4856630177126069 0.6991517072809756 0.47275939106047177
40 0.7936042653558388 0.5301890080266368 0.7386942330010697 0.5747939087311588 0.6817204935985046 0.5046627372537491 0.7366300287277454 0.46005815562126146
55 0.3051878820172078 0.4825865615056567 0.35218757076620477 0.4895776362670088 0.3287692598948979 0.6470002066600729 0.28176959173902105 0.6400092270998586
57 0.26850671526358383 0.45736933944508507 0.3089667627942845 0.46354425425326085 0.2870334237758243 0.6072470337324619 0.24657339252644306 0.6010721910226331
6 0.34579797684125424 0.5239602463404376 0.3593534977095487 0.5256119476720937 0.35562286932201914 0.5562265453755428 0.34206734919905557 0.5545748482322704
6 0.26889794239991716 0.41164335442943323 0.3016586968296906 0.39168376143375466 0.33979585009660696 0.45427692312979256 0.30703516920561924 0.47423641933938865
6 0.3635135948925381 0.5000506188623203 0.321469061427365 0.5015143622534833 0.31918064421302006 0.43578050858604156 0.36122478452296036 0.43431677203685165
6 0.6256917213615907 0.4275328747921168 0.6749332774402319 0.4258185655153294 0.6775151025565265 0.49997385917060433 0.62827354695537 0.5016881594682813
27 0.975 0.95703125 0.984375 0.95703125 0.984375 0.96640625 0.975 0.96640625