43 0.31152758125 0.382267440625 0.3560820375 0.382267440625 0.3560820375 0.5661337203125 0.31152758125 0.5661337203125
38 0.6806553855242328 0.3878652005767316 0.7229165205001209 0.3891502729622854 0.7173543744922881 0.5720561483062868 0.6750932400786951 0.5707710932363899
41 0.667963225 0.5959302328125 0.718528996875 0.5959302328125 0.718528996875 0.7827034875 0.667963225 0.7827034875
40 0.7139283807233596 0.5956486311989244 0.7845051787708144 0.5988426492244965 0.7799491316792455 0.6995032336429062 0.7093723354263375 0.6963092472729876
55 0.3384362688676674 0.7751879698425085 0.2843821757550131 0.7688468321711487 0.3052760060040782 0.5907765415478178 0.35932815078456315 0.5971175655474624
6 0.3134423229564618 0.49104702382149273 0.3589335366945079 0.49381358729194175 0.3544367211829922 0.567749615221882 0.3089455089012745 0.564983068241784
6 0.3940796736185348 0.5736609017559641 0.3472669467248579 0.5645508140908331 0.35871062514604546 0.5057531407058147 0.40552290308721695 0.5148631834174929
6 0.3984492021436381 0.5076590698358437 0.4308886925953175 0.5113725931857661 0.4230820021842874 0.579561968627931 0.3906425153177224 0.5758484663868945
6 0.41556241298815166 0.508707973522731 0.45039294424691434 0.5050767401263354 0.4579066665718301 0.5771416071830686 0.4230761386298809 0.580772818870658
6 0.4665671808818388 0.5130138675475313 0.49334180882533474 0.5150492381274466 0.48868465402949823 0.5763071759563264 0.46191002725834096 0.5742718157455421
6 0.5349740120700517 0.5119880676433762 0.5586437796798691 0.5127078039826677 0.5567023796045305 0.5765484974810313 0.5330326121699045 0.5758287649457844
6 0.557906328590434 0.5057344057867502 0.5866191467422368 0.5068985178436555 0.5836374016860191 0.5804368440701353 0.5549245839777086 0.5792727391002676
6 0.5806094440864626 0.5041592930309312 0.615518921498051 0.5069322146344272 0.6094554803985375 0.5832607610307459 0.5745460050957263 0.580487857013695
6 0.6360895541588434 0.5855145147490328 0.6043464066437991 0.584227552405798 0.6072342881428767 0.5130090095307932 0.6389770579831975 0.5142959642141851
6 0.6298705236364412 0.5706695723124066 0.634932535469261 0.5066408886533308 0.6792013059883857 0.5101404449676622 0.6741395447480727 0.5741688943808244
6 0.7226970765498208 0.570827065958062 0.6792323467435608 0.5745587958684667 0.6731649083644697 0.5038929372420485 0.7166291368573638 0.5001612289580755
6 0.30307186093739347 0.5913456019415858 0.355091625274099 0.5930327996334123 0.352393652335536 0.6762070001439721 0.3003738885886378 0.6745198159752205
6 0.3398130517090294 0.6659877205235104 0.35221129522631145 0.6056722395025393 0.40831468923522607 0.6172032609098015 0.3959168305722187 0.6775184065247601
27 0.35183874382948943 0.6642441839777806 0.39213106995543967 0.6706015549986207 0.3756822917202953 0.7748361504748715 0.33538998238282147 0.7684788529224867
6 0.6786989614172398 0.6676329328971212 0.6248075372608355 0.6785572574053185 0.611564582038227 0.6132344076959557 0.6654553309882658 0.6023101534789905
27 0.9671875 0.96015625 0.9734375 0.96015625 0.9734375 0.97734375 0.9671875 0.97734375