43 0.49323966181748347 0.6771396643841268 0.4903750726831504 0.719960687679483 0.2995229149773877 0.7071932165391115 0.3023883017006028 0.6643730743367696
38 0.28511534815947925 0.32792565113081484 0.28465635007626133 0.282689567036467 0.479871697533099 0.28070807886967797 0.4803311028955477 0.3259437575027516
39 0.27080157626926393 0.30071686796759506 0.2660054441017792 0.2564369097863855 0.4387508068778061 0.23772612058432918 0.44354721701677136 0.2820057637784891
41 0.6634111501888356 0.280148451925733 0.6690402427789195 0.33521982671723716 0.4973220929847457 0.3527703514016028 0.491693493967432 0.29769942198412724
40 0.5997331942634219 0.22889411682701782 0.5864723617683012 0.30597674736939046 0.4654581454265099 0.2851581798269903 0.47871926798006825 0.20807592411154682
55 0.5008158573468791 0.705516371565564 0.506199705318636 0.6592779132582132 0.6703327329585136 0.6783855279826289 0.664949770007297 0.7246231712837934
57 0.4665840099896741 0.748326323754006 0.47568103642208825 0.6975584249107945 0.6200325801700046 0.72341985172568 0.6109364999888385 0.7741869105664285
6 0.4919862670973316 0.7170516312500002 0.4236933217382557 0.7170516312500002 0.4236936344274227 0.6756114124999999 0.49198598019108886 0.6756114124999999
6 0.44878045687198664 0.6796875364072782 0.44878064110434934 0.6382471551549193 0.5198605950598676 0.6382473641450904 0.519860706896111 0.6796874493944066
6 0.47704856726397793 0.6111822818104732 0.47888916808460635 0.5809784368746801 0.5453205738971292 0.5850262004941217 0.5434801665605846 0.6152298613880284
6 0.552613391372347 0.53125 0.47247378966415 0.53125 0.4724739543909209 0.5023777171875 0.5526131911612993 0.5023777171875
6 0.5547038023851201 0.47214669168607704 0.5547039119788906 0.5027174037440479 0.47317069706150505 0.502717371465258 0.47317077258787776 0.4721468451542471
6 0.5402605339249931 0.38862352674040385 0.5413785559237567 0.4253168055449571 0.45833208168755846 0.4278467285881828 0.45721425452029507 0.39115363833380595
6 0.44459922919679684 0.39605978153223986 0.44459934791336764 0.3614129716637706 0.5282229817798907 0.36141313826007226 0.5282230301571644 0.3960597811469418
6 0.4384079700568009 0.3739240863917113 0.4334593414679375 0.32654687488989165 0.5047297928384751 0.31910279557091586 0.5096785786018927 0.36647982621321323
6 0.4068133528285216 0.32968276858805634 0.4027240184211678 0.28354067414852824 0.47824840752207365 0.276847481801634 0.48233788710729186 0.3229894133908371
6 0.5826805832709852 0.6694391502246541 0.578376568492672 0.7135849739681079 0.4983983153323379 0.7057881253137479 0.5027026598093016 0.6616426751883323
6 0.5245562926331786 0.6602816462144813 0.5362793748029162 0.6121873170439234 0.6061219576902204 0.6292094651098283 0.5943992697647218 0.677303452393608
6 0.5498389268457231 0.6192029933824473 0.5518720612017205 0.5889680495998038 0.6120443838422034 0.5930137741429706 0.6100114279551008 0.6232485498090408
6 0.6205913626039319 0.4146400101887204 0.6253383110527011 0.4487228121127312 0.5566315257057113 0.45829127597566455 0.5518847511309559 0.4242086299939456
6 0.5427248215647751 0.4398889368831233 0.5290106853707357 0.39969724205244667 0.5947584701355026 0.37726400334456783 0.6084726926561643 0.41745552417258974
6 0.5253994828987061 0.4081097237131385 0.5088033103246516 0.3506550787445851 0.5864233742171336 0.328234888891198 0.6030197008797131 0.3856892706530419
6 0.5137036938181154 0.36375563715469933 0.48678452070112144 0.305462553924844 0.5527640733848784 0.2749948181862953 0.5796832976725455 0.33328769284011517
27 0.7124338674537967 0.38076856311246127 0.7148996545156479 0.40639599505943125 0.5948000774571938 0.41795060924956384 0.592334493749604 0.39232336874995793
27 0.9578125 0.01328125 0.9703125 0.01328125 0.9703125 0.03046875 0.9578125 0.03046875