43 0.31997843381907387 0.4701315541424132 0.27505168394998236 0.4646392602106674 0.2993288425470837 0.26606768760720795 0.3442545528645269 0.27155991553103387
0 0.29811690783492395 0.3819468751639274 0.2542064711846024 0.3737373930768109 0.28207403963165234 0.22468738878924882 0.3259838744342005 0.2328968129530984
38 0.6680151080456653 0.2597936300719929 0.7189111078846508 0.25731962243740253 0.7288096642524806 0.4609485277965068 0.6779136668811816 0.46342250779182814
39 0.6924210806656674 0.21292003126443718 0.7503506791977088 0.20924703953238183 0.7587469106446179 0.3416677610932921 0.7008173145403589 0.34534073221793227
41 0.7348033437850745 0.6540776426241625 0.6720946733169058 0.6593996534279215 0.6556782119387208 0.46597225543626947 0.7183848564485515 0.46065032992683763
40 0.7183158232584219 0.46578929295449195 0.8003710187356319 0.4663140912984611 0.7996871041488021 0.5732397390841533 0.7176319086617013 0.5727149451525503
55 0.2860627808328218 0.46120955169632427 0.33889326314806567 0.4712979280298283 0.30279264753698953 0.6603317712702678 0.24996221229764615 0.6502435589088519
57 0.21326598764426308 0.46623403666761914 0.28210141187105364 0.4691435166378256 0.2772188847823145 0.5846500853052293 0.20838346240600458 0.5817406321842226
6 0.3209554842947 0.42637948841240386 0.36572851936739426 0.4287976341686864 0.362240043876227 0.4933842477060831 0.3174670096976797 0.49096611293414977
6 0.6223561145197891 0.41720076534623196 0.6762431331161451 0.40971692125548836 0.6856220163273292 0.4772451546898459 0.6317350048328763 0.48472896408461624
6 0.32875150339305037 0.4970813991721161 0.38324468774294473 0.502726251980441 0.37343557038502695 0.5974112877955563 0.3189423928401993 0.5917664796927062
6 0.6857386587923884 0.5764358371759212 0.6231216663823034 0.5926684945300355 0.5999945512926388 0.5034627159375749 0.6626106528033233 0.487230178977234
27 0.978125 0.9671875 0.9890625 0.9671875 0.9890625 0.9890625 0.978125 0.9890625