6 0.28710692224626655 0.47868644824104295 0.3364182897075807 0.48080710252594433 0.3331844186411672 0.5559980785026114 0.28387305200465107 0.5538774367701093
6 0.6816734434537466 0.5584218476370346 0.652927074665854 0.49750509536699355 0.7130155734867003 0.4691518724860552 0.7417620154368478 0.530068308911759
43 0.33301788764833873 0.46756789562954776 0.2928276676107089 0.46560898541603046 0.3015427431006401 0.28682378764014993 0.34173210164135526 0.2887826762294781
0 0.26972468954397755 0.21719767542200474 0.31283335882119445 0.21504872577923492 0.3207815529782465 0.3744883966958758 0.27767288528207246 0.3766373306312144
38 0.6515207784676704 0.2853393823541683 0.6976948246832535 0.2815884355874815 0.7123769817067114 0.46231841963616405 0.6662029410496189 0.4660693272945634
39 0.65934977219149 0.24407720013276105 0.7117728148544984 0.23130126621635175 0.7473861104856496 0.3774282843116468 0.6949631025734107 0.39020412671308286
41 0.7368759317424747 0.6440580460999394 0.6804277626729345 0.6494749507897656 0.6640375979652617 0.4786863370924025 0.7204841677313425 0.47326950822995534
40 0.71705163125 0.48222996562500003 0.7877038046875 0.48222996562500003 0.7877038046875 0.5881533109375 0.71705163125 0.5881533109375
55 0.2885015845746466 0.47857194955019466 0.33955392038421905 0.48482885143474796 0.3198588313681512 0.6455137266835556 0.2688065103684494 0.6392569111748657
57 0.32062936249906215 0.572190318774576 0.25802021171239176 0.603976936234401 0.21261001330515228 0.5145411788024697 0.2752183112944522 0.4827548209065792
27 0.96953125 0.9609375 0.97890625 0.9609375 0.97890625 0.9765625 0.96953125 0.9765625