43 0.3267036271777215 0.5209692049460538 0.286452174036981 0.5195678719362361 0.29208140187756726 0.35790215582580837 0.3323319848245774 0.3593034736782149
38 0.7109376385286623 0.5170731703124999 0.6681384743362742 0.5170731703125 0.6681389287014099 0.33240418125 0.7109370266995256 0.33240418125
41 0.7303129862218611 0.7005148378307908 0.6806412107387132 0.7106142558658297 0.6472827399956032 0.54656448223248 0.6969530054009283 0.5364652210851978
40 0.7564289840905758 0.6595615669135084 0.7111586654356188 0.6651238857483378 0.6938575740756505 0.5243255477675911 0.7391267592482791 0.518763298884857
55 0.2965096703239851 0.5393740975863114 0.34534120127545975 0.5481886344657144 0.31466248797664775 0.7181260762076185 0.26583099559411494 0.7093116836962962
57 0.2917634631269266 0.6383633247178514 0.23523708392565368 0.6511302803116773 0.21108088597725327 0.5441865055307996 0.267606179584277 0.5314196779299084
6 0.287996240311827 0.6228021390991404 0.265551909884266 0.628271587034482 0.2537377660916036 0.5797963061923852 0.2761818979954569 0.5743268837003151
6 0.3718402245123116 0.552981374586844 0.32965768378142 0.5578764675402362 0.3199044893418659 0.47383466239590183 0.36208647443481823 0.4689396021217093
6 0.3678010907534599 0.5005735553549995 0.3979540166435527 0.50179824671793 0.39516191063137285 0.5705364246313838 0.36500898513895663 0.5693117401242107
6 0.393682065625 0.5156794437500001 0.4256114125 0.5156794437500001 0.4256114125 0.5811846703125 0.393682065625 0.5811846703125
6 0.6638922454851581 0.47312100325348316 0.6827019882230161 0.5372948376146266 0.6372041436231939 0.5506292294718474 0.6183946785874923 0.48645563239296163
27 0.39300288992853893 0.5101045296875 0.3726222726452306 0.5101045296875 0.37262244548628587 0.3797909421874999 0.3930027042816846 0.3797909421874999
27 0.629853223556438 0.34572199170316764 0.6622175430479729 0.34518422427605955 0.6646025842495646 0.4887155370705045 0.6322382649342444 0.48925329959495134
27 0.95390625 0.88203125 0.96796875 0.88203125 0.96796875 0.89765625 0.95390625 0.89765625