6 0.4634145711432893 0.7082201247636687 0.4634148014816901 0.6694971267468803 0.5386759290375949 0.6694974007573676 0.5386760042209744 0.7082200943628408
6 0.5481537450293672 0.6274836744840749 0.5512376314835592 0.6679673774024312 0.4878507855908083 0.6727949830022093 0.4847671712736883 0.6323115352325961
6 0.614796144021625 0.6593400998685522 0.611705135644911 0.7068975401933855 0.5371216016932294 0.7020502173178058 0.5402129523363328 0.6544931471857248
6 0.5563491124821667 0.653244447400781 0.578271417718156 0.6000993708933161 0.6405383800254185 0.6257813047602497 0.6186164837160959 0.6789260356155616
6 0.5414634140625 0.29891304375 0.6222996515625 0.29891304375 0.6222996515625 0.348505434375 0.5414634140625 0.348505434375
6 0.47552632420547525 0.34223779864912557 0.46287830659252904 0.2983263936442139 0.5237931743649824 0.2807812850503682 0.5364412700910179 0.3246925570774291
6 0.5632780938232145 0.3680296551951404 0.5628850924234712 0.3954477515628925 0.49876724462308175 0.3945285858487457 0.49916034665625375 0.3671105919216072
43 0.5393727060422862 0.6674591229557418 0.539372984338911 0.7078804906838378 0.3797906409655525 0.7078802764074759 0.37979103711654716 0.6674595973701591
38 0.5306905220077169 0.2852648083951672 0.5375913005942721 0.3277351704485692 0.38309521867950025 0.3528370077998659 0.37619480512489645 0.31036697735127206
39 0.3504786581712551 0.3140107256933299 0.3450157788275874 0.280058027706744 0.4991185450260218 0.2552635241038611 0.5045816108431609 0.2892159978051829
41 0.7078559512196989 0.2755598183430149 0.7165642321783707 0.32853604091196476 0.5482558338865147 0.3562008878955728 0.5395480372782231 0.3032250877505071
40 0.663407887265862 0.23238961450587897 0.6715526696077632 0.28669209519774624 0.511742676832796 0.31066053827131485 0.5035982969322959 0.2563584114430746
55 0.5371723984361552 0.7014941274393853 0.542953609674214 0.6529104886245605 0.7090615041395267 0.6726728827850388 0.7032812288980494 0.7212556637503788
57 0.5180850013805411 0.7444590459844123 0.5198503119875113 0.69905294720109 0.6683904810895456 0.7048263220676207 0.6666259442187084 0.7502316691780362
27 0.88515625 0.02421875 0.91015625 0.02421875 0.91015625 0.03671875 0.88515625 0.03671875