6 0.5038327515625001 0.33423913125000004 0.5874564453125 0.33423913125000004 0.5874564453125 0.378057065625 0.5038327515625001 0.378057065625
6 0.5583702124727097 0.6058786111178894 0.5577502163467898 0.6351366174338444 0.4889066620980884 0.6336776556305305 0.48952684429855253 0.6044198403450316
6 0.5003483280113414 0.6752717941459323 0.5003484994035716 0.6280569766379291 0.5686410522691858 0.6280571782287545 0.5686412013197923 0.6752716741292023
6 0.5902440221476581 0.71705163125 0.5191635640820778 0.71705163125 0.5191638491600088 0.6715353250000001 0.5902436234231345 0.6715353250000001
6 0.4182659552699306 0.6750086690525239 0.41135086988708736 0.625360121931775 0.4786775267371013 0.6159839496783814 0.4855928882140006 0.6656321640512731
43 0.527636002223403 0.33678952083876207 0.5273296125920979 0.293682796616733 0.6932399194189429 0.292503228796633 0.6935466504907026 0.3356095977762547
38 0.6952771595122158 0.6673645914866043 0.6966687382434884 0.7126517406615007 0.5209447833856302 0.7180483231297661 0.5195540678379302 0.6727620041136665
41 0.34779863656751786 0.7322805932578496 0.3427341694007282 0.6793516078514586 0.5117772224831469 0.6631780152621454 0.5168425422772316 0.7161060544472538
40 0.3934794976197509 0.7301660588188138 0.507124185664793 0.7056281854628458 0.5192941757239851 0.7619830792501723 0.4056495404100815 0.7865207912319291
55 0.5174958382034447 0.2966857120736745 0.51362117413953 0.3514184829974335 0.33668654947121013 0.3388922439788284 0.34056164494927543 0.28415993910527243
57 0.3946590097606304 0.303802703218993 0.38469731336692803 0.2384042185743374 0.49826226739583035 0.22110594782102236 0.5082242084718018 0.286504122581919
27 0.1015625 0.96171875 0.1328125 0.96171875 0.1328125 0.97421875 0.1015625 0.97421875