27 0.5712649582734457 0.335011935082504 0.5985756038060117 0.3359627486739845 0.5939890394738541 0.4676987453275634 0.566678394361702 0.46674793935572667
27 0.5652480938981626 0.7968075493022189 0.5437923903853061 0.7960727612235508 0.5493398719324887 0.6341260611132432 0.5707947745619322 0.634860834966729
27 0.5303569086507878 0.6382729062654275 0.545273278425725 0.6389337883477247 0.5402852538095431 0.7514994257276602 0.525368884548584 0.750838551563735
6 0.5601222828125 0.4655052265625 0.596467390625 0.4655052265625 0.596467390625 0.547038328125 0.5601222828125 0.547038328125
6 0.6243205971228463 0.46271772706292186 0.6243207043481789 0.5386759881177702 0.593070614063322 0.5386759042110568 0.5930706876982867 0.46271782396802325
6 0.6606657609375 0.4209059234375 0.703464675 0.4209059234375 0.703464675 0.492682928125 0.6606657609375 0.492682928125
6 0.6999165107713452 0.576044542208979 0.649514438639585 0.5865725804880002 0.634405803043137 0.5142466573350011 0.6848072765287725 0.503718683650058
6 0.5921938895635321 0.5525218195480804 0.6440808953946089 0.545624875863906 0.6551478089218108 0.6288748548426515 0.6032608132986752 0.635771746391219
6 0.549932065625 0.5797909406249999 0.57608695625 0.5797909406249999 0.57608695625 0.638327525 0.549932065625 0.638327525
6 0.5466180789621831 0.6464633152490016 0.5263219612513694 0.6444267588537453 0.5324979875689451 0.5828855237071804 0.5527938722018462 0.5849220683271789
6 0.3209753813341649 0.5074183462199624 0.3691820661215388 0.515250161548533 0.35676138220537723 0.5916955504001119 0.3085547097867902 0.583863785905053
43 0.34144257796788224 0.4913871384426905 0.29967169636950075 0.48912500626094124 0.3078143901218482 0.3387857849907173 0.3495844485636326 0.3410478942951537
0 0.30707834361555797 0.4654345404453658 0.261121526136435 0.4607287077271572 0.27595193129309337 0.31590827064699767 0.3219079380231733 0.32061406080912064
38 0.6467852492183965 0.3410308767044274 0.6885895153092179 0.33574831116474907 0.707867067086795 0.48829643866680394 0.6660628107697448 0.49357895294294013
41 0.7304484282781232 0.6901389147312578 0.6753402832507618 0.7030256911218694 0.6310794611180199 0.5137699091174469 0.6861857309627339 0.5008833602295479
55 0.31833963032045176 0.5074931437083945 0.36677131834994725 0.5111246791918926 0.3521239945364414 0.7064472409343147 0.30369231314239187 0.702815770956422
57 0.33227170807970197 0.6140713385287245 0.2604930192010215 0.6333124549954336 0.229411389092661 0.5173719272012958 0.3011886460542428 0.4981310149876374
27 0.9546875 0.86796875 0.9703125 0.86796875 0.9703125 0.91328125 0.9546875 0.91328125