6 0.6692647557081273 0.429545046584111 0.7138735379872969 0.42668421548038465 0.7187961421197997 0.50343725681085 0.6741873612558038 0.5062980723149616
6 0.675273133869382 0.5151033439911633 0.6319024310547547 0.5175291068778519 0.6282673228545264 0.4525372525223858 0.6716376048445909 0.45011150153776164
27 0.4103260833925333 0.6487804890153979 0.4300725314288911 0.64900692818521 0.4290901427066274 0.73466320378587 0.4093436947035798 0.7344367666637402
6 0.28783851527862225 0.5316047449354743 0.33525831657573235 0.5330958279507467 0.3330982240299818 0.6017850832079561 0.2856784231256597 0.6002940090598765
6 0.3342388820345832 0.6160278870945516 0.3342392026723928 0.5512194385937532 0.3828125170053909 0.5512196990190478 0.38281247598877144 0.616027868979488
6 0.38300876242806225 0.564903691820446 0.4188896755370024 0.5686510450164662 0.41242286670455997 0.630564155354438 0.3765419567674826 0.6268168233821139
6 0.40964673906250004 0.5804878046875 0.442595109375 0.5804878046875 0.442595109375 0.6536585374999999 0.40964673906250004 0.6536585374999999
6 0.6256794362922165 0.6118466890625 0.5930705773721456 0.6118466890625 0.5930707162521003 0.5658536578125 0.6256793051471732 0.5658536578125
6 0.6653687939541442 0.5438754221669536 0.679262920774363 0.6048200132497458 0.6292041219226121 0.6162309645608501 0.6153103150508059 0.5552866522817523
6 0.668574282531381 0.5338359326267684 0.7158806295743716 0.5296438605359116 0.7211909921785491 0.5895642295472099 0.6738846478847336 0.5937562801035771
6 0.32676621672430883 0.5240418923604749 0.326766367845039 0.44738673559202813 0.36752715937984703 0.44738686783987314 0.3675272391396902 0.5240417939527129
57 0.28442230591906537 0.5472700751422621 0.29678954169503413 0.649733672476702 0.23350302926303357 0.6573708730909086 0.22113644949058653 0.5549078682447578
40 0.7142716179379249 0.5542285479110454 0.7858214666209733 0.54625783048886 0.7979801007401193 0.6553893855189474 0.7264302651759635 0.6633600225250597
27 0.6541726317693701 0.3516738884676209 0.693002705077788 0.3453652014373974 0.709901180544307 0.449370899704469 0.6710711173940354 0.45567954631566865
27 0.6276233232016466 0.361457257362212 0.669346914592893 0.36077938215799854 0.6711627937617095 0.4725421487770612 0.6294392024642548 0.47322001914347117
43 0.3253532264302521 0.5004534221995363 0.2803968337268543 0.494223566612 0.30179390784167026 0.3398293852653653 0.3467494051565154 0.34605917736315356
0 0.31827455248208025 0.3993031375 0.278872180154508 0.3993031375 0.2788724479569282 0.27386759531249993 0.3182743245649817 0.27386759531249993
38 0.6566903346442814 0.34873153670022766 0.7036072121489951 0.3438699617595198 0.7196927272324274 0.499096138830482 0.6727758570965534 0.5039576641792621
41 0.7247012570612696 0.6872349460238076 0.6769873402454323 0.689560421497028 0.6688130443994851 0.5218474940415653 0.7165254998861883 0.5195220540606492
55 0.33114424474831594 0.6953378130437071 0.2815329413122072 0.6938266031940753 0.28672598596142507 0.5233912085451911 0.33633576314809943 0.5249023955682126
27 0.95390625 0.8921875 0.97109375 0.8921875 0.97109375 0.921875 0.95390625 0.921875