6 0.35043073121062207 0.5845388275190946 0.2963251181955684 0.5636617097661241 0.3215424443635584 0.49831470780877557 0.3756474960981677 0.519191704760042
6 0.396632958724922 0.6102807071523375 0.344034835990783 0.5923679483204745 0.36466356894970886 0.5318018087167952 0.4172611548412988 0.5497144680594881
6 0.7067372989329215 0.5084631260240724 0.7325295863312249 0.5551710441078541 0.6765222227021468 0.5860954114593966 0.6507302243347795 0.5393877422558181
6 0.6642606571128908 0.5414503047612544 0.6909747906142911 0.5912709824567608 0.6352604150151819 0.6211419299942484 0.6085466057849089 0.571321530991631
6 0.7217109810893589 0.5123733954488046 0.6806648250658327 0.5110420556771283 0.6830119941030262 0.43868879718917964 0.7240577186533983 0.44002012994303735
6 0.6400427371327169 0.46766829742663757 0.6838346225541727 0.467092464189181 0.6848551394247124 0.5446965335268055 0.6410632540663528 0.5452723633195635
6 0.6485659447383796 0.5659306843214681 0.6176001261012516 0.5689437826761833 0.6102943513174068 0.49386683577731005 0.6412597934123596 0.49085375594495245
6 0.5147435377027705 0.527914530866142 0.5396173715621444 0.5284907928226609 0.5378788283378526 0.603526351170295 0.513004994621383 0.6029500929489023
6 0.3454738328125 0.4484011625 0.3903818953125 0.4484011625 0.3903818953125 0.5290697671875 0.3454738328125 0.5290697671875
6 0.345900685876245 0.5020305299893624 0.3025868464676478 0.49841792757833525 0.3092081602227381 0.419038886671193 0.3525215194857765 0.42265146899218164
27 0.5388967786610692 0.53125 0.5155586847366749 0.53125 0.5155588820276762 0.42659883750000005 0.5388966208279271 0.42659883750000005
43 0.3451906814045742 0.5024745329308182 0.3005024564705536 0.49724025240964703 0.3210548846323036 0.32178736467834923 0.36574209078651165 0.32702158343390986
0 0.3202252105577372 0.4182208137429162 0.2773551666309686 0.40504721967750973 0.3184344836826085 0.2713718246846555 0.3613039153948421 0.28454531558482626
38 0.6729958216459409 0.33308153439818206 0.7173392355915666 0.3309240729833873 0.7261407166411118 0.51181645490585 0.6817973047581063 0.513973890999986
27 0.7289746412027398 0.6767419187747498 0.6901616829878776 0.6823042927405276 0.6738692744961554 0.5686308329041326 0.7126813851197085 0.563068521311484
41 0.7272000307069675 0.6804275198897132 0.6758972915706636 0.684721617100005 0.6616124860207719 0.5140669335225875 0.7129136501658877 0.5097729021492056
40 0.7750781351933256 0.6025214188389373 0.7053650684791819 0.5973397184679595 0.713730617001147 0.48481014327121946 0.7834423909924908 0.4899917955301757
55 0.31482237279885794 0.49858501629734825 0.36792163661516497 0.5042237484223218 0.34801887145158616 0.691626925495184 0.2949196224736852 0.6859882891863215
57 0.32124820640888174 0.5897286771876952 0.2560139640313537 0.6003079070317836 0.23939756781703636 0.49785307442280413 0.3046306959207641 0.4872739374638662
27 0.959375 0.91875 0.9734375 0.91875 0.9734375 0.940625 0.959375 0.940625