6 0.4295451299584556 0.33073524285874656 0.42668415442210517 0.2861264185350543 0.5034370690624428 0.281203970679673 0.5062981928740555 0.32581263513016884
6 0.515103135052982 0.32472689180195247 0.5175292954037332 0.3680974612467935 0.45253749818573397 0.3717328140563876 0.4501114953183105 0.3283623958925404
27 0.6487804890624602 0.5896739124999766 0.6490071718411627 0.5699274462585662 0.7346632693136144 0.5709103720392482 0.7344367377527306 0.5906566893625796
6 0.5316046984125933 0.7121614808962655 0.5330964548289785 0.664741479974232 0.6017851660218412 0.6669019074095479 0.6002937622620266 0.7143215669267783
6 0.6160281027805468 0.66576086875 0.551219428233594 0.66576086875 0.5512197221372617 0.6171875 0.6160277834416092 0.6171875
6 0.5649032722427592 0.6169911922079775 0.5686515844403175 0.581110271417751 0.6305645518347092 0.5875772727131295 0.6268164630441788 0.6234579875865685
6 0.5804877031325759 0.5903532396132923 0.5804878693312503 0.5574047996695684 0.653658510201808 0.5574050684701545 0.6536585551270946 0.5903532962327562
6 0.5658536578125 0.37432065312499996 0.6118466890625001 0.37432065312499996 0.6118466890625001 0.406929346875 0.5658536578125 0.406929346875
6 0.5438754733226006 0.334630330918542 0.6048203049070935 0.32073837747227835 0.6162311729817702 0.37079674727974815 0.5552863532922174 0.38468866250206746
6 0.5338361481311722 0.331425719192383 0.5296436549390364 0.28411936386163733 0.5895637679856236 0.2788091144118469 0.5937563798159999 0.3261153375795955
6 0.5240420780604609 0.6732336953125 0.44738670488516163 0.6732336953125 0.44738700210155 0.632472825 0.5240417528847274 0.632472825
57 0.5472700360239742 0.7155748185834069 0.6497337678229087 0.7032115318702431 0.6573712101693445 0.7664984207387808 0.5549074950822614 0.7788616182883561
40 0.5542291510873838 0.2857283789447994 0.546257608317319 0.21417853810238272 0.6553884287254732 0.20202014968405518 0.6633602243429095 0.27356969666159175
27 0.35167405048389355 0.34582738699669047 0.3453649661690861 0.3069972542731126 0.44937036635224104 0.2900989475150522 0.45567960854930334 0.3289288775038865
27 0.36145709736501885 0.3723765724078991 0.3607794389100718 0.3306526800739748 0.47254212107930016 0.3288372931986392 0.47322002418343345 0.3705609407727881
43 0.5004536438149216 0.6746461358645479 0.49422322219220405 0.7196025111697711 0.33982882496275124 0.6982067878611591 0.34605985498012615 0.653251144620221
0 0.3993029439603788 0.6817253882503032 0.3993032813763193 0.7211277693200933 0.2738674876418372 0.7211276228374827 0.27386767787163535 0.68172576489998
38 0.34873153730609374 0.3433095553344412 0.34386991345013485 0.296392382640363 0.4990958315916032 0.2803075698173726 0.5039577638972332 0.327224410322401
41 0.6872346883769751 0.27529930242906553 0.6895606504342595 0.32301232327201745 0.5218476063769231 0.3311870809730985 0.5195220320015324 0.28347442971583553
55 0.6953376356558465 0.668855788007545 0.6938266547574585 0.7184665410859203 0.523390920300244 0.7132741138421651 0.5249027636133405 0.6636642350797449
27 0.8921875 0.02890625 0.921875 0.02890625 0.921875 0.04609375 0.8921875 0.04609375