67 0.4421513168887259 0.31549706503968883 0.44350594246441233 0.29134440221170826 0.5140148611333188 0.29529879128077796 0.512660319007864 0.31945137417978675
75 0.47392692528592306 0.2906712389386423 0.4732592070673718 0.28330661100835824 0.4978682637500924 0.2810754651121634 0.4985359890771406 0.28844008507200686
28 0.5808755213431596 0.30516531491771803 0.5808475562881767 0.3096405260326665 0.503431050097447 0.30915660759208735 0.503459031250145 0.304681412500019
76 0.43762390884558044 0.5750215970527832 0.43788488413485993 0.5587156046744294 0.4854283635346519 0.5594763880823657 0.48516745628387525 0.5757823135740622
67 0.5163303605163492 0.6620202923293536 0.5117579118709727 0.6981114328211858 0.4423146376675504 0.6893144076916905 0.44688730695668255 0.6532235271200301
67 0.4509889424737139 0.6975638866712257 0.5045775098768672 0.6778647279544076 0.5164632992241422 0.7101934724745115 0.4628747698875486 0.7298925582117296
75 0.4882904216345878 0.7371537888430775 0.4870372238655136 0.7313953284388883 0.516853876353025 0.724907435918595 0.518107088068291 0.7306658767202575
75 0.5225524533713042 0.7353404267827288 0.5229592494281405 0.7499177401059076 0.4781657584884442 0.7511673769594214 0.47775903830540756 0.7365901373585748
28 0.5756692443408156 0.6850608195346253 0.5746520658414056 0.6897048528413303 0.5132444881247693 0.6762565245253587 0.5142616881068989 0.671612521608717
28 0.5228628343751325 0.6716839093750347 0.5229237466178347 0.6678230587810622 0.5737870424927678 0.6686253339817093 0.5737261506164941 0.6724861643663697
28 0.5037995130345507 0.6638996417507471 0.503605011256127 0.6585098237292237 0.5879060458393042 0.655467758537092 0.5881005915558717 0.6608575307119811
67 0.42314582523852096 0.7146073676977116 0.4016026012009206 0.7259206829287465 0.3893101348239725 0.7025163883821746 0.4108532581321924 0.691203105346858
78 0.4106090979438477 0.6859643032176505 0.3412838439137431 0.6918909403911206 0.3364026413364627 0.6347972080301029 0.4057271016312143 0.6288706049379804
28 0.26365340781251234 0.7039021546875119 0.26227946117751344 0.7001140073201649 0.3438932059035551 0.6705170019570031 0.34526716808943547 0.6743051147681239
28 0.24849024218747218 0.6745470406249875 0.24704686298457545 0.6657472340874269 0.33976614530945426 0.6505406871296482 0.3412095909444588 0.6593404103095479
75 0.39072052714584515 0.6227903216026196 0.39133908694032016 0.6303697692110867 0.35824052785426375 0.6330705594732479 0.35762199386442717 0.6254911359548514
75 0.34705081559093287 0.3778420310629908 0.3470508264168757 0.37080650351980554 0.3769311791764949 0.3708065312517717 0.37693118033769224 0.37784204679282873
67 0.3906580093921548 0.26716095567878684 0.40236953914381957 0.2456323423157042 0.4225682862108897 0.2566202074238191 0.41085677943954124 0.27814880100467