6 0.34164519012699657 0.4572331923287123 0.29826301389118726 0.45945894927021247 0.2938100407109232 0.37266608823388725 0.33719173370536737 0.3704403438426942
6 0.338654890625 0.383972125 0.3865489125 0.383972125 0.3865489125 0.461324040625 0.338654890625 0.461324040625
6 0.5973439062056514 0.37063275057322814 0.651398409719036 0.36816275946043203 0.6548840809666672 0.44444124706468696 0.6008295782538653 0.44691122648969883
6 0.651154890625 0.363763065625 0.7038043468749999 0.363763065625 0.7038043468749999 0.4425087109375 0.651154890625 0.4425087109375
6 0.6524318973337131 0.5505771569752818 0.6339738028831334 0.47680634915607817 0.6935246924122112 0.46190739503697387 0.7119830177447284 0.5356778525840892
6 0.5980717820150403 0.5573325627123126 0.578836353858037 0.4932680566554148 0.6418362900434431 0.4743538331240687 0.6610719070347386 0.5384180046381813
6 0.39488746699987587 0.5777905805395279 0.34010783524206545 0.5671109881886295 0.35421336444619556 0.49476669428198783 0.40899235628421593 0.5054462225377684
6 0.35085360420862344 0.5601914502171991 0.3012089763963104 0.5577718220324958 0.3048642236641399 0.4827879787996519 0.3545082572480851 0.4852075924252875
6 0.720338655262367 0.5378083155957164 0.6935832109653575 0.5290135819904498 0.7213885527623916 0.44443089346853026 0.7481436700420545 0.4532255690543328
43 0.3417927497622486 0.45458489954242726 0.2980320779736303 0.45745617357340757 0.28778582309337253 0.3012954448143679 0.3315456833740882 0.29842419804552184
38 0.7034648369278784 0.44111498281249995 0.652173795499607 0.44111498281249995 0.6521742634976135 0.268292684375 0.7034642713242647 0.268292684375
40 0.7721218460900445 0.5569983262384243 0.69810428953258 0.5602130068708178 0.6929996749016709 0.4426724511287772 0.7670158985117723 0.4394577996071553
41 0.642163177181942 0.46795180438514367 0.7022225515285072 0.46632555467774184 0.7067718275071684 0.6343213816511827 0.6467124540922669 0.6359476084000875
55 0.3547416266021628 0.6382315555896609 0.3062219216598123 0.6393064497550163 0.30275085620621667 0.48261902736089957 0.3512692502098389 0.48154414782105237
57 0.2435591130388275 0.45588760787909555 0.3074768802223389 0.45180805245795935 0.31513433981024264 0.5717746645392232 0.25121657611373394 0.5758541814124695
27 0.9421875 0.875 0.9578125 0.875 0.9578125 0.8890625 0.9421875 0.8890625