27 0.3252161233923516 0.5601695821854498 0.28061391158905735 0.5587066467219134 0.2869672089636879 0.3650443502542042 0.3315681584437016 0.3665072644998429
38 0.6966051748142945 0.5734012270456891 0.6966055015997199 0.36700571816593963 0.7397451446612422 0.36700617801993296 0.7397454689471488 0.5734010034088218
41 0.7372718863077807 0.7615400055231866 0.6868120342928705 0.7636534561700067 0.6799745470684684 0.600407611446193 0.7304327348658717 0.5982941950854759
40 0.7277227734375 0.5966569765624999 0.77899575625 0.5966569765624999 0.77899575625 0.7478197671875 0.7277227734375 0.7478197671875
55 0.29432024039874705 0.575379822963265 0.3451665107862709 0.5791228604192215 0.33298911747817783 0.7445227635680721 0.28214285359047153 0.7407797881215966
57 0.2462394936870851 0.579966936099067 0.3028031836796572 0.5881988896921184 0.2800913778643235 0.7442374355324782 0.2235277162130842 0.7360056117052894
6 0.3765911555051389 0.4949127217637297 0.376591357925804 0.5741279519196354 0.32355012867481037 0.5741277955300048 0.32355026790617103 0.49491290630941426
6 0.6500890374769597 0.5137818091927548 0.6960837428333662 0.5149006735267171 0.6942358292044446 0.5908586024566467 0.6482411241207728 0.5897397452626145
6 0.6270333991988082 0.6236565134755853 0.6806838216378992 0.6167878791586631 0.6912700768640434 0.6994657185095601 0.6376196653330908 0.7063342950078604
6 0.6300881208363762 0.7272590256268281 0.5980800616999886 0.726243478123345 0.6008300673513531 0.6395901231567969 0.6328375507503097 0.6406056615364581
6 0.3923889116705368 0.699346530431157 0.33114768492896474 0.6918980631924007 0.34207239526892863 0.602091454632673 0.40331254654677196 0.6095398561731001
6 0.39938724521402946 0.6258825684922129 0.439329672706549 0.6252656826434029 0.44084527330608125 0.7233855127070596 0.40090284597044956 0.7240023923669255
27 0.6914425676875453 0.5212758717967891 0.6559405937500742 0.5196220937500017 0.6615686497950719 0.3988184283840782 0.6970700301695842 0.40047219269356304
27 0.7311411699261043 0.5134440146773688 0.6990806218750549 0.5181686046874979 0.6757275760943457 0.3597052185122103 0.7077874422107016 0.35498068004558575
27 0.96328125 0.90546875 0.98046875 0.90546875 0.98046875 0.94453125 0.96328125 0.94453125