43 0.34431644176083864 0.5060539756947426 0.3084686734812294 0.5027484000070217 0.3223445264915199 0.35228369602739595 0.3581915878550035 0.3555892388036623
38 0.6505762327815319 0.36265395039357196 0.690577367830997 0.35772106644711366 0.7095129228887345 0.5112626977844903 0.6695117975928042 0.5161955306449824
41 0.733757005157031 0.6885981630791128 0.6815176943946426 0.7035953312353143 0.6380767648009851 0.5522939984983088 0.6903146332192591 0.5372970484035967
55 0.3303371379873852 0.5419909301089079 0.38204640661206213 0.5556499254447964 0.3405671373958512 0.7126612276419143 0.2888579490468146 0.6990024437357486
57 0.2805895185949794 0.5315120584433374 0.3271579472708481 0.5360513126189601 0.3113344068816559 0.6983681349892348 0.26476598736928736 0.6938289500465643
6 0.6245059959932178 0.5781084371157666 0.5893369345695874 0.5870870654292822 0.5692125663689467 0.5082667369998136 0.6043811756634341 0.49928816930937797
6 0.6786997658862219 0.5390270090031712 0.6308110086705483 0.5432707749663531 0.624171327006593 0.4683479635710622 0.672059536344932 0.46410422197748574
6 0.6630803479009728 0.6617639667891712 0.6122215091526186 0.6676913735541694 0.6025096807933323 0.5843676569315431 0.6533677222911365 0.5784402969283493
6 0.43106807435594874 0.6313271934162671 0.39028640297476613 0.6731716717019229 0.33872927855907164 0.6229297545283169 0.3795106803897852 0.5810855632307477
6 0.3894146267936094 0.6017151393494471 0.34685038240775157 0.6362902116752035 0.29713905360711124 0.575098421964807 0.33970291655759866 0.5405235951123865
27 0.32065205458116 0.5881532715894336 0.36258250407433934 0.6018544542053358 0.3265539685925205 0.7121003553770024 0.2846235904864898 0.6983993314854977
27 0.9609375 0.8796875 0.975 0.8796875 0.975 0.909375 0.9609375 0.909375