6 0.3082640706687698 0.5003087111535496 0.2657217976616266 0.4960186909858552 0.2751368651232724 0.40266233905856796 0.3176785916505196 0.4069523314079893
6 0.35299779948184096 0.5222685772278268 0.30653027359051066 0.5183297829079803 0.31328911380262525 0.43860180825176687 0.3597560940540916 0.4425405792020757
6 0.37977060458877077 0.5422582481547271 0.34996880568496636 0.5389062850107095 0.35854739070737196 0.4626430282366352 0.38834884432765193 0.46599497183224103
6 0.38571215894694433 0.4700260595690007 0.41978263898874957 0.47234313948577383 0.41469366921398887 0.5471659601906179 0.3806231905206232 0.5448488937127544
6 0.5054348666161559 0.5749128921875 0.47146728795348736 0.5749128921875 0.4714674952331279 0.5003484312500001 0.5054346531164811 0.5003484312500001
6 0.5323932411207579 0.5619542928008637 0.5029902435653639 0.5614601271816333 0.5043394443132456 0.48120070773799606 0.5337420667826791 0.4816948702036371
6 0.56080163125 0.4648083625 0.606317934375 0.4648083625 0.606317934375 0.5498257828125 0.56080163125 0.5498257828125
6 0.6352800212057446 0.5335959091686651 0.5976665192324617 0.5341514453334338 0.5966267465574902 0.4637433943324297 0.6342398458679099 0.4631878611436467
6 0.6341711953125 0.4348432046875 0.680706521875 0.4348432046875 0.680706521875 0.5128919859375001 0.6341711953125 0.5128919859375001
6 0.6752631572026075 0.4095974809796805 0.721022663508279 0.4071193354556585 0.7255857300664275 0.49137242256471203 0.6798262249200206 0.49385055376162723
6 0.6798568183453426 0.5995613523559938 0.6245576029647282 0.6149624689777877 0.6063870832790599 0.5497250647963321 0.661685682566258 0.5343240388063399
6 0.7199174259297934 0.5805666244108845 0.6704944231216814 0.5882748296178185 0.6607631656959256 0.5258848288032693 0.7101856518341947 0.518176664634148
6 0.3783759225252652 0.6530305854588917 0.3927714955458441 0.586379486502615 0.43213935430060246 0.5948813837865352 0.4177440733969888 0.6615322289536064
6 0.406924108862313 0.5809124511500317 0.37322249966018717 0.6377179728875069 0.3182692016165447 0.6051185001767948 0.35197079604972714 0.5483133093825183
6 0.2872734644523689 0.5341970193217248 0.33032332099458017 0.5210833602909121 0.3523367232393184 0.5933428389673268 0.30928690350060606 0.6064564130621094
27 0.38213316878614023 0.47247386718750006 0.359375 0.47247386718749995 0.3593751226394488 0.3986062718749999 0.3821330711347173 0.3986062718749999
27 0.49768914078356374 0.37512599591962376 0.525108924385222 0.373522259184823 0.5319101946890896 0.48980030864795154 0.5044904121874652 0.49140403305107855
27 0.29375037347813304 0.5476740076586174 0.3383242951728107 0.5543709438194685 0.3194828419931355 0.6797630904868526 0.27490893677895656 0.6730662345432346
43 0.3086170729972082 0.49861837282155497 0.2638117408104108 0.4939012881847675 0.2820727599478232 0.3204643509118347 0.32687712072413433 0.3251813837933992
38 0.6649082202117143 0.30228461761628145 0.7092381623825759 0.2986560125093483 0.7249133865090016 0.4901487763448595 0.6805834496091165 0.4937773389158906
41 0.7223175917388289 0.6856189748315605 0.6728975897016198 0.6883306783859457 0.6636390887359767 0.5196011908649562 0.7130575871888141 0.5168895281752047
40 0.7133152171875 0.51358885 0.7741168468749999 0.51358885 0.7741168468749999 0.6271777015625 0.7133152171875 0.6271777015625
55 0.2978830381861144 0.5275936580658969 0.3478547346674077 0.5357121554400169 0.3241974128242191 0.681314579037219 0.2742257431749522 0.6731961908722137
27 0.95078125 0.87421875 0.96328125 0.87421875 0.96328125 0.88359375 0.95078125 0.88359375