43 0.3458570083203085 0.59375 0.3023173051012691 0.59375 0.3023178240773632 0.43677325624999996 0.3458564032223421 0.43677325624999996
38 0.7352525416789604 0.43749979896262897 0.7352528799492575 0.5952036323916721 0.692064538461409 0.5952033544270008 0.6920647338037043 0.43750004752979815
39 0.7221986992776692 0.42385540358710566 0.7651599565082279 0.4202458388728179 0.7775537715590417 0.5677474314350919 0.734592519737248 0.5713569555446602
41 0.7440627386597498 0.7718555520959434 0.6960215324927503 0.7733161746152086 0.691067977431203 0.6103878585941412 0.7391075775476565 0.6089272600869843
40 0.7336509633681771 0.579904497406111 0.8100728548978395 0.5838956907965652 0.8035615052741605 0.7085575494648396 0.7271396165299393 0.7045664048486626
55 0.2797720793618055 0.5916193220098213 0.3295887810440945 0.5948281009222374 0.3188160481704472 0.7620543135561914 0.26899935251105944 0.7588455897078498
57 0.2907930807444927 0.693940672575405 0.21459236441296525 0.6974465233078795 0.20921570478196827 0.5805750293708389 0.28541468829575933 0.5770692186272334
6 0.6938204044951135 0.6228197671875 0.6464184298311011 0.6228197671875 0.6464187423529211 0.5479651171875 0.6938200857375705 0.5479651171875
6 0.6917134828125 0.5152616265625001 0.735252809375 0.5152616265625001 0.735252809375 0.59447674375 0.6917134828125 0.59447674375
6 0.7393435929342331 0.6069639222843681 0.7433556884492418 0.6796400231113182 0.6938774631001934 0.6823708251419756 0.6898657390336211 0.6096950779182088
6 0.6888192842055787 0.6226700693284434 0.7037200558802397 0.6928524173178405 0.6482516940311598 0.7046271855941483 0.6333513832520339 0.6344452389210653
6 0.6530176764483713 0.7031384377345771 0.6157409588198561 0.7108559926581741 0.6042840658050181 0.6555246204119436 0.6415603626311395 0.6478071103583734
6 0.32988884035103183 0.6062783836639623 0.3852118825710704 0.6165575782028275 0.3720509471011155 0.6873814028652531 0.316727924790257 0.6771022811794482
6 0.33076278087764877 0.659935019878581 0.2800030434211749 0.664021916871668 0.27450300633256575 0.5957150667202246 0.3252620817962679 0.5916281965051813
6 0.396494908129398 0.5349593814355263 0.39343939456216503 0.6087720405927857 0.34411587511556263 0.606730207931108 0.34717169154851035 0.5329178650577743
6 0.3026685390625 0.5101744171875 0.3465589890625 0.5101744171875 0.3465589890625 0.5922965125 0.3026685390625 0.5922965125
27 0.96640625 0.91796875 0.97890625 0.91796875 0.97890625 0.94140625 0.96640625 0.94140625