6 0.4162091799181553 0.7375527156904316 0.4179866389980589 0.6938067707678589 0.5057499401171981 0.6973719491289752 0.5039729165006293 0.7411174749996078
6 0.535191878072169 0.6997282609375 0.4543552949307923 0.6997282609375 0.45435571202222036 0.6552309781250002 0.5351915531761051 0.6552309781250002
6 0.5811389296763991 0.5983401978541705 0.577164597996557 0.6329908092071002 0.49382341848343003 0.6234324377017254 0.49779798448901147 0.5887820965046247
6 0.5972124974166491 0.5050950314676347 0.597212621918743 0.5387228525057315 0.5045295592026378 0.5387227850649735 0.5045296823093395 0.505095214019609
6 0.5711215209921647 0.37185189095872995 0.5766025442434284 0.40933177526962156 0.49770745461398747 0.420868486577567 0.49222663284592727 0.3833887835008503
6 0.5549118510178914 0.34093497045584215 0.557190478456846 0.37833017234101957 0.48302544706405115 0.38284891130521714 0.48074698099890156 0.3454538623711672
6 0.5296652816535925 0.3035871803174693 0.5378973247342174 0.35087317109822735 0.469424434689131 0.36279301815284404 0.461192578832879 0.315507191698116
6 0.435129987630944 0.311156868478637 0.43770016247196963 0.26370389237231395 0.5159630423391945 0.26794266143149825 0.5133930400937743 0.31539547243816396
6 0.5948834724024437 0.25939824337675027 0.6012689581338009 0.31507188916164175 0.5170264752786125 0.3247335633686948 0.5106412200960904 0.2690601293635726
6 0.5334574087289639 0.3279641337852698 0.5736592732771442 0.2926182833447646 0.6248031696246699 0.35078673535180355 0.5846014379136477 0.38613244450151646
6 0.6335949688369737 0.35429776538914043 0.6348124028070288 0.39175826828688887 0.5708125597299158 0.3938379230768906 0.5695952662875925 0.3563775558269116
6 0.5375976745577873 0.6716390458060719 0.5449564513471614 0.6162929263965333 0.6189042188614167 0.6261236441912931 0.6115458931599278 0.6814693571625693
27 0.351537169368612 0.34492694859247786 0.35372338445688456 0.30680869254780224 0.4804861816851371 0.3140784619085856 0.47830022278708384 0.3521964748654033
0 0.32645505820948983 0.7605763410178713 0.31825526149225425 0.7159655587969698 0.40508244791499237 0.7000085166246036 0.41328257989096073 0.7446188571539282
43 0.5066200521653172 0.6953124124901975 0.5066204380492536 0.7398099347519469 0.3379788083150288 0.7398094583870861 0.33797923991448897 0.6953127543552294
38 0.5142855875556052 0.2649455891502052 0.5142857869169575 0.3138587085073272 0.3463413436367091 0.31385861833750417 0.3463415068027871 0.26494586494762984
40 0.49973250459561314 0.2649407197139737 0.505220232754823 0.19964558100027757 0.6175920447197996 0.20908969344936199 0.6121046054977342 0.2743845534101046
41 0.6820824100753953 0.2553902530378575 0.6860772943612119 0.310971142130105 0.5151893287388702 0.323252471963944 0.5111948880246473 0.2676719881712785
6 0.5134163509212613 0.7224418576205702 0.5161433958846828 0.6693063560806781 0.6017362351159363 0.6736984048425664 0.5990096972311676 0.7268334223750834
55 0.5132647550743741 0.7228619892219783 0.5163451071360896 0.6694618843474883 0.6835255730529752 0.6791033096219976 0.6804462255408907 0.7325024547681307
57 0.5995685156900663 0.7109408431323452 0.6121559596774659 0.777059943563755 0.4967773582507107 0.799020246971713 0.4841909305964691 0.7329020442443305
27 0.8609375 0.04453125 0.8890625 0.04453125 0.8890625 0.04921875 0.8609375 0.04921875