27 0.34886102675432085 0.5644024746974726 0.3923683487315657 0.5765508223530427 0.3583232660730573 0.6984633204405083 0.31481600364281803 0.6863151209676521
27 0.5971518315853928 0.3125649659051125 0.6205835480927817 0.3135055040600953 0.614885154409194 0.4554643181560413 0.5914534383570071 0.45452378776444474
27 0.3449615061459781 0.40847896180251525 0.30815087631503957 0.40489058088204766 0.32190815692604247 0.2637733691067672 0.35871824182356704 0.26736172280453546
6 0.3348670414670778 0.46076276694464385 0.29041622883949003 0.4524298743828658 0.3035869161884648 0.38217746762563515 0.34803732804221 0.3905103214268386
6 0.41773084448993814 0.5423636075558396 0.38905257202713983 0.5942801813474539 0.32924503272681704 0.561245846443663 0.3579233189534534 0.5093295744004916
6 0.312172011122243 0.470118968549575 0.36925212035203003 0.4909844108564274 0.3460203807137532 0.5545327567185718 0.28894032853816043 0.5336674248088569
6 0.5894309185919155 0.4487855485891275 0.622606639018386 0.4510955109913668 0.6178045683602704 0.520058155316394 0.5846288491961786 0.5177482047015495
6 0.6134559764054757 0.4369737084699391 0.6606492563498705 0.4312232248020243 0.6707574955935343 0.5141744527710725 0.623564222115192 0.5199249015950622
43 0.3364382348476056 0.46349689097624863 0.290562604810475 0.45674666127523905 0.31863950033528 0.26594445019919466 0.3645141309406199 0.27269460360300607
38 0.6506526908295882 0.3123815379910582 0.7003027377893432 0.30874246286887214 0.7125197040622879 0.47541854330817007 0.662869661249033 0.47905758166151285
40 0.6835772237701576 0.48313870541672155 0.7630509529631126 0.4766150032704694 0.7732520742971474 0.6008778339299292 0.6937783534785922 0.6074014692999469
55 0.30650442264368394 0.47170784605413396 0.36148816541958695 0.4779972049508961 0.34041132117624784 0.6622417702243965 0.2854275953670822 0.6559525104751199
57 0.2982355103486043 0.5884152787036558 0.2203042528281003 0.5813814215440286 0.2307391326224888 0.4657877767780654 0.308668975558021 0.47282157054583795
27 0.95390625 0.8625 0.96328125 0.8625 0.96328125 0.9015625 0.95390625 0.9015625