43 0.34363371567712875 0.5358011603952266 0.303968721259821 0.5334012312013965 0.31524476926426814 0.3470567141022455 0.3549087484186657 0.34945661204916245
0 0.3221212962997697 0.45243129027827067 0.28308706012637685 0.45019298673054403 0.2930562227675182 0.27635382523705293 0.3320896823250905 0.2785921060051679
39 0.6652459431868465 0.29558074989498306 0.7144835867727579 0.2979806482543644 0.7074239482041094 0.44281455262973474 0.6581863061340982 0.44041467391358274
38 0.62642323520015 0.35337349266450524 0.6774507170076731 0.3490481115055274 0.6916905189304998 0.5170292730398443 0.6406630436990781 0.5213546053595937
40 0.781729546279962 0.5969534521677888 0.7017549816797555 0.6000717450101973 0.6971683165567129 0.48242757967673955 0.7771413337147806 0.4793093170501635
41 0.7223274574604375 0.6842866336067496 0.6622651930597385 0.6913041855264462 0.6410295612623713 0.5095623406584591 0.7010898913111987 0.5025449011630079
57 0.24073229017278663 0.5062314211256039 0.31046286622745356 0.5024552366186857 0.31639962044107506 0.6120727248458223 0.24666904660330147 0.6158488740762487
55 0.30363789522175466 0.5273960573446266 0.35062993395558806 0.5316904092518218 0.3337628615666972 0.7162427541803396 0.2867708341744901 0.7119484765073764
6 0.34827740951232045 0.5426667629218769 0.3983742124436276 0.5445449434799864 0.39538697149146174 0.6242157430830987 0.3452901693359536 0.6223375758559528
6 0.3436394653940624 0.600054789791256 0.2973755681824741 0.594851337440291 0.30525322638482066 0.5248206729630835 0.35151657011863335 0.5300240938829631
6 0.651567926808184 0.5852218572183836 0.6394214561132685 0.5122068898971376 0.7002676518702629 0.5020856609764204 0.7124144179108498 0.5751002585973303
27 0.9578125 0.87578125 0.9765625 0.87578125 0.9765625 0.88046875 0.9578125 0.88046875