43 0.650232282819843 0.29522903676129125 0.6470950391288852 0.34028449689832685 0.4833453177154752 0.328881977569778 0.4864828874962086 0.28382686523292844
0 0.5163004792104857 0.2856578527578456 0.52379589215343 0.24220238079874248 0.6641876899039971 0.2664171087019078 0.6566925738196687 0.3098723131830312
27 0.6499603078234486 0.6361976935429046 0.6461162116614787 0.6768440582230777 0.5048776011431073 0.6634871988439791 0.5087222034044316 0.6228414133345271
6 0.4666474359247559 0.6714991377145989 0.4628503815968088 0.6247626977315208 0.5262809368742865 0.6196099692074896 0.5300782570739102 0.6663461150824156
6 0.5536881028291418 0.6610275317130587 0.5568563692071393 0.7065174798120352 0.48588360863379876 0.7114594015584463 0.4827157014901786 0.6659697911878775
38 0.4844830744976889 0.7136347634909805 0.4789565216930214 0.6682822856242852 0.6451230068933 0.6480355158873702 0.650650233027477 0.6933872001231931
39 0.636970052164429 0.693496906609598 0.641231682782859 0.7354530705549974 0.5095777392676837 0.7488220807401632 0.5053167686446614 0.7068665196025201
41 0.3191673781196869 0.7261677341340312 0.31404645957923094 0.67578820412006 0.48534005914461886 0.6583778013493756 0.49046178816161046 0.7087564368591289
40 0.5046240911286759 0.7111976118443629 0.5005617858588494 0.7778663858274129 0.4015600903512677 0.7718341205244623 0.40562309252686646 0.7051660977696538
6 0.375585994510061 0.381342867223855 0.39300049248572577 0.32656426763412894 0.463465762802457 0.3489648129586353 0.44605153197119307 0.40374318345492616
6 0.482488015585659 0.3000661862577707 0.47844906256955255 0.3497834321615149 0.39735431856524883 0.3431953797772818 0.40139345152920214 0.2934783326418112
55 0.4818856705071539 0.298678935855763 0.47838375694414026 0.3493330708631153 0.3168724332047077 0.33816680611919403 0.3203747111593884 0.28751308073042126
57 0.5166283916859129 0.2701397381640363 0.4836534336246814 0.3275133080432819 0.3840118007587989 0.27024610773278407 0.4169867627522308 0.21287280340631268
27 0.071875 0.95 0.1171875 0.95 0.1171875 0.9796875 0.071875 0.9796875