43 0.31818848016325774 0.5453483298175044 0.2647590277998688 0.5328331904036583 0.30640911176033114 0.3550366188784931 0.35983727242853547 0.36755160008767257
0 0.31606698990310633 0.4373786928914782 0.2672859231745406 0.42913014034753505 0.287215118773247 0.3112787254371795 0.33599552674786537 0.3195272206153
38 0.6598394117137332 0.36681511733594163 0.7103336873451553 0.3567555699163295 0.7455435894867151 0.5334829758025019 0.6950493507191595 0.5435423975146588
39 0.6779510529157733 0.33111116639385246 0.7288767694043372 0.3188094001129173 0.752581529091799 0.4169363288211068 0.7016558381889126 0.429238024239778
41 0.7660583483055916 0.6875421510238906 0.7064054605239107 0.6944923804893266 0.6858290377417688 0.5178989672927018 0.7454800646146396 0.5109488447476629
40 0.7890085622015022 0.6606702041286148 0.7341501355690525 0.6455264932561242 0.7639552424601561 0.5375711856848765 0.8188126060645118 0.5527147410656887
55 0.27049160314629717 0.5189558140912797 0.3301072193278287 0.5254109261030436 0.3113130551926133 0.6989642705654562 0.2516974543177639 0.6925092630483185
57 0.20888214648778103 0.5511795138529337 0.2687095708324705 0.5471466612745112 0.27617439962057233 0.6578757137504373 0.21634697948093162 0.6619085250035807
6 0.2667794644167998 0.4637539509627928 0.31108064919339995 0.44877229509962474 0.33930066838308903 0.5322137527955348 0.29499953185995764 0.5471953085126231
6 0.7075910834788601 0.5472125090652271 0.6697261701569914 0.5226478232774527 0.7139004402527007 0.4545616473455146 0.7517650053973739 0.47912618103271826
6 0.7315273858648652 0.5105620272226117 0.7720759540505924 0.5434436264686132 0.7131624058933994 0.6160867653782702 0.6726140770772417 0.5832054302279345
6 0.6520365171875 0.569767440625 0.70470505625 0.569767440625 0.70470505625 0.6577034875 0.6520365171875 0.6577034875
6 0.36832853825978873 0.5683138070686475 0.3683287463539955 0.6547965822451344 0.3142554794433181 0.6547964027242402 0.31425570809369674 0.5683140687094604
6 0.34385442755228723 0.5708815499889942 0.30023048447014844 0.6177145708075529 0.23825436389870447 0.5599904225546405 0.28187802089280467 0.513157743501179
6 0.6404562252905635 0.502955926195723 0.6912539950025121 0.4959443376108496 0.7029229932487624 0.5804770032286585 0.6521252339100556 0.5874885422733893
27 0.91953125 0.825 0.92578125 0.825 0.92578125 0.834375 0.91953125 0.834375