43 0.34169604935289044 0.5300299657831161 0.2990061126612318 0.5292746911852614 0.3021828302933045 0.3497625115109757 0.34487171446414777 0.3505177766442043
0 0.299618470704786 0.503422425492786 0.25418280737960686 0.4968597133841919 0.2749720256957744 0.3529419967750838 0.3204068414154335 0.3595046466991045
38 0.7383307276893447 0.33575568633424707 0.7383310473589972 0.5210757613785807 0.6944836819648117 0.5210754914463462 0.6944838903646087 0.33575593793767106
39 0.7183820293568033 0.33019275557331196 0.7673397845640011 0.32512473074328235 0.7850451365620756 0.4961525981775445 0.7360873908278336 0.5012205679589588
41 0.764704897183833 0.7000080555379072 0.7089368074781532 0.7081123338846922 0.6822755856165941 0.5246630527153181 0.7380418100731276 0.5165589104382307
40 0.7457897747493689 0.5055698275401698 0.8219570792610966 0.5126541873384528 0.811734633537867 0.6225503965207226 0.7355673370681188 0.6154661034104688
55 0.3023909116153618 0.5265360003781705 0.3556805858692087 0.5351779544367703 0.32653664160488916 0.7148714559099598 0.27324700217241116 0.7062296483032924
57 0.2976974861758208 0.6398094975194715 0.22325845588352422 0.6386023154118772 0.22518303014578578 0.5199922512030918 0.2996205159913643 0.521199420866163
6 0.38613873142014654 0.5486918609375 0.33910874607227015 0.5486918609375 0.33910906727442125 0.4665697671874998 0.38613845514169043 0.4665697671874998
6 0.5069483369586578 0.5980038258251137 0.4808002931450801 0.5968473350987986 0.4853311627657604 0.4944203999140979 0.5114787586293232 0.4955768806821696
6 0.5406646797541725 0.4941859845376529 0.5406648186667553 0.5966570309070918 0.5116689863938291 0.5966569184508139 0.5116690948005953 0.4941861203033101
6 0.5385430566556124 0.589389575582405 0.5385432405836355 0.5050871424418049 0.5678924912228922 0.5050872789684573 0.5678925140640558 0.5893895048542276
6 0.5675796494975884 0.5085557454821393 0.5997481537718841 0.5091146952408068 0.5982727384936197 0.5940198207195208 0.5661042343172085 0.5934608749266352
27 0.5438472337638132 0.5116279306069358 0.5438473200163116 0.40988367465770703 0.5640028225403739 0.409883743458212 0.564002879728605 0.5116278567735725
27 0.5932471758742395 0.514752234694322 0.568282576569004 0.5154346057017345 0.563804196332967 0.3515931304674208 0.5887682602733548 0.3509107667421127
27 0.940625 0.86484375 0.95 0.86484375 0.95 0.87890625 0.940625 0.87890625