6 0.44907271383306124 0.33427468738125404 0.44361743896547523 0.3790413897033847 0.3684712264389418 0.36988416788112594 0.3739266561063914 0.3251176457186925
6 0.4985329442066586 0.6565436230536812 0.4941501454884474 0.6138367583898614 0.570385287611316 0.6060139077469466 0.5747683634945133 0.6487204590953691
6 0.3805128807954361 0.6374358512190307 0.36791434008205215 0.584226690836063 0.4448644410549605 0.566008843916094 0.4574632450737681 0.6192176177376675
43 0.464763730140362 0.3625379796609858 0.4707326568050121 0.32580386267259903 0.6349012291160534 0.35247814537859273 0.6289326777734914 0.38921192519661724
0 0.5526131855122003 0.3593750204537461 0.5526133389362258 0.32269016757984165 0.6996515219732373 0.3226903583871935 0.6996516483487767 0.3593749316954028
38 0.6777435679033488 0.5908109823385643 0.6832756043720565 0.633676102129034 0.49835830502615863 0.6575359095304943 0.49282710388467876 0.61467153896969
39 0.7226907969618424 0.6191843839776798 0.7263634125633871 0.6590011879995729 0.5743223363093648 0.6730219067546328 0.5706503657632993 0.6332057001737571
41 0.32230918763912086 0.6882082795499244 0.3150491053506812 0.633736438252793 0.48325476538889234 0.611319574991331 0.49051561995179327 0.6657905058659656
40 0.4964687002673145 0.6633479992615219 0.5049684081225223 0.7374417183470705 0.3960889503401859 0.7499288703497329 0.3875901979087075 0.6758360224931507
55 0.4498067617672632 0.33552076334545045 0.4430737528385862 0.3805958175258356 0.2880137662260722 0.3574340181770248 0.2947470790109037 0.3123593329825473
27 0.1484375 0.9234375 0.1640625 0.9234375 0.1640625 0.93125 0.1484375 0.93125