38 0.5350740642488745 0.30520142804355394 0.5341707123566266 0.3515426002643916 0.3735554505442451 0.3484109949423285 0.37445916603087426 0.30207020142558394
41 0.7393252729247024 0.2641544933281805 0.7423952860785903 0.32082754427039334 0.5478437945046153 0.33136504082697466 0.5447743054704688 0.274692479694
40 0.748077668700148 0.24492261256087777 0.7204406836541466 0.3077509973672311 0.5700011274096823 0.2415762290653824 0.5976382180057271 0.17874823466312628
55 0.5168232694694552 0.7190647646327344 0.5195321552432688 0.6656825287386563 0.7056321804172967 0.6751238513548016 0.7029244035385318 0.7285050134324434
57 0.6584963760299161 0.7198251835159208 0.6494881839447544 0.7875817615696022 0.534707847351342 0.7723231907920657 0.5437167888235308 0.7045674998583565
6 0.5688624846471839 0.7331920406044831 0.5131286527226848 0.7126722474372345 0.5346156394583659 0.6543210880308025 0.5903488070672438 0.6748407460680834
6 0.6128065092385668 0.6277941732555405 0.5965154345830115 0.6834917979686932 0.5361681879765001 0.6658426513836129 0.5524594642928378 0.6101453691295291
6 0.4447019269396151 0.698383693140688 0.44221095424484247 0.6549482282853293 0.5077775873401151 0.6511885167318979 0.5102688349487607 0.6946236875771555
6 0.4937623812102174 0.658368855835333 0.4284532137703536 0.6563693033281107 0.4298004047756194 0.6123809515337642 0.49510901782036854 0.6143804955643631
6 0.49770358146975013 0.5937772315116604 0.4969655703476974 0.6164887994187878 0.43652355879453353 0.614524721334352 0.4372616920254586 0.5918132796264352
6 0.5080140014050585 0.5930706531250001 0.44390239682797983 0.5930706531250001 0.4439025350503698 0.56861413125 0.508013861975428 0.56861413125
6 0.4023636221289735 0.5733489294297773 0.40189636995410183 0.5512947090541412 0.525932776013974 0.5486664783124526 0.5264002566805175 0.5707204661730669
6 0.45561878770729436 0.5503831780975802 0.45591716620367606 0.5283554971951767 0.5129805093307596 0.52912829412309 0.5126822354874321 0.5511558720424298
6 0.5247386324774652 0.5054346685233306 0.5247387454053296 0.527853239294824 0.4411149705385924 0.5278533047559366 0.4411150050705146 0.5054348812320604
6 0.5303137211365083 0.503057065625 0.4425086166204437 0.503057065625 0.44250879582057223 0.47724184687499993 0.5303135624432116 0.47724184687499993
6 0.5386759110191406 0.4572008637938478 0.5386760446787093 0.4796195139130938 0.4564459931074225 0.47961969059937204 0.45644599095373906 0.45720117176605074
6 0.4440954864185187 0.4525323776159448 0.4463459549502886 0.4294500703042988 0.5441706931643466 0.4389869316810871 0.5419203916464994 0.4620690847524914
6 0.5379790799181592 0.38654887023405804 0.537979164233434 0.41915761562071646 0.46829264221946687 0.41915759837454525 0.4682926973013082 0.38654899355905376
6 0.47038319254090766 0.3930027454116053 0.47038331748569817 0.3461276520965445 0.5421602525952949 0.3461277815482671 0.5421603170079834 0.39300268644883724
6 0.4686781487365579 0.3494180246969546 0.4707514000737092 0.3026348012625467 0.5349669259002212 0.3054804666262948 0.5328938310366311 0.3522635398253995
6 0.6259994983975048 0.3094287347902768 0.5940286647710309 0.34768886175130403 0.5317067520558112 0.29561288460161783 0.563677500063136 0.257352899832641
6 0.5661729609164468 0.3275990314621476 0.6500904282562487 0.32408564846624 0.6524889044372912 0.38137138860224706 0.5685714379055753 0.3848847607366018
27 0.2816727062138398 0.5737419602209753 0.2813553002004028 0.5504990645017717 0.4173436131738981 0.5486416242722267 0.4176612856152815 0.5718842469279872
27 0.470364753808326 0.5283977493508264 0.4707236267936423 0.5507555876827802 0.3256386275655814 0.5530829740579365 0.32528002582751014 0.5307253971366249
27 0.3436584213786773 0.5299019370885422 0.34331589337693913 0.510924006237634 0.4480749950595282 0.5090330269330673 0.44841767764103224 0.5280108004574765
27 0.45925100779174954 0.4764427816164837 0.45844644134342616 0.4974921075553581 0.34868395802470786 0.4932963764183907 0.3494886883760273 0.47224721922851975
27 0.470383291618532 0.45754046429414663 0.46937244226603525 0.47558433558947083 0.3666350334251547 0.4698286833999708 0.3676460061360558 0.45178494144326686
27 0.32459813432421925 0.44646734476567795 0.32641084176145796 0.42043843592076685 0.461045906913796 0.42981371712651845 0.4592334484375442 0.4558423906250458
27 0.4871333412436343 0.3054358894332592 0.48680447035246743 0.34864640557881227 0.3642098253108088 0.3477128025937158 0.3645389558378156 0.3045025407799494
43 0.5114980950389736 0.652173729576442 0.5114985361558411 0.6976902288784762 0.3324039712853164 0.6976901645000105 0.33240436793312256 0.6521745151982129
27 0.83671875 0.0875 0.85078125 0.0875 0.85078125 0.09375 0.83671875 0.09375