43 0.49112440413932745 0.6778514876666129 0.48476914515254066 0.7211598259043746 0.3133159030091974 0.6960018927309238 0.3196718042432849 0.6526943462904098
0 0.4035563559406228 0.6959630712929781 0.40047783252953195 0.7402533458203111 0.23236561682131196 0.7285683622989942 0.2354448853179747 0.6842789081085534
57 0.4643128415091269 0.7913410950715029 0.46502280325739775 0.7228835316338446 0.5939913452069732 0.7242200919260278 0.5932824079819738 0.792676657318578
55 0.48141912313258217 0.724484506049746 0.4864835301603989 0.6708853427172061 0.652370429299026 0.6865563894490051 0.6473070623333115 0.7401545813786296
6 0.4525092624580793 0.6724987522448026 0.4640034284569765 0.6252594629996616 0.5292943675904098 0.6411438504110852 0.5178005695565844 0.6883828213451215
6 0.5366796584006579 0.6106514838082231 0.5316877715434885 0.6428927539972694 0.4709085636537793 0.633483231171076 0.47590060255117805 0.6012421493587092
6 0.5378684768577386 0.332652388511636 0.5393799438019187 0.3699261584569813 0.460776968899836 0.37311319760505346 0.4592656652940832 0.33583958644608275
6 0.5130813392197524 0.29313996561106626 0.513081441135455 0.340523356203501 0.4374999491926701 0.3405233101751757 0.437500020198172 0.2931400941541903
6 0.476017440625 0.240099009375 0.5595930234375001 0.240099009375 0.5595930234375001 0.29066477968750004 0.476017440625 0.29066477968750004
39 0.25903204651717715 0.2868208490119301 0.25477406459026497 0.2397816778554516 0.3976043917932657 0.22685272313285665 0.40186261155668035 0.27389162209544193
38 0.3172483473927059 0.3120933483059836 0.3126298636118463 0.2659252282068442 0.4818593907182276 0.24899613256482334 0.4864781733306245 0.29516391051900853
41 0.6357553128794962 0.21495533727672037 0.6453442661272675 0.2697747664813463 0.48147453902538473 0.2984373145615017 0.47188598560921946 0.2436182322231832
27 0.88203125 0.053125 0.89765625 0.053125 0.89765625 0.059375 0.88203125 0.059375