57 0.33298367834038345 0.614294522506103 0.26683162437177543 0.6207428281055438 0.2568950594809394 0.5188088978245631 0.3230459441073208 0.5123606498715548
55 0.3243885875 0.522648084375 0.3716032609375 0.522648084375 0.3716032609375 0.6857142859375001 0.3243885875 0.6857142859375001
0 0.33034251974856943 0.47956601022896594 0.2911938037435675 0.47613136552980956 0.3036098478611393 0.334624799865385 0.34275784903786644 0.33805941215746166
43 0.36945012515968756 0.5083105024262407 0.3294904152927529 0.5070932347063246 0.3344935722518585 0.3428788312640297 0.374452393394904 0.3440960850499731
6 0.4147419813310762 0.5205574921875 0.36888575772661625 0.5205574921875 0.3688860024817586 0.452961671875 0.4147417639608193 0.452961671875
6 0.43894121485573123 0.6452422169380885 0.4090868981999165 0.6430037131138989 0.41376656390116295 0.5806021580763073 0.44362053323857253 0.5828406488240889
6 0.3716680902111875 0.5437100633809115 0.4234650599878478 0.5484067994088963 0.4156844509552684 0.6342048200474185 0.3638874859943826 0.6295081203176381
6 0.5640356272799636 0.4546173383673571 0.5956210120535843 0.45376208133837914 0.5978759417814672 0.5370325487039163 0.5662905572147565 0.5378878003146538
6 0.6345110408765322 0.524738675 0.5876357578885063 0.524738675 0.5876360135471259 0.44599303125 0.6345107461758062 0.44599303125
6 0.6301329600719328 0.43910379468732813 0.67435534548531 0.43694840556108994 0.6780981840788627 0.5137355974847555 0.6338757995506512 0.5158909745832634
39 0.6565923438854497 0.36513303601316566 0.6941183630592604 0.36017293583074966 0.7086236420364003 0.4699082199550998 0.671097630158215 0.4748682848289747
38 0.6340621995644824 0.33997875979168396 0.6785792964556094 0.3405651824405659 0.6762673946653877 0.5160594654275484 0.6317502977747154 0.5154730495710674
40 0.7357335159936156 0.5226479106302321 0.7357337882751835 0.6264809597434329 0.6752716299517942 0.6264807263378456 0.6752719092763755 0.5226482344277168
41 0.6918549670584753 0.6843555794212817 0.6383596455297038 0.6889230204965026 0.6245889413439727 0.5276441371826729 0.6780826576675736 0.5230767654203208
27 0.89609375 0.86484375 0.90390625 0.86484375 0.90390625 0.87734375 0.89609375 0.87734375