40 0.7528569825147997 0.7140709287689623 0.7001327731104539 0.7146138121550567 0.6983045233982921 0.5369847579278589 0.7510269689289544 0.5364418835524964
43 0.36480989395624874 0.555400696875 0.32235039140300614 0.555400696875 0.322350939847297 0.3797909421874999 0.36480934478129257 0.3797909421874999
0 0.3232664329052568 0.5523470775956583 0.2795284326750789 0.5529853403119243 0.27665297228884356 0.35590398735088924 0.320389751738162 0.35526573368104336
38 0.6490764310926807 0.35732743937182443 0.6894008085957921 0.3532851057598854 0.7090798817433779 0.5495828701046801 0.6687555130266674 0.5536251481981977
39 0.7280319591227453 0.4633174917378754 0.682209252533994 0.4645582884601833 0.6776455436137212 0.29601316193580113 0.723467336316503 0.2947723777821943
41 0.7080190321001965 0.7458207075894552 0.6582354325139477 0.7483306807635607 0.6484606340466144 0.5544616707827684 0.6982423391450538 0.5519517451924728
55 0.3511590115596164 0.7572541667450001 0.30065571977809213 0.7554960400224338 0.30756648800661424 0.5570357395655473 0.3580678521365144 0.5587938336097069
57 0.23073110796315177 0.5703813658137609 0.3078184234888113 0.5635503941418805 0.3171885435906461 0.6692801031907325 0.2401012362252004 0.6761110063360204
6 0.3549875042566555 0.49215987920469995 0.4059520018006424 0.4838799924212677 0.41865216446581144 0.5620459203208673 0.3676876792122812 0.5703257544793852
6 0.4777280310994456 0.5940160442628138 0.4556250982512893 0.5922206055278004 0.46133067437881436 0.5219902188423107 0.4834333453121644 0.5237856469263651
6 0.6226221909488459 0.5700348858697453 0.6226223415002323 0.49686399746024307 0.668138548758634 0.4968641431332382 0.668138668974052 0.5700347607125364
6 0.36095441150519036 0.5600281565490208 0.41858651456459484 0.5717318225493009 0.4046131311904446 0.6405331938508346 0.3469810507646116 0.6288296030913223
27 0.4708977357792037 0.39129798109147645 0.4914738909121752 0.3928023033968986 0.48148994813220725 0.5293546030511534 0.4609137945508337 0.5278502952470377
27 0.9578125 0.87578125 0.9765625 0.87578125 0.9765625 0.89609375 0.9578125 0.89609375