43 0.3369993081648772 0.5627384103255331 0.29176691799034415 0.559599049065369 0.30444663955313445 0.37693139178030766 0.3496778028037397 0.3800707092487977
0 0.3125329078682171 0.4912869340711769 0.27307026395169487 0.49277216217933945 0.26678135759470933 0.3256716426727275 0.306243164846137 0.3241864305292219
38 0.6678247238539825 0.3985868451285811 0.7168699846743039 0.3942656937753496 0.7330257334911039 0.5776220139398023 0.683980480507671 0.581943106116877
39 0.7018650800021078 0.35252407735238867 0.7484503120376758 0.34658285695329416 0.7718977565582463 0.5304248231388918 0.7253125389645447 0.5363659690585066
41 0.7795385375771957 0.7402623513522149 0.7256010521884946 0.7468132713769969 0.7019845795946367 0.5523816142340079 0.75592002384019 0.5458308188404302
40 0.7531779656250001 0.5494186046875 0.8004943499999999 0.5494186046875 0.8004943499999999 0.7005813953125 0.7531779656250001 0.7005813953125
55 0.275454869758164 0.5452962765082829 0.33360985849014924 0.555083106679655 0.3026967491942969 0.7387522187900929 0.24454180343605003 0.7289655664732879
57 0.2501713859916208 0.5557646158413161 0.3068304843701526 0.5908380934358184 0.2465592800642753 0.6881908889211257 0.18990046827514107 0.6531177904663824
27 0.32516958214239366 0.6428277090097805 0.3681421042593911 0.650879895357646 0.3426994201369098 0.7866408362288801 0.29972693165018427 0.7785887709689694
6 0.3642364466024901 0.6626322266319288 0.3055504594060494 0.6306657149474189 0.3367553018409808 0.5733854787189911 0.3954407123430883 0.6053517966660433
6 0.34635299830745225 0.4943857054417814 0.4024163391247839 0.5070965327390422 0.3839398431588279 0.5885832324499572 0.32787653203888567 0.5758724929169601
6 0.680084746875 0.493459303125 0.7291666671875 0.493459303125 0.7291666671875 0.5828488375 0.680084746875 0.5828488375
27 0.6665347822500962 0.40094062931015517 0.7059488147806405 0.3955926969161196 0.7212642459263634 0.5084602565281123 0.6818502216020761 0.5138081473678282
6 0.7655366483390935 0.45058135119358833 0.7655367934654578 0.5356105313819253 0.7217513190691989 0.535610417118746 0.7217514545754966 0.4505815203948228
6 0.708686440625 0.5479651171875 0.7612994343749999 0.5479651171875 0.7612994343749999 0.64462209375 0.708686440625 0.64462209375
6 0.2744118072398578 0.54435313216026 0.333206246316081 0.552514231420913 0.3207369910546731 0.6423362273923964 0.2619425657650254 0.6341751951202367
6 0.6516315404707029 0.6047650706953991 0.7072543349552234 0.5897525792411507 0.7250956792387342 0.6558488610169209 0.6694729235750856 0.6708612535938284
6 0.6630935688908721 0.6826837016125655 0.6276462946319725 0.6811862468218687 0.6301348205071235 0.6222908389674711 0.6655816825848433 0.6237882850771788
6 0.654307909375 0.526162790625 0.688559321875 0.526162790625 0.688559321875 0.5959302328125 0.654307909375 0.5959302328125
27 0.95546875 0.91640625 0.96484375 0.91640625 0.96484375 0.93046875 0.95546875 0.93046875