43 0.34358132071236014 0.5887989505399921 0.3005909883155482 0.5891004353993999 0.2994518717622441 0.426584252238947 0.34244113566319356 0.42628277109811497
0 0.27492767519083827 0.3501040120991821 0.31527484542607453 0.34693216881041733 0.3259425378286096 0.4826229289190249 0.28559537095486576 0.48579474447297327
38 0.6567823335208232 0.41026448118817105 0.6993898697296572 0.40765446618995277 0.70946152210945 0.5720592645859143 0.666853988997218 0.5746692472487652
39 0.661288723872758 0.3708550097551676 0.7142250155573038 0.35623425698914707 0.7485791199868572 0.48061138877370396 0.6956428786222659 0.49523201906408537
41 0.7349050845765532 0.7204398203026334 0.6799589578722589 0.7322438238850306 0.6477538557610387 0.5823497843450351 0.7026983965918134 0.5705459550809041
40 0.7611411304343392 0.6763206801220486 0.7083230373267497 0.6775950543983308 0.7049252795965231 0.5367547790347436 0.7577419849268381 0.535480421615334
55 0.3057364724427316 0.5808366239445893 0.35677929063024294 0.5902541752064603 0.3283071126023742 0.7445528464968798 0.2772643346758059 0.7351354436177359
57 0.2380423709188335 0.6689753333583685 0.23245486922326108 0.5627558149367136 0.29823283007374357 0.559296205095992 0.30382095191555436 0.6655150642314228
27 0.740242660961826 0.717463753888422 0.694857615502201 0.7318669498930637 0.6632143019922978 0.6321705387940629 0.7085984453149194 0.6177674966527422
27 0.3642348729825926 0.7780768137884841 0.32422306628461683 0.7698373678794205 0.348180416561263 0.6535190377021746 0.38819122322320254 0.6617583775686622
6 0.3310917760989014 0.6422680508465379 0.3557139645040479 0.5982681209320405 0.41363708777521424 0.63067777748428 0.3890152260046307 0.6746774258565245
6 0.28568975857672285 0.5709530429641348 0.3091113854733294 0.5171392499316945 0.4188882876575235 0.5649132827588522 0.3954673196931253 0.6187265157109065
6 0.7007203229351262 0.50938075898544 0.7251597202974835 0.5592945989318148 0.6154198434331875 0.6130208488588291 0.5909810603976666 0.5631075332799047
6 0.697677254091218 0.5687944110865033 0.7238240335453838 0.6157128694411996 0.6696421824834715 0.6459036688091825 0.643495714567166 0.5989854792370993
6 0.30323242622955604 0.5807795108550697 0.35336743646337254 0.5856664498523464 0.3464484895919213 0.6566396877979667 0.2963134843374746 0.6517527816928148
6 0.6528428005551632 0.5931745721954353 0.6741740871819957 0.6478913828583402 0.620276136626785 0.6689005523508711 0.5989452091325802 0.6141840461001502
27 0.94296875 0.8765625 0.95234375 0.8765625 0.95234375 0.8984375 0.94296875 0.8984375