43 0.3477885985470266 0.5028197312366158 0.3057172501385139 0.5019281817696224 0.3093499085101712 0.3305405965544396 0.35142033659826666 0.3314321362294934
0 0.3116856474432552 0.4576427616368331 0.27188055443616577 0.45189423546080676 0.29248699156016755 0.30921686539238125 0.33229140476385055 0.3149653407540741
38 0.6553803942126706 0.3125165709875414 0.7043487896455645 0.311345162546757 0.709101769137078 0.5100246332148901 0.6601333744297335 0.5111960268656331
39 0.6624857328725966 0.28684384153821496 0.7138439550236626 0.2774565742976041 0.7380074823793166 0.40965208910559964 0.6866492787258949 0.419039289478859
41 0.7288597884280534 0.6832899557568375 0.6726510906310068 0.6935860943804998 0.6410751205579572 0.5212218468310735 0.697282081833805 0.5109258697444929
40 0.7057835981344169 0.5125860562243025 0.7843037943019908 0.5212836810316872 0.7720951442000796 0.6314899800710047 0.6935749615316809 0.6227924395629897
55 0.31832579567821995 0.5053434240050161 0.36916173908468863 0.5133593582409077 0.34325415495231937 0.6776451319546988 0.2924182388561576 0.6696293175550596
57 0.2954261430227234 0.5008774128625326 0.3506320049968963 0.54351384926748 0.281170067310768 0.6334443291549584 0.2259645722198229 0.5908083110845551
27 0.6569826466636641 0.5826088999870124 0.7050269364096948 0.5701206101988374 0.7341779286797419 0.6822558606704703 0.686133691865507 0.6947440112434881
27 0.6505407109040107 0.3100079636511545 0.6904487041454104 0.3069481738168636 0.7007577954190083 0.44140150747731777 0.6608498050459275 0.44446127368310323
6 0.6603260875 0.4341463421875 0.7075407609375 0.4341463421875 0.7075407609375 0.5114982578125 0.6603260875 0.5114982578125
27 0.9046875 0.85859375 0.915625 0.85859375 0.915625 0.87265625 0.9046875 0.87265625