38 0.6337972368252167 0.3692751305650343 0.6784710092838395 0.35974903631636845 0.7151385113780862 0.5316960229915498 0.6704647754388589 0.5412220016669047
39 0.7177904689175421 0.42503330467885414 0.670791377170417 0.42711584000972536 0.6654780292176383 0.3072001697433427 0.7124764928428249 0.30511764834438815
40 0.7957084592331967 0.6695029052715503 0.7342840794156018 0.6958604596043693 0.6784666369396746 0.5657957489076247 0.7398895917051505 0.5394385432012929
41 0.7141103996140146 0.7000363468220973 0.6609071757376341 0.703700375111824 0.6495775981773022 0.5391970658876941 0.7027792047683761 0.535533092728947
57 0.21709056921213232 0.5218410362934526 0.2802236237140505 0.5155060391111065 0.2917573351850251 0.6304371794857743 0.22862429032466025 0.6367721122530099
55 0.28650173402400014 0.5003569821172791 0.3375556031828637 0.5034416236985122 0.3284254336531376 0.6545404475379366 0.277371568028002 0.6514558470845138
0 0.30908131345711354 0.4316981077148537 0.27070152257704194 0.4292038817227362 0.27968724341360485 0.2909478245460474 0.318066449502453 0.29344203144142095
43 0.3310769771243258 0.500176002310296 0.2879760614761153 0.49520051553710764 0.3070470256915314 0.3300101665782062 0.35014701137538395 0.3349855978671824
6 0.33217116773937505 0.49994975837189065 0.2896899988164705 0.49797782932707024 0.2935215368607942 0.4154464907631343 0.336002215512508 0.41741840838326877
6 0.37567944269665077 0.5351916375 0.32948353545464215 0.5351916375 0.32948383682457916 0.45505226562500006 0.37567918643014764 0.45505226562500006
6 0.3504746616919192 0.530723452193989 0.3227961970231945 0.575955711210045 0.2665147146124127 0.5415188664943118 0.29419315843631466 0.4962868540673432
6 0.330320815123855 0.533735015336638 0.38381462087716045 0.5395288190514342 0.37620506426480915 0.6097805060060829 0.32271126448404175 0.6039867380071071
6 0.5781250771847226 0.652961671875 0.5455162073311612 0.652961671875 0.5455164275409743 0.5867595828125001 0.5781248891712494 0.5867595828125001
6 0.573369565625 0.5777003484375001 0.6080163046875 0.5777003484375001 0.6080163046875 0.639024390625 0.573369565625 0.639024390625
6 0.596710608438002 0.5718624276107803 0.6542995068597293 0.5585672339219868 0.6704341530102056 0.6284480338893699 0.6128452839408283 0.6417431404122439
6 0.6713891136114398 0.5563859908493584 0.6207717669349222 0.560497731792342 0.6148366407014692 0.4874363268882482 0.6654533976743551 0.4833246100879205
6 0.656376202895899 0.4488410774218684 0.703344262069777 0.4467599685944465 0.7072771167106566 0.5355134098679805 0.6603090583989797 0.5375945048581506
6 0.6592164988921922 0.6074318152917666 0.6387672033116587 0.5534454031523304 0.6969078983107693 0.5314247143555161 0.7173573171186263 0.5854108344879817
27 0.9484375 0.8984375 0.9546875 0.8984375 0.9546875 0.90625 0.9484375 0.90625