43 0.5678426460302717 0.3123126675107558 0.5745061226562029 0.2677378493170872 0.7478889668827833 0.29365569155252047 0.7412258950773776 0.3382301427263498
57 0.4663455034234403 0.2860352071587149 0.4595065287211355 0.2336537821281347 0.5760191875023111 0.2184419038120684 0.5828583617015966 0.27082309258068415
55 0.5731852090493703 0.2698339113447458 0.570278988755831 0.32349606142513315 0.4185315636430005 0.31527739239924235 0.421438124067663 0.26161561921671506
6 0.5372822312500001 0.315217390625 0.6278745640625 0.315217390625 0.6278745640625 0.362092390625 0.5372822312500001 0.362092390625
6 0.5381567478590341 0.3227421512840103 0.5227454884550298 0.3754361098731547 0.4576227538251487 0.3563903440920833 0.4730341213629572 0.3036965720311285
6 0.5268605556133252 0.6001934846849087 0.5465973115498173 0.6609223801249764 0.47781959485462266 0.6832716777193136 0.4580833430435405 0.6225432107712153
6 0.5242554859347592 0.6197482365061611 0.5205814243329314 0.5820627587240395 0.6002914431957151 0.5742922999375396 0.6039657486883243 0.6119775027530959
6 0.5505224704976399 0.6834239686342868 0.5505227186044976 0.6324726622931471 0.6362367975077632 0.6324730190365925 0.6362369876662797 0.6834238826853215
40 0.5717819955956429 0.7218974937180999 0.5678184243258784 0.7878544208539159 0.4665519690064457 0.7817690467920017 0.4705162542426251 0.7158128817443907
38 0.7563244892793364 0.6666893497939405 0.7610820558596743 0.715479013042071 0.5880820333294423 0.7323437597416386 0.5833254433408683 0.6835549900401894
41 0.4180066804943863 0.7300111659643702 0.4146882470917035 0.667447901353644 0.5719166633581381 0.6591085638725298 0.5752360802867997 0.7216707961573605
27 0.09140625 0.94453125 0.11328125 0.94453125 0.11328125 0.94921875 0.09140625 0.94921875