6 0.6730250841599172 0.553904319401033 0.6291074178084273 0.5560448318201731 0.6262803540075765 0.49804183990871215 0.6701976134746701 0.49590133740645914
27 0.6352917068600163 0.376835373104846 0.6688056015941584 0.3773938244330622 0.666666069609505 0.5057849262825483 0.6331521749999638 0.5052264796875001
27 0.6061061218010764 0.6291727312090453 0.629341045911815 0.6229628950123609 0.655733867540107 0.7217018858677879 0.6324989688075675 0.7279116565731157
27 0.742244997835769 0.6772177515402291 0.6953128754543059 0.6911827075517635 0.6582320539758939 0.5665780126545881 0.7051630437499625 0.5526132406250107
6 0.5893679691898797 0.5786046826690688 0.6249990217399954 0.5728160906186848 0.6343558711422475 0.6304049292287828 0.5987248261066043 0.636193490144336
6 0.6234102602735447 0.5715187360032793 0.6626003624116947 0.5645731285631425 0.6755562324531184 0.6376678566712073 0.6363661426245244 0.644613416609433
6 0.6905151844634929 0.5297442157992308 0.7187049220835888 0.5514980406939158 0.674307501383737 0.6090247886554753 0.6461178848909412 0.5872711006942807
6 0.3257472828125 0.48362369374999997 0.373980978125 0.48362369374999997 0.373980978125 0.5463414625 0.3257472828125 0.5463414625
6 0.278572422520142 0.5520212896550559 0.3062421341960544 0.5191497846989191 0.35948179375770906 0.5639603803580643 0.331812289083814 0.596831691123443
6 0.3387308682431467 0.5578511473301885 0.38969950526643515 0.5610564583001748 0.3844430194903907 0.6446325079468834 0.333474384889314 0.6414272216068375
6 0.38755728769092457 0.5681298242468023 0.4224290417001839 0.5701293298529045 0.4184777633373642 0.639032933419301 0.38360601034037245 0.6370334404777905
6 0.42190700495484634 0.5751814153355386 0.45196980352488936 0.5785114111198287 0.44558431016923805 0.6361525552542416 0.41552151460393816 0.6328225772923566
27 0.33035322120656474 0.35277343487537355 0.3694314336671596 0.352532334388768 0.37026175078165124 0.48710581236429673 0.3311835383331072 0.48734691080886383
27 0.38952248747023077 0.6213435381116585 0.4134917849261228 0.6245406544545826 0.39952474876474753 0.7292396128242851 0.37555545817838265 0.726042531384011
27 0.2924592005311979 0.5498257751300343 0.3404226110774289 0.5593888340934723 0.3139387198119721 0.6922032794244467 0.2659753444370381 0.6826403438982085
0 0.30814059896681556 0.4175848245594431 0.26106699826243585 0.4171959372105517 0.26241545091352236 0.2540342382012719 0.30948826915096106 0.2544231223265223
43 0.3290125541694806 0.5195645564321166 0.2822962198947607 0.5183289931567672 0.286999665715598 0.34052843577936304 0.33371489703813495 0.34176398432755406
57 0.26469487896997634 0.4982736354126431 0.32140937174324336 0.5265229505662368 0.2651979154501305 0.6393643206089672 0.20848362215588168 0.6111153125616835
55 0.2967650047447705 0.5219337516826841 0.34780057781506457 0.5317325062422977 0.3167967220508672 0.6931949450469372 0.2657611910074138 0.6833963392831945
41 0.7420947069757631 0.6780571028916945 0.6916702994902835 0.6921936354790643 0.6512631563271043 0.5480777310830974 0.7016862411902594 0.5339413942391853
27 0.94375 0.86015625 0.95 0.86015625 0.95 0.87421875 0.94375 0.87421875