6 0.3853031213217264 0.5005080081441442 0.41763005192331093 0.5026565337183353 0.4130823526194263 0.5710758966716664 0.38075542324065736 0.5689273830681222
6 0.3090686924787178 0.552189802034292 0.3616707763053455 0.5588365094152379 0.35155876475607784 0.638854599498096 0.29895668988808666 0.6322079407482147
6 0.3925477717001513 0.615305699171322 0.4228055336500347 0.6128479057683417 0.42807324364423494 0.6776903518896479 0.3978154836390786 0.6801481295308718
6 0.34977371422337455 0.6543759326967553 0.35566868780563254 0.5825529054641776 0.40595171754603143 0.5866795221162584 0.4000571104561459 0.6585022085777884
57 0.2631614538121312 0.5886535350233213 0.30703868784507904 0.5868205893524814 0.31258688970376625 0.7196173560858511 0.26870965714215345 0.7214502773134467
55 0.3097651475152361 0.552756478211833 0.3588830095711728 0.5587412720073796 0.340030832855291 0.7134455549194728 0.29091298799426113 0.7074608500235475
6 0.5866911013699792 0.5534061504383511 0.5484241085528083 0.5558929424076676 0.5430255246888009 0.47282182626188585 0.5812920220442948 0.470335050421858
6 0.6145501572685816 0.5481032089552533 0.5756203376380427 0.5471045699600962 0.5774388574523073 0.47622791916240437 0.6163682489755047 0.47722655268351133
6 0.6052989125 0.46829268281249997 0.655910325 0.46829268281249997 0.655910325 0.5428571421874999 0.6052989125 0.5428571421874999
6 0.651154890625 0.455052265625 0.7024456531250001 0.455052265625 0.7024456531250001 0.5317073171875 0.651154890625 0.5317073171875
6 0.6128261700780513 0.5750242715941185 0.67567974512815 0.5443908968612229 0.7077060785844651 0.6100959015663966 0.6448526333477957 0.6407290745155604
6 0.6317202858976998 0.5678888466874779 0.6434707111610578 0.6349738028670259 0.5862656832151742 0.644992212871856 0.5745156650230001 0.5779076175836565
6 0.5565873139038331 0.5950976348258582 0.5920519427653517 0.5916407208237587 0.5986502264271394 0.6593249233097569 0.5631856008111527 0.6627818148554153
39 0.6686291990355357 0.33510118587288407 0.7201381802051401 0.31797284466874703 0.7561567961579385 0.4262849871513107 0.7046478703127832 0.44341321421960894
38 0.7027855067686914 0.5310104531250001 0.6535324760365029 0.5310104531250001 0.6535329048787162 0.36515679531249995 0.7027847975789427 0.36515679531249995
41 0.6932404890864063 0.7051091926051852 0.6313078123666855 0.707361761315089 0.6256100628542072 0.5507004676929919 0.6875409385230569 0.5484479311122207
27 0.9453125 0.8953125 0.9515625 0.8953125 0.9515625 0.909375 0.9453125 0.909375