43 0.32240896791074647 0.5460519623500035 0.27643386946238024 0.541406368330336 0.2960731138260826 0.34706755220329377 0.3420469606617189 0.3517130811676932
0 0.27063764843921945 0.3147648390126073 0.30917709335130894 0.3140423565622132 0.3118127793320582 0.4546321470938036 0.2732733346231271 0.45535462357600065
57 0.2924585667669817 0.6622259703333505 0.23480471104494427 0.6646812418846462 0.23030393131261917 0.5589929899522319 0.28795665046504837 0.5565377426845903
55 0.2877038046875 0.5644599296874999 0.33525815312499996 0.5644599296874999 0.33525815312499996 0.724738675 0.2877038046875 0.724738675
40 0.7168587294397639 0.5364487353910973 0.7800742747856475 0.5415233073211889 0.7712783716009426 0.6510853174696487 0.7080628312889985 0.6460107959951479
41 0.66202445625 0.5526132406250001 0.7143342390625 0.5526132406250001 0.7143342390625 0.7087108015625 0.66202445625 0.7087108015625
39 0.7309783746279663 0.44668989375000007 0.6902172790016721 0.44668989375000007 0.6902176386745396 0.28501742187499995 0.7309779749915606 0.28501742187499995
38 0.6562550660067927 0.37262741785011766 0.7022555056356623 0.36651269531430325 0.724004578183667 0.5301194398651042 0.6780041528883203 0.5362340926203811
6 0.4966970652233158 0.6022825142840442 0.4696483102690081 0.6031330365798502 0.46765957175000494 0.539887744635051 0.4947080273962001 0.5390372270670211
27 0.4942255585772273 0.5512195125 0.4690896691664648 0.5512195125 0.46908989783639754 0.41463414687500005 0.4942252943856147 0.41463414687500005
27 0.94765625 0.8796875 0.96171875 0.8796875 0.96171875 0.9015625 0.94765625 0.9015625