43 0.4961043719430336 0.6634563813553673 0.49276044213843306 0.704239022122186 0.32995244110952626 0.6908899936100615 0.33329699308330873 0.6501080419077457
38 0.33175036143950365 0.35710712671946715 0.3281090093290686 0.31228265589151477 0.5053363424964346 0.2978851445523272 0.5089780574088536 0.3427092348242913
39 0.3471343586502371 0.32118318169299304 0.3403487063890225 0.277371512898669 0.48825799495045885 0.25446323951695393 0.495043880531739 0.29827461656879145
41 0.685078599798203 0.26087853968629116 0.6968013877441308 0.31407695146581094 0.528907261388099 0.35107214580436075 0.5171849622633999 0.29787415893470176
40 0.6254771883317289 0.2048657706255836 0.6495332185684219 0.26088598386940903 0.5272471862466546 0.3133961360507569 0.5031915010533794 0.25737621500518554
55 0.514684602657212 0.6726163073333367 0.5233804599927225 0.6251549407346904 0.7027873077901177 0.658020639901529 0.6940924490786529 0.7054811180847658
57 0.6168957369483223 0.678822076576464 0.6233934995419759 0.7357679262666954 0.5349955045902561 0.7458522874540047 0.5284983441923714 0.6889069900715026
27 0.4933797312817205 0.5081521219528569 0.4933799187388104 0.5326086887671178 0.3505226093531064 0.5326087371647065 0.35052269906771016 0.5081524443843265
27 0.3579423679643696 0.5121249732568095 0.3570597116973886 0.4903932170908021 0.48825376198203685 0.48506447214620096 0.48913662560801185 0.5067960124155749
27 0.3599610217669351 0.43541849634537744 0.3611449356005778 0.4077348345576372 0.4686139498560351 0.4123303102649874 0.467430236102814 0.44001377964850197
27 0.468989491083903 0.38552987269476113 0.46898957888322457 0.41100547011569794 0.36794423054641356 0.41100541621737935 0.36794429887822844 0.38552997429413666
27 0.5917453886675048 0.6368400630272084 0.5994148935453723 0.5976719857896202 0.725777521844293 0.6224116814431707 0.7181085678853378 0.6615792748518171
27 0.6394922475213889 0.4849119725060663 0.6400202700124282 0.47114286396139243 0.7397205640927496 0.47496561900292267 0.7391926455829889 0.48873462735047607
6 0.5739432535895048 0.5081751110353174 0.5724452491522243 0.535834064590211 0.48436514910952155 0.5310636503163457 0.485863335044769 0.5034048894485375
6 0.5756097048702031 0.4840352764450505 0.5756097959762201 0.5091712117705486 0.48710797199669287 0.5091711668856556 0.4871080491302564 0.48403540029609915
6 0.46968641250000004 0.41202445625 0.544250871875 0.41202445625 0.544250871875 0.44870923906250004 0.46968641250000004 0.44870923906250004
6 0.5442508412587586 0.38247277675156066 0.5442509279930619 0.4184782857742312 0.4745644300269305 0.41847823937969325 0.47456449623325625 0.3824728839260533
6 0.5269996677814106 0.3934639058400756 0.4581886129863051 0.38603417492373365 0.46355402154085823 0.33634607392449656 0.5323646995690297 0.34377578438715056
6 0.44246779795912516 0.306981578541741 0.4997977767075099 0.29150622758857536 0.5129328410708922 0.3401649294477748 0.4556028768839724 0.35564024202433564
6 0.596384723065853 0.2866646861985795 0.6032523467433748 0.3373842472220955 0.5230692555538781 0.3482407626611667 0.5162018521000391 0.29752140147357875
6 0.5649654561017314 0.3928378482758095 0.5500682722326928 0.3408831266392439 0.6184560135561696 0.3212747455741862 0.6333533177813706 0.37322926852771604
6 0.6174218024706306 0.637567934375 0.5477351077931871 0.637567934375 0.5477354336479721 0.5903532609375002 0.617421513835211 0.5903532609375002
6 0.5138211687922194 0.6756341169032933 0.5183946122873522 0.6287291615838498 0.5949537394054687 0.6361929364554119 0.5903806866582499 0.683097531465065
27 0.8625 0.0453125 0.875 0.0453125 0.875 0.05 0.8625 0.05