43 0.3365428085314761 0.4961042983000228 0.29576056554765273 0.4927604235388867 0.30911100837602135 0.32995273875386466 0.3498924011704503 0.333296578032373
38 0.6428930890360789 0.33175029909121523 0.6877173023306113 0.3281090451512127 0.7021149383905367 0.5053367093170905 0.6572907298796054 0.5089779214349553
39 0.6788167608601725 0.34713428146825026 0.7226282326502087 0.34034892078605034 0.7455370037051807 0.4882582821597239 0.7017255475097954 0.49504357817065137
41 0.7391219991518483 0.6850795217248541 0.6859223848009606 0.6968005852733238 0.6489279687878025 0.5289062183168549 0.7021259427100404 0.5171853426709184
40 0.7951356845010196 0.6254790093162362 0.7391138740343877 0.6495327363735726 0.6866032210805315 0.5272453285105777 0.7426238957161786 0.5031918791442818
55 0.32738300032758616 0.5146850837444099 0.37484450838041994 0.5233778775388138 0.3419815361523888 0.7027864658961666 0.29452006740962133 0.694093817978973
57 0.32117793433189945 0.6168961150474567 0.26423176864784637 0.6233918574829033 0.2541478107787043 0.5349942738277136 0.31109308574616534 0.5284985830785021
27 0.49184786675152736 0.49337979062500004 0.46739118472214614 0.49337979062500004 0.46739137836641476 0.35052264843750014 0.49184762220841094 0.35052264843750014
27 0.4878750158006824 0.3579423799077053 0.5096066010473805 0.35705970813958293 0.5149355826187048 0.4882538156456763 0.49320399781902324 0.4891364799326908
27 0.564581405533886 0.35996109878920884 0.5922648755139335 0.36114470483137434 0.5876698081648328 0.4686138553558569 0.559986338676481 0.4674302573522293
27 0.6144701393880041 0.4689895468749999 0.5889944516953847 0.4689895468749999 0.5889946168930464 0.36794425000000003 0.6144699782083762 0.36794425000000003
27 0.36315974196543266 0.5917455438459528 0.4023277957917344 0.5994125525263374 0.3775891802924889 0.7257774042144538 0.33842115537640893 0.7181104944312787
27 0.5150879917478051 0.6394923445625523 0.5288569976451072 0.6400201367662852 0.5250347589774265 0.7397204918180189 0.5112657534072014 0.7391927051416434
6 0.4918249035130202 0.5739431403117515 0.46416588566398786 0.5724452851968848 0.4689364537152869 0.48436530141254985 0.4965950777428816 0.48586314581381496
6 0.51596474639598 0.57560975625 0.49082873226791435 0.57560975625 0.49082891621276303 0.4871080140625 0.5159645686068188 0.4871080140625
6 0.5512907609375 0.46968641250000004 0.58797554375 0.46968641250000004 0.58797554375 0.544250871875 0.5512907609375 0.544250871875
6 0.6175272609615376 0.544250871875 0.5815216242508541 0.544250871875 0.5815218292711961 0.4745644593749999 0.6175270740907308 0.4745644593749999
6 0.6065356001380451 0.5269994780006237 0.6139664809569467 0.4581886567071959 0.6636545151011433 0.4635541272098219 0.6562239180250344 0.5323646875371575
6 0.6930178223412895 0.4424678976176132 0.708494739241587 0.4997975983778666 0.6598353889912687 0.5129327120178073 0.6443587176254368 0.4556032224514673
6 0.7133356046624613 0.5963854879254451 0.6626156731025503 0.6032521894054769 0.6517593147182197 0.5230686768433868 0.7024785507508113 0.5162020233324547
6 0.6071618497094278 0.5649639893591151 0.6591170546496414 0.5500687636241304 0.6787257323455833 0.618457686855135 0.6267705663408378 0.6333528169712989
6 0.36243191979519906 0.617421655628455 0.36243216042942095 0.5477351371672148 0.4096467151418892 0.5477353527069432 0.40964676681790024 0.6174215784618844
6 0.3243659036805866 0.5138214932010503 0.37127073002557154 0.5183936728012435 0.3638071777653522 0.5949533655139211 0.31690235560188285 0.5903812156650111
27 0.95 0.8625 0.9546875 0.8625 0.9546875 0.875 0.95 0.875