43 0.3291978637230386 0.506806466239584 0.2863137729934806 0.5042230891798688 0.2967485077458605 0.3310255739726869 0.3396316648170341 0.3336089230932398
0 0.3000080012164972 0.45587431570469517 0.24479992218573443 0.4518379801679679 0.25591555849098313 0.2998169116466335 0.31112265556714647 0.3038532107016922
38 0.7101548657750527 0.5029837840339243 0.665889999178944 0.5083774579129617 0.6457296056755695 0.3429311788264206 0.689993510386671 0.3375375650814994
39 0.6814765927219923 0.326414347103085 0.7299680041419379 0.31871305187641585 0.7562940075730467 0.48446790283355073 0.7078026164309676 0.49216911761417453
41 0.7193413486013469 0.6585569038632721 0.6649980698948639 0.6631737393155805 0.6505507537268613 0.49312545364832183 0.7048924283222959 0.48850868628060434
40 0.7005103538602953 0.47322011858299884 0.7742612656103347 0.4704118845571724 0.7785299684900338 0.5825091562004934 0.704779058237591 0.5853173648400819
55 0.3141339409920647 0.49972149917246206 0.36079950767566515 0.5079175521242107 0.3336455084189538 0.6625080552164778 0.2869799701834381 0.65431211660272
57 0.2700599966641448 0.4635036758901653 0.31972559290875324 0.47164586252548774 0.2941401529532186 0.6276982822409964 0.24447458159033886 0.6195562019860629
6 0.3705843602378991 0.5289198609375 0.32778519500891434 0.5289198609375 0.3277854738970518 0.44668989374999996 0.3705841137086736 0.44668989374999996
6 0.594089675 0.47804878124999994 0.625 0.47804878124999994 0.625 0.5463414625 0.594089675 0.5463414625
6 0.34833830989862236 0.5187207425713483 0.3978899706478387 0.520141387674032 0.39564932631458305 0.5982871752906195 0.34609766600624425 0.5968665396420685
27 0.9375 0.86875 0.94375 0.86875 0.94375 0.878125 0.9375 0.878125