43 0.45733704598194436 0.3391249684394399 0.45854002231703817 0.29586672234660616 0.6598987014883733 0.3014657746867307 0.658696164643402 0.3447235629478742
0 0.47313524160063025 0.29341672183852785 0.48379459441775907 0.25013837454457105 0.674156135394469 0.2970224278837399 0.6634972310092735 0.34030037987670547
38 0.6476629975318247 0.6735636821739001 0.6498441531099388 0.7206109767496219 0.4479692074578452 0.7299653603835777 0.4457891067793298 0.6829190509255428
39 0.486296736492136 0.7687999017242195 0.47401929883551475 0.7255493384633804 0.6390366644425285 0.6787129393185968 0.6513145869422488 0.7219626688042697
41 0.2554842646443376 0.7184559697786791 0.2544560966703102 0.6719466547841162 0.42460260421398743 0.6681843494767329 0.4256315906831105 0.714692843482424
40 0.3459302328125 0.7114568593749999 0.4396802328125 0.7114568593749999 0.4396802328125 0.7818246109375 0.3459302328125 0.7818246109375
55 0.42773118786476516 0.3137731238560117 0.42578246867140024 0.36584368098791165 0.25228037928854974 0.3593497650129061 0.25422954133318854 0.30727968153348356
57 0.3477316429742814 0.320679070132674 0.3399961837004639 0.2570866263383162 0.4316249297877448 0.24594102817047647 0.4393606076168908 0.3095332140683449
6 0.5460108137357338 0.2964020500100126 0.5452189678511559 0.3419784447602547 0.4502529439561158 0.34032819654887214 0.45104499649619356 0.29475200864492257
6 0.5352379256547692 0.6800078413726984 0.5361909307044925 0.7269890272772082 0.44675901641289784 0.7288021913568388 0.4458064707404219 0.6818214552874561
6 0.3592343217947018 0.7206524856011578 0.35480278258194176 0.6720820416994492 0.4259476343524966 0.6655916823180065 0.430379501834409 0.7141617597933699
6 0.40116268710232816 0.6181045292034423 0.40116287302066667 0.669731305966386 0.3313952225913681 0.6697312066920017 0.33139539026728926 0.6181047870711754
6 0.3974571386461321 0.4191007073072041 0.33775854554301077 0.4065172409536678 0.3492531725747767 0.3519877648816113 0.40895138517873875 0.3645711896383168
6 0.42966475174534935 0.3141873045103809 0.4270660692700403 0.3675970195208111 0.3559919954675479 0.36413876600664374 0.3585908641455262 0.31072924767972626
27 0.1078125 0.94140625 0.1203125 0.94140625 0.1203125 0.95390625 0.1078125 0.95390625