43 0.3574220721528718 0.48756163381012957 0.31343828893943737 0.486478909270223 0.3175095534203365 0.3211213091928483 0.3614924148029104 0.3222040221662692
38 0.6282421370333395 0.30772975535137226 0.6765006294818932 0.30612144524328605 0.6824506670948267 0.4846486630829674 0.6341921757546061 0.48625695552876974
39 0.723189294432018 0.43357689543409245 0.679883723494072 0.44149223615144145 0.6514576706200614 0.28597577246561423 0.6947624884301149 0.27806050359550516
41 0.6769668536327345 0.7034402765770372 0.6141606153173598 0.7050899365111637 0.6094905556677759 0.527271382429761 0.6722946920551749 0.5256217501911716
40 0.666779890625 0.5421602796875 0.745244565625 0.5421602796875 0.745244565625 0.6599303140624999 0.666779890625 0.6599303140624999
55 0.3158967390625 0.5310104531250001 0.366847825 0.5310104531250001 0.366847825 0.6968641109375 0.3158967390625 0.6968641109375
57 0.3271136297277053 0.6598717785768887 0.2639788818885336 0.6631353037328184 0.2584149741571764 0.5554967924927721 0.3215484538426381 0.5522333003615781
6 0.3627909711082111 0.4179735976648539 0.4122808286797408 0.4245521634460199 0.400429267327695 0.5137045411235414 0.35093941833463305 0.5071260172987825
6 0.5859373658209961 0.5045296665734708 0.5859376352178742 0.42229955835888044 0.6362092316730923 0.42229979128756506 0.6362092537458466 0.5045296067425724
6 0.6192774339875768 0.6029530013839811 0.6007792767355795 0.5328296858810303 0.6643020960531203 0.5160742837967818 0.6828005044880001 0.5861972093799964
6 0.5645342575701306 0.6244984526339095 0.5497171490269466 0.561910854048636 0.6168309160053695 0.5460238555169571 0.6316482868860476 0.608611068128271
6 0.31453787576833747 0.5986062845271023 0.3145381956834399 0.5303135038616675 0.3671875074452373 0.530313795460875 0.36718749684166596 0.598606266090735
6 0.3654889630664684 0.6216028519863832 0.36548923407326583 0.5442508240039067 0.41745920009100246 0.5442510649415291 0.417459286832468 0.6216027351799142