43 0.3380660987027113 0.5255799274823398 0.29394603348271175 0.5203631255985681 0.3125545040954876 0.3630012534606644 0.3566736116172251 0.3682179972669851
38 0.6540631753157413 0.3481491036482381 0.7041325463542307 0.3471249403424269 0.7074913247612358 0.5113205798015987 0.6574219542100082 0.5123447319888136
41 0.7318048316557224 0.6827418003910158 0.6853088596112684 0.6942837188452142 0.648071983383943 0.5442922051164599 0.6945667000866251 0.5327504475625837
55 0.3100339236434593 0.5558715908325103 0.35974181693177343 0.5626480212572382 0.3398827157465121 0.7083058020789699 0.2901748413482892 0.701529467317578
57 0.2784917782080356 0.5515418496684786 0.3288461939815761 0.580544933331208 0.27044604929574234 0.681925917533781 0.2200918639343854 0.6529231523450991
6 0.5678170440528447 0.47564232048464616 0.6096115423957826 0.4717802566213996 0.6175229254647547 0.5573890097845606 0.5757284307170494 0.5612510474428702
6 0.6116518667398623 0.45834541761177566 0.6618860727770652 0.46191213314058566 0.6563917181446186 0.5392898434649418 0.6061575142944093 0.5357231489769441
6 0.6211283083529224 0.6462874076571363 0.591371126708168 0.5953881576190653 0.6465215543137219 0.5631493177851195 0.6762787288995469 0.6140482647131642
6 0.7044247871756397 0.6004151810522447 0.6586529629082634 0.6076053667863073 0.6475531894906226 0.5369508710834161 0.6933244599557611 0.529760729498682
6 0.5727715875 0.6037234046875 0.6089832875 0.6037234046875 0.6089832875 0.6622340437500001 0.5727715875 0.6622340437500001
6 0.429317615358741 0.6682180859375002 0.3951949201447178 0.6682180859375002 0.3951951131360829 0.6097074468750001 0.42931741905715626 0.6097074468750001
6 0.35039510557737685 0.5722759819477174 0.40068807694353836 0.5712631244820949 0.40223118770563815 0.6478771372839933 0.3519382165670777 0.6488899875200315
6 0.3701035715314447 0.5838499170576597 0.34045770641057516 0.6295576162327555 0.2870515836548293 0.5949220336542868 0.3166974054745424 0.5492145966518667
27 0.3074511370576829 0.6030584826799247 0.34528627204622353 0.6117604207674981 0.3231827074830562 0.7078521606949638 0.2853476017637604 0.6991503085151779
27 0.91328125 0.80546875 0.92421875 0.80546875 0.92421875 0.81796875 0.91328125 0.81796875