43 0.33603184847004286 0.5037136030515316 0.2918988688783202 0.4986190088120605 0.31116874618544443 0.33170498366763623 0.3553007345220749 0.33679951793280266
0 0.28896776408453206 0.3316762425753348 0.3285975803421479 0.3366610164277217 0.3149662983090593 0.4450273691129901 0.27533648838436875 0.4400426274845115
57 0.220264714416885 0.5125650081863543 0.2834185079678946 0.5033308968783128 0.29813253441398047 0.6039538388623007 0.23497875823625236 0.6131878705653999
55 0.28354020925814893 0.4998708988808929 0.33427367514980233 0.5047087018386694 0.3185182588799762 0.6699177845031382 0.267784802645906 0.6650800527311675
6 0.28682504698974753 0.42623334963016546 0.3268810271537177 0.4137384692722625 0.3521304416399289 0.4946778697071643 0.3120744946938885 0.5071726755373366
6 0.34207900444403094 0.44887846205770743 0.3909913551123054 0.45555359949264035 0.3812364086957132 0.5270283156246501 0.33232406528134106 0.5203532140583088
6 0.39888965098225526 0.5635831032074268 0.36492776315549236 0.6089496698147048 0.30888612669878057 0.567000178147625 0.3428479047231576 0.5216338865395067
6 0.3430604537848012 0.5173306277260938 0.32195189289427617 0.5771895525566875 0.26733345446177736 0.557930449893885 0.2884421496991081 0.49807180814809254
6 0.6124264160583834 0.4424738230568224 0.6635012054719027 0.4341758868965036 0.674726870475638 0.5032666936842276 0.6236520907917793 0.5115645879831174
6 0.6625379014676582 0.5322486200940219 0.6737298661336126 0.6058867821989641 0.6169640271805292 0.6145131872037416 0.6057724755976324 0.5408753954377354
39 0.6632050958878608 0.28918684686296586 0.7090660076370341 0.2796803148719092 0.738138817863387 0.41992696200437074 0.6922779294102384 0.4294334198519025
38 0.648902297559971 0.3376116236235572 0.696681360683101 0.33178967854980657 0.716628392555549 0.49548143005718903 0.6688493416434085 0.5013033136724262
27 0.95546875 0.88046875 0.96171875 0.88046875 0.96171875 0.89296875 0.95546875 0.89296875
41 0.723132094354014 0.6582098585331692 0.6667371080363864 0.6625784891402328 0.6548462327335756 0.5090844146913306 0.7112397297937605 0.5047158408004354