43 0.48309813251592004 0.6769142337182578 0.4767456803734831 0.7209532871994279 0.2810401225139003 0.6927256958329555 0.28739331720794326 0.6486875756556076
0 0.40281839773001593 0.6937305622456094 0.3980176665891122 0.7380477550296275 0.24817878538647165 0.7218171690958682 0.25298014408872405 0.6775006957008483
57 0.6142884050771045 0.7148310359778447 0.6061206937371253 0.7930255961289855 0.4769505665549332 0.7795340662660188 0.485119289378531 0.7013406541383947
55 0.500970259260157 0.7072809867111676 0.508118542331431 0.653065590119742 0.6906445096204834 0.6771270117163362 0.6834973896432075 0.7313413559068767
6 0.3930312373331617 0.7139945639562432 0.3930315508973763 0.6708557941060839 0.48222993025365213 0.6708561980030603 0.48223002249403635 0.7139945632096499
6 0.5224857784417054 0.6446223624584831 0.5801923105955211 0.6663419716543612 0.5582053402769134 0.7247505015481317 0.5004988827291754 0.7030310338610989
6 0.3943610838674658 0.32420896512707953 0.3906492545391984 0.28232567491923966 0.4715214865929056 0.27515863796488765 0.47523345573597453 0.31704177319278426
6 0.42996515625000004 0.3158967390625 0.5080139375 0.3158967390625 0.5080139375 0.36107336874999996 0.42996515625000004 0.36107336874999996
6 0.5126864341187911 0.34560429749783483 0.4894746884091319 0.2890564210592737 0.549588073629593 0.2643818319358708 0.5727998802875618 0.3209295350482855
40 0.6527341933459638 0.25716336893340175 0.6285866241481699 0.3137802406969762 0.48900267588805946 0.25424720417089847 0.5131503524473828 0.19763066441475996
41 0.6689419081521919 0.2588075849147332 0.6765943592733947 0.31296581375679694 0.49457579573197563 0.3386830153470703 0.4869238491149872 0.28452524206900903
39 0.2708255429234896 0.32917950303556287 0.2574416003474198 0.2837685880147809 0.39506705099620376 0.2432070409342831 0.4084511600449332 0.28861767068066685
38 0.2911057897281353 0.34339736890331773 0.28461369959563854 0.29950370183443886 0.4703803080333273 0.27202802214066774 0.47687271812776544 0.31592130506634686
27 0.88828125 0.0484375 0.90078125 0.0484375 0.90078125 0.0578125 0.88828125 0.0578125