43 0.457671813941829 0.3245125021145017 0.4562812541053063 0.285789500081706 0.6225683000441222 0.2798178340035637 0.6239591457119786 0.31854052968451224
6 0.4585365859375 0.284307065625 0.5310104531250001 0.284307065625 0.5310104531250001 0.3237092390625 0.4585365859375 0.3237092390625
6 0.437765007589519 0.36133360266950576 0.43949962377325846 0.3186333653257445 0.5145474282390978 0.3216818851183979 0.512812985440064 0.36438195454548034
6 0.4271978743428235 0.3879852479674157 0.4286306856627107 0.3576135821430523 0.4971952046506658 0.36084798539967294 0.495762517630169 0.3912195312873121
6 0.41892333990290354 0.4190089614348594 0.4200145130154169 0.38655401538709033 0.49294257480039505 0.3890057376567454 0.4918515520934079 0.42146053769231784
57 0.4533986232187317 0.2519115500451836 0.44311866515681686 0.30077892401587303 0.32015924693246234 0.2749127590422044 0.3304393838266151 0.22604562802642636
55 0.4482004793695751 0.29055821669877796 0.44563996081444657 0.3360874537816764 0.2828872800997715 0.3269339550591535 0.28544812370535055 0.2814050735968643
6 0.447814966718056 0.29271128962424464 0.4429045967250431 0.3390512801185172 0.3635097014193889 0.33063832124089537 0.36842022530868235 0.284298508889012
6 0.37324343776174373 0.32072284623381503 0.4266690281359615 0.338467921617522 0.4096696561016415 0.38964643485753797 0.3562440912234024 0.37190141159008067
6 0.4048779946723471 0.49660325953289897 0.4048780922637434 0.4680705288646705 0.48362363608862324 0.46807070354778946 0.48362370363940954 0.4966032671229046
6 0.4048780025632368 0.5271739438196157 0.404878097585879 0.4959238357263273 0.48850166452029953 0.49592398505490515 0.4885017734699204 0.5271738865640714
6 0.42600986510808525 0.6411632147446983 0.4237364787934439 0.6038525909656216 0.4965126683711105 0.5994186352231755 0.4987862946288715 0.6367290018169536
6 0.4467101206727193 0.6778169098685684 0.4408872940339279 0.6300378584426649 0.5117157775619035 0.6214070205026054 0.5175388932970009 0.6691857342629456
38 0.46689895468750003 0.6681385875 0.6480836234375 0.6681385875 0.6480836234375 0.713994565625 0.46689895468750003 0.713994565625
6 0.46954924086423944 0.7177422276588119 0.46573374592696837 0.6707807368053517 0.5445591225177395 0.6643772264658458 0.5483749716348711 0.7113383242746179
40 0.36830444664803963 0.7818207085029929 0.340253099700476 0.7224816695039786 0.4409665187235987 0.6748791869952718 0.46901802927129665 0.7342174806302189
41 0.27788434099250026 0.7160573155230453 0.27236363194265323 0.6656057469604268 0.44983399224872755 0.6461874961271633 0.4553555205362727 0.6966381246539659
6 0.3663982818392242 0.665915331269302 0.404264989140529 0.6287306376580546 0.45856328701245275 0.6840174363379963 0.4206968722887723 0.7212018344188198
6 0.4019170874202018 0.5922973981357219 0.4258375001012382 0.6468176138817828 0.3694896609595162 0.6715365130701513 0.34556962854912854 0.6170166199601723
27 0.084375 0.91171875 0.10625 0.91171875 0.10625 0.92265625 0.084375 0.92265625