43 0.33400401416668046 0.5701335831066862 0.29604304249801316 0.5724421838665756 0.2860029464732179 0.40735512275568214 0.32396295179182744 0.40504655215052165
57 0.28223584384113565 0.5653278495514334 0.3374939315970096 0.6056530447708701 0.27101045784866074 0.6967447351640167 0.21575273774840298 0.6564199750002748
55 0.3066683731954072 0.5710464193714712 0.3537432615819398 0.5783335154145498 0.3263014643390534 0.7555862925333178 0.2792266071096492 0.7482993273678815
6 0.34273871768459685 0.6493993384590063 0.29615422016206594 0.6429240112851757 0.3062748417827379 0.5701256366001072 0.3528587163295924 0.5766009200138689
6 0.4150010170843643 0.6087541937725479 0.3898091490469824 0.6795676007818597 0.32947584167379773 0.6581063169382242 0.35466791344003923 0.5872933479697459
6 0.6706208754914087 0.6072915704785148 0.6943666284980736 0.6708288832439153 0.6384855883034106 0.6917101642135134 0.6147402763110676 0.6281732246029379
41 0.7400979728187167 0.761433044576759 0.6886267887260829 0.7672663665191857 0.66896552205435 0.5937990995158884 0.7204348994453085 0.5879658797905024
6 0.6634500105255938 0.6009526882072608 0.7160419863334937 0.5843968878862165 0.7376617939032712 0.6530676182999843 0.6850698691799835 0.6696233053084886
40 0.7178600480671093 0.5655985014055739 0.7954802083311279 0.5663110038486913 0.7945087102899606 0.6721344093551995 0.7168885500997249 0.671421913998449
38 0.7252472623993071 0.4091568633132344 0.7252475787652202 0.5864827262614379 0.6838754802435005 0.5864824702223749 0.683875722346329 0.40915716958227555
6 0.7256012837841581 0.5864825593750002 0.6824610013577512 0.5864825593750002 0.682461281904466 0.51235465 0.7256010244768731 0.51235465
6 0.6831685070139883 0.6090116265625001 0.6357848811260283 0.6090116265625001 0.6357851814223068 0.53052325625 0.6831681595359669 0.53052325625
27 0.9359375 0.91796875 0.95 0.91796875 0.95 0.93984375 0.9359375 0.93984375