43 0.5701331881012948 0.6659959888895095 0.5724426279136878 0.7039568359247058 0.4073552718355131 0.713997388603821 0.4050465290140437 0.6760372109563769
57 0.5653268237017528 0.7177632520974258 0.6056596421931317 0.6625104092283433 0.6967496741366404 0.7289930473325478 0.6564176199791518 0.7842451995222244
55 0.5710459141085948 0.6933315408147666 0.5783352743327441 0.6462568281969273 0.7555872535710932 0.6736990614444639 0.7482988791435901 0.7207728851770052
6 0.6493995744095855 0.6572612940154269 0.6429229348243553 0.7038454217818003 0.5701249712587924 0.693725183042989 0.5766019041489017 0.6471414048474179
6 0.6087535883336841 0.5850014262726753 0.6795685334737982 0.6101882547083166 0.6581077255069658 0.670519908708653 0.5872928567850977 0.6453332342360824
6 0.6072913889986467 0.3293780221107351 0.6708297231439246 0.30563600866549034 0.6917108340270488 0.36151613324430026 0.628172539495381 0.3852580719210296
41 0.7614328338423775 0.25990210760231763 0.7672674311888841 0.31137204505467825 0.5937999351344843 0.33103470259592277 0.5879657770996118 0.2795651574814598
6 0.6009538736703917 0.3365497271155977 0.5843958752082017 0.28395837831083304 0.6530652533817829 0.2623389296046174 0.6696233435623071 0.3149301004177475
40 0.5655982253098273 0.28213992739368143 0.5663110919701921 0.20451971673735156 0.6721344655411485 0.20549156156521536 0.6714219074334551 0.28311146065913684
38 0.40915697656249994 0.274752475 0.586482559375 0.274752475 0.586482559375 0.3161244703125 0.40915697656249994 0.3161244703125
6 0.5864825107311162 0.2743988145319836 0.5864825879161799 0.31753891383318605 0.5123545972757029 0.3175388630980614 0.5123546641102621 0.2743989090829797
6 0.6090115485658316 0.31683160669901905 0.609011663500155 0.36421501361662606 0.530523189615792 0.36421496192933217 0.5305232678963421 0.31683174963224153
27 0.91796875 0.05 0.93984375 0.05 0.93984375 0.0640625 0.91796875 0.0640625