0 0.32517094478544095 0.48955119066557173 0.29382185526640114 0.4887997317402092 0.29768401436217573 0.32770499660724084 0.3290324700903966 0.3284564478904252
43 0.3205134502399005 0.3249335603377798 0.3577111810063798 0.32363853999659775 0.3642326833370362 0.5109507281417343 0.3270349532288037 0.5122457327440338
57 0.3192933575006691 0.5038326703897571 0.31929360646688565 0.5965157249825461 0.25611403689958934 0.5965154954468014 0.256114277970255 0.5038329323957317
55 0.3158967390625 0.5212543546874999 0.3627717390625 0.5212543546874999 0.3627717390625 0.6871080140625 0.3158967390625 0.6871080140625
6 0.30766568539263517 0.5906727268133533 0.3210265574166442 0.5190434888286111 0.36824172724914206 0.5278496758021486 0.354881186889088 0.5994786229347997
40 0.7314581646156739 0.6451204178248697 0.6848972234605526 0.6500200450482689 0.669072075770373 0.4996434645373013 0.7156317906519689 0.4947439026535859
41 0.6993692399091742 0.6927639639284323 0.6525484066446552 0.6989874402776799 0.6316300074821584 0.5416265306332189 0.6784494765579439 0.5354031454865541
6 0.6810258261838271 0.5392069837571059 0.6849758715065946 0.6075464535363863 0.6363632957802565 0.6103557014438279 0.6324135555134944 0.542016518416195
6 0.6800271768202037 0.5714285239669982 0.6790798185227231 0.5963635362506036 0.6562531864663015 0.5954963162842954 0.657200593324319 0.5705613543397532
39 0.6771770350646875 0.34491337496664015 0.710121762199492 0.34227895207743125 0.7215869398493169 0.48564954139081984 0.6886422159242329 0.4882839401661836
38 0.6505322507543951 0.3468407769312637 0.6932023267161185 0.34836254624926966 0.6869747082257618 0.5229742770576935 0.6443046331112328 0.5214525254954173
27 0.915625 0.88984375 0.928125 0.88984375 0.928125 0.91015625 0.915625 0.91015625