0 0.5368416637691098 0.2944912254116871 0.5422696228936275 0.2563135122296425 0.7033422896641923 0.2792133125326583 0.6979146352988437 0.3173907468115942
6 0.5722084513776053 0.25890381735353707 0.623513553712769 0.26592069687409964 0.6193451759103255 0.29639778687622653 0.5680400753033155 0.28938091650164105
43 0.5108013034224541 0.3362771711600044 0.5108014901099978 0.2955162174680274 0.6857141890693583 0.29551657273986554 0.6857143471077052 0.3362771718348383
57 0.413179109955081 0.29368165905491045 0.41356745032624076 0.22999500947660365 0.5150882918596835 0.2306139599078553 0.5147002117713555 0.29430035097990437
55 0.5138741225187005 0.2947599639327187 0.5098370579140692 0.3431319430468078 0.3318572601676806 0.3282775953508393 0.33589469384321546 0.27990604179031703
40 0.5209077360248102 0.7036673164838783 0.52042371572702 0.7742689960222674 0.4072381900024311 0.7734920568744655 0.40772310147178814 0.7028912785779151
6 0.5209118969028168 0.7095798795147497 0.5151051511905962 0.7393581325027914 0.46588322190450526 0.7297611976605877 0.4716900904229533 0.6999831084276902
41 0.32519530605884484 0.7176552887466323 0.3216879941218167 0.6695104286055217 0.5020386635410432 0.6563724981386392 0.5055468147304509 0.704516454125786
39 0.6918249494927977 0.6873262937258967 0.7000191817204495 0.7293436360553575 0.5508644516349932 0.7584254250191048 0.5426710169435864 0.7164087780411255
38 0.6875699890373426 0.6689059108378586 0.6888604945926318 0.7094787083547952 0.5088189566665733 0.7152021555240328 0.5075292427461591 0.6746301175595903
27 0.0703125 0.9171875 0.0953125 0.9171875 0.0953125 0.9265625 0.0703125 0.9265625