6 0.3346417213699624 0.4570050077461472 0.3805068705493113 0.46179527590205405 0.37456737037882704 0.5186598915434938 0.32870222441908936 0.5138696437387198
6 0.6178822057648858 0.4535876442020446 0.6648510127396321 0.45011908812865864 0.669675841504386 0.5154491066845597 0.6227070364271867 0.5189176459739986
6 0.6676163095808079 0.48807457688099054 0.7249789360884051 0.4787552067054799 0.7353243244984924 0.542428260411787 0.6779617094371133 0.5517475834674765
6 0.26760595602490866 0.49271642886050104 0.2983479174823742 0.46998306717120264 0.3430066041142936 0.5303696810740843 0.3122647565830903 0.5531029099121937
27 0.3753399891453455 0.4724738651042682 0.33247775630763954 0.4727581028167087 0.331585526350068 0.338176894340736 0.37444706920985027 0.33789265886704234
27 0.6227548029646641 0.3406153839736943 0.6620811571848435 0.34110686854994976 0.6605899416920238 0.46042179510586023 0.6212635875000387 0.45993031406249973
27 0.6786685885751922 0.5412511314809865 0.7294611881088713 0.5215430771882981 0.7707625850346176 0.6279765310936287 0.7199700925648358 0.6476843832516213
27 0.281304852687299 0.4980354244494114 0.3289832371481225 0.506168643102957 0.3040398990913218 0.6523767866322673 0.2563615388560265 0.6442436740581697
0 0.3137349022372291 0.3979143532007583 0.26742799440023646 0.3883098097736773 0.29205179503594536 0.2695957584507172 0.3383581493029624 0.2792002424876058
43 0.3344377670736094 0.49301110619166877 0.29407746285801295 0.4911167766397982 0.30243401803454617 0.31309582558218046 0.34279341151329845 0.31499013326596603
38 0.6546531378392046 0.32803246590976926 0.7000914421462312 0.32567254879463214 0.708905087178664 0.4953643022536142 0.6634667853592191 0.4977241943075381
39 0.6619956021704638 0.2621713712263343 0.7226351656476027 0.260763903811131 0.7257404780466459 0.3945497377035975 0.6651009150397158 0.39595719571275967
41 0.7622352739987264 0.6329186733990377 0.7042531127659686 0.6476541589102082 0.6648122031266439 0.4924722553060251 0.7227928724089452 0.47773696669368326
55 0.28226902187498126 0.48989547031250164 0.28191240094167824 0.4897690586779034 0.28462979336586613 0.48210355456540627 0.28498641390694956 0.482229966123731
40 0.7329796904361956 0.46353800700528963 0.7904727592491554 0.46711524408786725 0.783791867617424 0.5744815720001427 0.726298801504413 0.5709043653623699
57 0.2201846997966186 0.4707093928097373 0.27560632206450464 0.4689666771015083 0.27903501495586625 0.5779969040209103 0.22361339341398434 0.5797396045886469
27 0.9109375 0.8890625 0.9234375 0.8890625 0.9234375 0.90625 0.9109375 0.90625