6 0.3889675526282872 0.5203488375 0.34299845543910124 0.5203488375 0.34299872778251483 0.4505813953125001 0.3889673475712243 0.4505813953125001
6 0.6418279855133733 0.46886903071505814 0.6877597293764666 0.4671500341938204 0.6900616057785101 0.5286518756129597 0.6441298624022238 0.5303708640998164
6 0.7343981519758245 0.55886887166309 0.6847540176177063 0.5739644515371437 0.6665906966405828 0.5142360703822116 0.7162343578753507 0.4991405674700198
6 0.32134118680630763 0.49320745810393846 0.37609624896811056 0.5071615142407978 0.35806842786860216 0.5778957297320035 0.30331339627514353 0.5639417568019036
0 0.2801662436592096 0.285726085421016 0.3260698703310254 0.2830881935625513 0.3335932625971054 0.41400293500348384 0.2876896375061051 0.41664080811756604
43 0.34589235768783055 0.5021083402610733 0.30028200517404 0.4984098455332969 0.31491686933725305 0.3179490809440745 0.3605261401197595 0.32164753009931984
38 0.6798339635494131 0.34742637003623317 0.7208404548713361 0.3456914965294979 0.7278242489198874 0.5107559340909524 0.6868177589490188 0.5124907886062906
41 0.7373773602232632 0.6561039105144243 0.6896994287570806 0.6608346853294397 0.674090277354253 0.5035322629756098 0.7217669231426953 0.4988015512498606
55 0.3203205444270907 0.492822950542716 0.3739837992526418 0.5029433873087709 0.3421351492378335 0.6718033487122747 0.2884719384297796 0.6616830654603602
57 0.27420263525516475 0.47731821833722277 0.31911262979303956 0.48143478380095256 0.3045923859656341 0.639830519585931 0.2596823993409316 0.6357140094535566
27 0.92265625 0.9125 0.93203125 0.9125 0.93203125 0.9328125 0.92265625 0.9328125