6 0.4009420124338021 0.5647462350057225 0.3601625860655986 0.5622662280712135 0.365057305096002 0.4817921826773647 0.40583621049768226 0.48427217376027926
6 0.40433764102044734 0.5097366815175957 0.4302850854544431 0.5107886780166746 0.4273708750889682 0.5826612087045533 0.40142343102729683 0.5816092184993483
6 0.44139814486175055 0.5914684633848205 0.4121066271663949 0.5870836000190757 0.42294227901072645 0.5147078876938896 0.4522334418884384 0.5190927240775568
6 0.3135958324614876 0.5385380705522739 0.3629056555819261 0.5453923674304897 0.35316983598488605 0.6154249211153272 0.30386002149907654 0.6085706668140882
6 0.4199441271764499 0.6439105558252398 0.3771771404841502 0.6791910029914828 0.32412192699939624 0.6148848508492841 0.36688848727919776 0.5796046858591948
6 0.6011312242364966 0.5955622376449676 0.5707656015665634 0.5982482945528188 0.5636662453001691 0.5179960610448229 0.5940314565297058 0.5153100224085475
6 0.6255303443125513 0.5109011082394832 0.6255304635388939 0.5893895787937002 0.5940593645624404 0.5893894744512104 0.5940594518751823 0.5109012096750541
6 0.6151184551895312 0.49668573853370007 0.660653707481174 0.4939165100577085 0.6655093276999651 0.5737522164784647 0.6199740770799735 0.5765214268694246
6 0.6805404656901146 0.5390862089791557 0.6438934093304169 0.5297661184576227 0.6652639471443536 0.4457435218668944 0.7019105488350306 0.45506355170068574
6 0.695798309758743 0.655832935214254 0.6539807112396829 0.6304022887295831 0.698811077861933 0.5566932112279248 0.7406281642461181 0.5821236551025638
6 0.6688192295079034 0.59953610834608 0.7067921092656206 0.6420818764956351 0.6493934642908243 0.6933043199396492 0.6114209207254362 0.6507588743691132
0 0.3210749147718843 0.44476747086992835 0.3210750545920291 0.32194758344393487 0.3592644089699206 0.3219477302654717 0.3592645432864856 0.44476734184782696
43 0.36015018743717064 0.5279590002766394 0.3219925132539174 0.5188516866822803 0.3506162182028447 0.39893444710795956 0.3887732550340388 0.4080416812709281
38 0.6189777819583924 0.38876198569854997 0.6660569605662658 0.37537904123607063 0.7090705317302763 0.5266854314628933 0.6619914157531639 0.5400682279748562
39 0.6525728403480571 0.3172170944874551 0.6968748097194748 0.31159411675735194 0.715288125825964 0.45666177428041205 0.6709861660739307 0.4622847033639976
41 0.74981398922057 0.7021713276336956 0.6944297184454626 0.7155439002919888 0.6602235064207207 0.5738896377159598 0.7156062803705936 0.5605172533257482
40 0.7887365257467991 0.6820830147095402 0.732189581368857 0.6964361656644042 0.7048004986633032 0.588542641570716 0.7613462894577196 0.5741896434094524
55 0.3111070234604085 0.5375486234956313 0.35920827477070816 0.5408278138675566 0.3485174768480874 0.6976301531486091 0.3004162304333704 0.6943510110158473
57 0.323650871140444 0.6692961389646346 0.2650591874263455 0.6792729730809501 0.24739714088616438 0.5755568935147265 0.3059876728028712 0.5655801600155906
27 0.9109375 0.88203125 0.925 0.88203125 0.925 0.89765625 0.9109375 0.89765625