6 0.3723365932468141 0.5344230729494788 0.33006986399004745 0.5380584775962236 0.3228446627088033 0.4540585910971466 0.36511086027996953 0.45042320938884206
6 0.6317934370486 0.5337979298974769 0.6317935888718011 0.4508709922699672 0.6749320256676583 0.45087110748988224 0.6749321408086644 0.533797781159841
0 0.30469710260365446 0.4047736689879278 0.25389887784831444 0.3860721195622242 0.29833321136516133 0.26538248849943025 0.3491308276792324 0.284083913665272
43 0.3247082495380482 0.5021970596543164 0.2790690812749972 0.4951637847754021 0.30448642051044317 0.33024335310794944 0.3501246144626293 0.3372765502375311
38 0.6453930319297569 0.3075131687916353 0.6909292514051231 0.3001746138899445 0.7221218639499511 0.49371836627066434 0.6765856668415609 0.5010568327193977
39 0.6827885296829663 0.26712217250466463 0.7260767182749532 0.2631967152216685 0.7392681718031326 0.408661586326326 0.6959799875888848 0.4125870139375789
40 0.7691461902978745 0.6117473566648388 0.7170844421309539 0.6164360775732397 0.7054099312798598 0.4868135782099841 0.7574705864117277 0.48212490582215517
41 0.7295776792519746 0.6637285900507436 0.6743701954104608 0.6716710695964003 0.6513692218059077 0.5118055624411062 0.7065751311897657 0.5038631980140983
55 0.2968726207391228 0.5069190273258114 0.3475401062230503 0.5106303073223512 0.33539007309559565 0.6764896564708522 0.2847225935990991 0.6727784317495811
57 0.3032639647368569 0.5815468850412463 0.24396829728379998 0.5931069237796964 0.22321826548193258 0.4866789768439541 0.282512909749812 0.4751190410011612
27 0.928125 0.9078125 0.9375 0.9078125 0.9375 0.9203125 0.928125 0.9203125