6 0.5860811818374714 0.638263929695472 0.6252061476030804 0.6674354031434431 0.5874068298278416 0.7181248419910605 0.5482820289679466 0.6889535592276596
6 0.6135844692603314 0.589223972660924 0.6573464056564262 0.6154224695700836 0.622935192981231 0.672895857963098 0.5791733833292483 0.646697529721524
6 0.5087209296874999 0.6151129937500001 0.5661337203125 0.6151129937500001 0.5661337203125 0.6620762703125 0.5087209296874999 0.6620762703125
6 0.5797867639566903 0.34105326822233795 0.6175642592588702 0.31941202756150633 0.6491178807868891 0.3744908182268362 0.6113404396401165 0.3961319842430548
6 0.622515642031999 0.32805218437099964 0.5961453502894756 0.3532027397650135 0.5492734911186972 0.30405913870476453 0.5756436893959744 0.2789086667698746
6 0.5204695830353785 0.3437189912087877 0.5675956076471493 0.3323086235984282 0.5788966588086168 0.37898139630164074 0.5317706451324966 0.3903917336706422
6 0.49011772565279443 0.3062509886983141 0.5205340508056224 0.28495445113799117 0.5521279116218238 0.33007638090338387 0.5217116329662304 0.3513728616153195
0 0.4808075285071709 0.6887321940867235 0.4771250728430232 0.729787097542482 0.3250037828082668 0.7161429900166018 0.3286868396821774 0.6750887584118832
43 0.5410558642216756 0.6561469550042223 0.5419871626779695 0.7005742999783404 0.38083855002230393 0.7039501338948294 0.379908007059953 0.659523528565089
57 0.5607053429795315 0.7584737124649558 0.5593499165432831 0.7068409389543489 0.7136132216785427 0.7027913639525988 0.7149695118467889 0.7544232364749407
55 0.5479965403792448 0.7004266800097966 0.5547271874996795 0.6488763583722884 0.712336378728196 0.669451218514698 0.7056066827915402 0.7210006653685042
39 0.3534934621773118 0.3369493106213246 0.3439041986192706 0.2936573226386019 0.5072731697239306 0.2574713125880781 0.5168626676385202 0.30076296883189346
38 0.5448701185764548 0.29919402273669365 0.5490695360632571 0.3402453523731622 0.3855565170481441 0.3569709049211438 0.38135746666853265 0.3159199184942
40 0.6799664740026401 0.23692753729154756 0.6833745761895216 0.2838315724637059 0.5476426364463123 0.2936933002472204 0.5442348078129271 0.24678952163076426
41 0.6786537857935855 0.26469363090278736 0.6919462243347425 0.318462897191801 0.5626337034302651 0.3504291295364184 0.5493416538172369 0.29666020021962264
27 0.8859375 0.06796875 0.8953125 0.06796875 0.8953125 0.08671875 0.8859375 0.08671875