6 0.38778529745729884 0.6276284995199555 0.3317296893768571 0.6192372290684774 0.3426036378035633 0.5466069304624619 0.39865852683783487 0.5549981464368912
27 0.3384015297767746 0.5959302055213933 0.388138120515805 0.60405336698403 0.365964035379875 0.7398030795752722 0.3162274723512155 0.7316800331047235
0 0.28310354329062193 0.2804003856073826 0.3166874066589571 0.2820343886811917 0.3098714239858964 0.42211922379971395 0.2762875616584779 0.4204852330909852
43 0.33229338534590624 0.5110247439188234 0.2905600670887907 0.508049056227193 0.30176866672434244 0.35086740947412726 0.34350111971673414 0.3538430660732388
55 0.2959780903659066 0.5202160477385405 0.34680347987284676 0.5237485204040147 0.33514630021829817 0.6914551750537472 0.28432091591571407 0.6879227567123384
57 0.2731743368632351 0.5352458867388489 0.32761247207963606 0.5636225047605339 0.2863648320821994 0.642744204206832 0.23192685181800243 0.6143678132141753
39 0.7121640305574601 0.4222383966384469 0.7121641852598941 0.29723826062501274 0.7446958467354534 0.29723842155528185 0.7446959184026127 0.4222383238499008
38 0.68170643019414 0.35358228188428525 0.7254692700259966 0.3524251030018359 0.7297138913337449 0.5129420415629998 0.6859510520798722 0.5140992080680233
40 0.7955919798814648 0.628778257777398 0.7390973451026639 0.6654253579288312 0.6869170842031735 0.5849933722231844 0.7434109838213772 0.5483465917654854
41 0.7341629340044165 0.6786900766677351 0.6803174464582753 0.6829441923398295 0.6674298991243859 0.5198303746759562 0.7212737834041718 0.5155763226829544
27 0.84453125 0.884375 0.87265625 0.884375 0.87265625 0.9296875 0.84453125 0.9296875