6 0.32099198491869174 0.6641115432899258 0.2716292320639013 0.6480728369388784 0.290585298967585 0.5897390327901371 0.3399475273282633 0.6057776481227677
6 0.32144583530418913 0.6134815234265163 0.36596152463926046 0.6080576041233623 0.3743091091990891 0.6765602704706539 0.32979342657301913 0.6819841530432731
6 0.3682727492524691 0.5481222580537561 0.3540965136479599 0.596948917192974 0.3041886483565577 0.5824600063039596 0.31836501271459383 0.5336335668227146
6 0.35733695625 0.5581881515625 0.38892663125000004 0.5581881515625 0.38892663125000004 0.60836236875 0.35733695625 0.60836236875
6 0.6328125902896318 0.5937282234375 0.5964673163249472 0.5937282234375 0.5964674881430483 0.5421602796875 0.6328124349078053 0.5421602796875
6 0.6773907842672315 0.5761513300960069 0.6267012474073681 0.5814453430740243 0.621120642776873 0.5280148934676135 0.671809724736363 0.5227209044681566
6 0.6235683530707092 0.6664345178012612 0.5986371054775645 0.6221707906002937 0.6474723425811817 0.5946680317772899 0.6724035975656761 0.6389315208478373
6 0.7143740841229373 0.6286269963580114 0.6607106442231725 0.6395246625414636 0.6488423335325706 0.5810865924710649 0.702505205126613 0.570188985549195
6 0.6990383385102632 0.5634501163574344 0.661785568117466 0.5522768059429255 0.6833522525548688 0.48037875019444326 0.7206045976319047 0.4915519915738615
27 0.32642644697614287 0.6529616315679856 0.3685752181696671 0.6621810064712387 0.3426197936415747 0.7808247036987049 0.30047106161998727 0.7716054521595035
27 0.6938869870519966 0.754044039067765 0.6502752209850087 0.766423150715848 0.6184137378082823 0.6541907990171079 0.6620244562499238 0.6418118468750134
27 0.6686411135956405 0.5284099991085482 0.6256793468750175 0.5303135874999995 0.6212717351191941 0.43083773487215016 0.664232890605831 0.42893415984999944
0 0.27377711870917665 0.4829268945151361 0.2737773311650926 0.349825652171571 0.3108015497628003 0.3498258605498959 0.3108016528120743 0.48292678074815876
43 0.3125935409217391 0.5783644496712609 0.27133381990438465 0.5703721632502492 0.3028453498147883 0.4077124546307263 0.3441040337064578 0.41570463528742446
57 0.28815687304279436 0.6912843502455941 0.22263908656861986 0.6952265047994659 0.21669544249857609 0.5964455179117555 0.282211958724929 0.59250340171064
55 0.2868524491550488 0.5882797134477559 0.33678921817204355 0.5987102363563991 0.3074229197497971 0.7392851641912119 0.25748619901628444 0.7288547923658222
39 0.6699409628211015 0.37169436904061204 0.713336211680371 0.3593562826883787 0.7502506682885723 0.48918426084108624 0.7068554667984017 0.5015222371180474
38 0.649570049998033 0.3939613664386657 0.6964708335831347 0.38750114414237397 0.719271429807236 0.5530214961098107 0.6723706629377375 0.5594816398981186
40 0.7105521313832242 0.5763316213843617 0.7754971357122713 0.5830187566180343 0.7652005870814946 0.6830064445969207 0.7002555920732902 0.676319373778387
41 0.7097066688590985 0.72733927598544 0.6565573767239812 0.7281011437801078 0.6543918502019324 0.5769954571187275 0.7075395938542215 0.5762336001997936
27 0.90703125 0.90546875 0.91953125 0.90546875 0.91953125 0.93046875 0.90703125 0.93046875