6 0.2761063431545381 0.48374592024103513 0.3097916006491914 0.46997606448685897 0.3388756186249111 0.5411189524946377 0.30519040770798256 0.5548887252195034
6 0.3722020288068961 0.6041208518506803 0.34562453225328227 0.6398723060667028 0.2887662956585473 0.5976085458810704 0.3153437025804351 0.5618573240361392
6 0.33511455940879387 0.6244765281858736 0.3613305647660354 0.5870585103246377 0.4164234990635123 0.6256535765609177 0.390207761161264 0.6630713554667734
6 0.3930737392948913 0.595187971665334 0.36394273119105947 0.5919115130112006 0.3706094183166897 0.532645424346997 0.39974013098765226 0.5359218662326813
6 0.393342390625 0.5421602796875 0.42764945625 0.5421602796875 0.42764945625 0.5979094078125 0.393342390625 0.5979094078125
6 0.4242370574660299 0.6610468258496996 0.3917000613047321 0.6598270125017988 0.3936732291192584 0.6072067346548391 0.4262098957716489 0.6084265418330479
6 0.6456689045940038 0.5894927097035152 0.6678316271668336 0.6347559953449544 0.611862457024472 0.6621571533574256 0.5897000485412036 0.6168941351553291
6 0.7066430628877924 0.4919204534513121 0.7269752750326006 0.5295773475456462 0.6767406010669674 0.5566982296357809 0.6564085882918107 0.5190415069096662
43 0.32611878025966234 0.5521634921346036 0.2818850511434903 0.5466977129015318 0.3027339226807726 0.3779885178785782 0.34696658186680907 0.3834542295371165
55 0.30746377271498204 0.5644948009597686 0.3579378514207292 0.5688042142579913 0.343762660254356 0.7348114456033872 0.2932885902749831 0.7305021027733397
38 0.6701943136513364 0.3982735161852066 0.7147077958717318 0.3997296051523806 0.7096823651746718 0.5533499550491543 0.6651688836039966 0.551893882437776
40 0.7125924751219372 0.5663287851276225 0.7870541793595294 0.5680569151364069 0.7844350781912226 0.6808959822647603 0.7099733746792936 0.6791678707969656
41 0.7149001759220255 0.7397023853282476 0.662921630798337 0.7453830829719514 0.6433335139578276 0.5661653723436179 0.6953102254713031 0.560484775251602
27 0.91171875 0.8578125 0.93046875 0.8578125 0.93046875 0.8703125 0.91171875 0.8703125