6 0.3352057179106396 0.49842050948736116 0.3814772905540167 0.5025968714032683 0.37563018289142747 0.5673738515965138 0.3293586133287363 0.5631975116885264
6 0.37956134400030805 0.5204577521770839 0.4101978834920601 0.524792811277187 0.402433566199079 0.579659515740898 0.37179703098536265 0.5753244767108225
6 0.5544396225207038 0.6005231978116574 0.5586792295274563 0.5447348007670775 0.5906139751344881 0.5471614563231537 0.5863745348839302 0.6029496972854046
6 0.6153399201446064 0.5815148468717911 0.5987018141551061 0.531777825930313 0.6523726371948442 0.5138253903582374 0.6690108628546341 0.5635621779491473
6 0.5837915017666546 0.5357064916736913 0.6152893841793912 0.5372945906592717 0.6127451434667819 0.5877515511473248 0.5812472615755269 0.5861634590265863
6 0.5910325512468262 0.5254355681482227 0.5910326320978356 0.47665504522243135 0.6219429187084415 0.4766551181948123 0.6219429529370473 0.5254355260037195
0 0.29014493290549126 0.39828148963812227 0.24662245160470775 0.3897961078221432 0.2709483891767377 0.2650319366432575 0.3144703144904497 0.2735172618788047
43 0.2963781074912504 0.28358475354003865 0.33740313378916653 0.28632229922369545 0.3248748439089013 0.4740644778687362 0.2838498205845781 0.47132696228031473
57 0.21475155321002148 0.4584004579249781 0.28821983358614034 0.45386784119909934 0.2960982747881644 0.581557881711035 0.22262999891415802 0.5860904519244112
55 0.2955256225301355 0.4711424271736896 0.34264633349232554 0.4788471406873762 0.31362164173287965 0.6563412019290357 0.26650095933996454 0.6486366066533238
39 0.6632625948201394 0.287319476459725 0.7159403130250439 0.27621643970462184 0.744051328229375 0.4095830278480526 0.6913736343514074 0.42068598356686526
38 0.6983696997665447 0.49825784062499995 0.6579482761723057 0.49825784062499995 0.6579486655830351 0.31358885000000014 0.6983691443417683 0.31358885000000014
40 0.778063344317502 0.6290121365739858 0.7242068163184285 0.6384542232792882 0.6976307716136034 0.4868791835280436 0.7514859407579024 0.4774372177161619
41 0.6480568877236692 0.5040731327823478 0.7006888523031876 0.4944535811354105 0.73405455843249 0.6769914496216255 0.6814226378393187 0.6866108416520222
27 0.88359375 0.89921875 0.88984375 0.89921875 0.88984375 0.92109375 0.88359375 0.92109375