6 0.5471060847314675 0.6246816995956987 0.5493268121830397 0.6713684890114856 0.46043035614320615 0.6755959331332814 0.45821005922164204 0.6289095604232173
27 0.5337978378122443 0.5197002890283468 0.5358242266580646 0.5423099354761359 0.3867895039987843 0.5556646353994822 0.38476341288537697 0.5330552587291925
27 0.38427159129048505 0.46269292684894914 0.385624011117784 0.43911305297568476 0.537391854345401 0.44781659731897105 0.5360396966968892 0.4713962182071035
55 0.5279576290690784 0.7067427546683782 0.5329840565456152 0.6556478629836715 0.7355531772085442 0.6755713374280147 0.7305279394837498 0.7266651211185261
57 0.5058323805818645 0.752497791446349 0.5061989524056116 0.7082105545750017 0.6755219369296128 0.7096107250334832 0.6751562083254612 0.7538971230658787
43 0.5309794272983481 0.6642794506893206 0.5297172983399605 0.7044318641172513 0.34027175965502465 0.6984755787623625 0.34153465160704854 0.6583239564266882
0 0.507746404755494 0.7033037512552345 0.5029572264035096 0.745877697755966 0.3290509345159762 0.7263158697020734 0.3338408149652423 0.6837427329033267
38 0.32496755525153276 0.3271434311016218 0.32444460683029774 0.28204513928897335 0.5319991489989206 0.2796374962555259 0.5325225267527003 0.32473537048232676
39 0.34778599547450995 0.29587749398813634 0.3439250744185074 0.25174377523532854 0.5182465441639579 0.23649352556523412 0.5221077485044816 0.2806269367792232
41 0.7169883198996558 0.25839204763197016 0.7256816839382054 0.31189396358862037 0.5410568947046386 0.34189118572154564 0.5323640430879095 0.28838972089369674
40 0.6637548865204508 0.20559567756140232 0.6509794594677487 0.2925020743496813 0.5100902410438266 0.2717909624508261 0.5228660340575289 0.18488505160449847
27 0.85859375 0.0671875 0.89765625 0.0671875 0.89765625 0.0859375 0.85859375 0.0859375