6 0.37531826477368213 0.5471062943677371 0.32863135364982554 0.5493262831920086 0.3244042409751273 0.46043027529990455 0.37109050390392895 0.4582103020987734
27 0.48029913202231 0.5337978897067427 0.4576897875346049 0.5358235893545024 0.4443362427800821 0.3867892926660323 0.4669451431669813 0.384763612224973
27 0.5373069509352035 0.38427183975947854 0.5608867052444566 0.385623937724786 0.5521835920661715 0.5373918585621589 0.5286038389548366 0.5360397749038476
55 0.29325687660787025 0.5279583400468209 0.34435154518166655 0.5329825063295175 0.3244304974168699 0.7355523990344982 0.27333584291636726 0.7305283305658388
57 0.24750212996673326 0.5058325615183106 0.29178913145892693 0.5061984073332936 0.2903902448850886 0.6755220195862469 0.24610324341779233 0.675156179344928
43 0.3357195729178102 0.530979646868616 0.2955678289682737 0.5297170635004648 0.3015259347691881 0.3402719265793026 0.34167665936638514 0.34153449380066325
0 0.2966961565036854 0.5077462587641642 0.2541220724165214 0.5029576517597883 0.273684321641781 0.32905150615171214 0.3162574495942181 0.33384005826048957
38 0.672856261167226 0.32496774070176304 0.7179540362848229 0.32444438931033076 0.7203627951217868 0.5319991689982464 0.6752650201992765 0.5325225131869475
39 0.7041224132659636 0.34778600974478713 0.7482558280260037 0.34392510485067945 0.7635067299106595 0.5182467239431583 0.7193733210787059 0.5221075840107184
41 0.7416089534960975 0.7169888892898046 0.6881057057742055 0.7256809559437825 0.6581088515533793 0.5410561134579447 0.7116102466764005 0.5323641988457515
40 0.79440462654361 0.6637547431314388 0.7074971384870423 0.6509805443471444 0.7282093450520506 0.5100905692645655 0.8151145935333943 0.5228645979073309
27 0.9140625 0.85859375 0.9328125 0.85859375 0.9328125 0.89765625 0.9140625 0.89765625