27 0.2891874783682624 0.5645711263144355 0.3297054490493565 0.5687152411063003 0.31766571334071614 0.6864170470164663 0.27714774925073016 0.6822729789203056
6 0.2974397082117548 0.49327157657250403 0.3516156742791736 0.4978490761939726 0.34304145231499206 0.599318580629236 0.28886549099365766 0.5947411195014554
41 0.7594047008498137 0.6662711677491772 0.704638561894285 0.6788400610324441 0.6673276389568628 0.5162810670665652 0.7220921835712488 0.5037123648941783
40 0.8084025020654053 0.6224350551897064 0.7493998581613823 0.6411297340689576 0.7101355056228158 0.5172171399921277 0.769136893988275 0.4985226766746107
38 0.6761431498302954 0.27242852923220473 0.7215820017647729 0.26881366631982745 0.7396296295192997 0.4956635132337648 0.6941907839898249 0.4992783278255571
39 0.7002355538722895 0.2520242198849384 0.7416479013292019 0.24766822124930543 0.7581141668468945 0.40420797662905117 0.716701824846723 0.4085639411910274
43 0.3234841931947585 0.4928407173968038 0.27845933874857565 0.48404771927173423 0.31664783634391824 0.2885159643699468 0.3616715834899651 0.2973088469050888
0 0.3085747603213349 0.4147957887301714 0.2679531874347276 0.4077030588812936 0.29572269228253845 0.2486696866509016 0.3363435908346446 0.25576235473935527
55 0.29746047112371343 0.49133113310383 0.3536813930435301 0.4991351382483367 0.32752792528356167 0.6875291737747188 0.27130702968145215 0.679725300671532
57 0.2988169255219191 0.6072325001127828 0.2317778744518364 0.6124436279413349 0.2230318415055308 0.49993172258619734 0.2900696082444938 0.49472064526229514
27 0.89921875 0.8453125 0.90546875 0.8453125 0.90546875 0.8734375 0.89921875 0.8734375