6 0.6198370784994722 0.44469270253572746 0.6667579578745517 0.4361167759587424 0.6802654009309208 0.5100142142890368 0.633344534432581 0.5185900938332901
6 0.7259536387349499 0.49321102375364545 0.6740966729826141 0.5001042463492288 0.6639098066424367 0.4234727243733536 0.71576621338113 0.41657953972216616
6 0.6701766484483187 0.579094095034588 0.6355258809442148 0.5418769040550808 0.6958254942924214 0.48574046011307087 0.730476052076142 0.5229574009859993
6 0.655243313087567 0.5232119824238088 0.6710843935735511 0.5955924741388778 0.6180821850298344 0.6071909545838954 0.6022414894114263 0.5348107943732644
6 0.35023697420956523 0.5172838842847123 0.3461334744454234 0.590624337332458 0.2884021777107364 0.5873941186140369 0.29250601006776833 0.5140540132820051
6 0.4042877366917992 0.536577786662894 0.38922398083138887 0.612445238322234 0.3323510582157496 0.6011536223649782 0.3474150963396596 0.5252865388281643
55 0.33955382588487737 0.687282321336588 0.2806015211427848 0.6827456555917093 0.29387050668447046 0.5103521449890461 0.35282102200812915 0.5148887431415531
57 0.2953573594932095 0.6266525740278167 0.22988304344835342 0.6258742527304032 0.23134231598135102 0.5031910165339276 0.2968152585324333 0.5039693297013796
43 0.3318283819287444 0.5104967218678219 0.28565408600968567 0.5090901359424532 0.29084792208288945 0.3386201104756509 0.3370211895734201 0.34002668061629515
38 0.6559688641360708 0.30032223520167795 0.708005747364723 0.2957931099351016 0.7252585338064819 0.4940085585064097 0.673221658068087 0.49853762892863757
39 0.6676958466679253 0.24389548277378598 0.723656081714239 0.22937195270407545 0.7625887493812797 0.3793785408210815 0.7066285537655403 0.3939019645388054
41 0.7336005045316369 0.6574434356875223 0.6758079991495833 0.6664242560732624 0.6495639919789937 0.4975539465335936 0.7073547988493374 0.48857326009531554
27 0.90859375 0.90625 0.91640625 0.90625 0.91640625 0.91875 0.90859375 0.91875