43 0.5050059451942843 0.3283404139713116 0.505903801988552 0.29150763735744323 0.6701831730978256 0.29551166299664333 0.6692856103946951 0.33234414760220254
55 0.5091077706553051 0.2968524998503809 0.5063618691544889 0.34399974786963095 0.3640509804179146 0.3357111520315793 0.36679718224354474 0.28856423991668584
38 0.6943936895454499 0.6619448693953176 0.6961225392564074 0.7071427620381115 0.5121199887955754 0.7141772750085035 0.5103920392296004 0.6689802313742733
41 0.3811647743503954 0.7064803775069167 0.38148854550229316 0.6518755155889504 0.5173333889274545 0.6526802635252478 0.5170103919176654 0.7072843578548221
40 0.369306190119687 0.7481100994647216 0.3784558923118766 0.6882934021047178 0.5193792164943716 0.7098453491453186 0.5102305764255561 0.7696610953141755
6 0.5818818196028133 0.702785140438718 0.5401997184023912 0.7296091990948199 0.5067976865769879 0.6777128640973046 0.5484793861400021 0.6508889788380915
6 0.4943275215500762 0.6455977245809236 0.5213547020018723 0.7010381178279655 0.4848666261844983 0.7188233123490381 0.45783972031256326 0.6633831531249916
6 0.4922426390653527 0.6071058611995784 0.5013058832709021 0.6554434566417765 0.44114825135977753 0.6667212708468331 0.43208533393521975 0.6183839648310102
6 0.4118466890624859 0.5920516312499845 0.438274302488594 0.5626869325680915 0.48400071330081573 0.6038353668125145 0.45757326965122047 0.6331999018328023
6 0.4684745102100578 0.28388320012022533 0.5110701443546759 0.29897699000430605 0.4934666939412864 0.34865353407776056 0.4508710796875448 0.3335597828125119
6 0.46716049545921123 0.39563132483199553 0.4257839718750347 0.37194293437500464 0.45584355776691154 0.3194402451213883 0.49721986805445795 0.34312855829422756
6 0.4808362101420016 0.39504077002833493 0.480836259460375 0.36684779282983665 0.5442508648352486 0.3668478696286937 0.5442509193212572 0.39504074154916136
6 0.5355075136017149 0.3960927108999478 0.532135720735937 0.4283735555492677 0.46851806795120865 0.42172869870211505 0.471889974131841 0.3894479805889432
6 0.4735335510091545 0.38117305620755726 0.4682101358945374 0.4139358700916805 0.4071457024627989 0.4040142586349435 0.41246921377262424 0.371251569125287
27 0.44599308831050166 0.33797528561015105 0.4377482235768184 0.37527464652289605 0.3355131935609279 0.3526764186347343 0.3437582065720335 0.3153772552977106
27 0.5428571421874722 0.38824728281251797 0.5420534513300481 0.37150285549597084 0.6440659376070244 0.3666063845919554 0.6448697220514532 0.3833507161150141
27 0.38133436761893336 0.7070325171643008 0.38018473590761914 0.6665894571845504 0.4817767986041872 0.6637020393661167 0.4829268476928519 0.7041446550437344
27 0.6950182155388802 0.6613339373919551 0.6966301473528347 0.6977007326329979 0.563259302883921 0.7036104855228417 0.5616478954233344 0.6672441999312605
27 0.090625 0.94140625 0.10625 0.94140625 0.10625 0.95078125 0.090625 0.95078125