76 0.37143899375 0.571492715625 0.394923084375 0.571492715625 0.394923084375 0.6176065796875 0.37143899375 0.6176065796875
28 0.3829298941664092 0.47373318154862293 0.3928405964338708 0.4737110881434591 0.3930468274387522 0.5662152989471644 0.38313612517163165 0.5662373921906005
78 0.45601793730054396 0.5642407410923078 0.4860481746241021 0.5635456672041209 0.4877713839066473 0.6379879103079754 0.4577411467425918 0.638682979455932
28 0.4650581901969417 0.4938901574838572 0.4710512348450493 0.49365731079396835 0.47367976321709193 0.5613052186448624 0.46768671864435873 0.5615380640666031
75 0.6006966017026798 0.6084750671060885 0.5929866105723249 0.6089346487386419 0.5908834968055316 0.5736559409039754 0.5985934389429985 0.5731963607367151
75 0.667193694371008 0.6598004509205352 0.6610762849905996 0.6606322903990864 0.6580667670488083 0.6385028293634347 0.6641841498029635 0.63767099171946
75 0.6748443976546241 0.6626468995125337 0.6681345532650766 0.6639503209033958 0.6641629598001373 0.6435076692024436 0.6708727771368785 0.6422042505153206
67 0.6174113932949012 0.6820686680027048 0.5958461790546608 0.6642719595374345 0.6296263007911875 0.6233443304118917 0.6511913722562213 0.6411409441451348
67 0.6199449981816088 0.6901029187206826 0.5912185767416531 0.6969386987606199 0.5809596679740707 0.6538324980398458 0.6096858428064706 0.6469967483616703
67 0.34545893870381406 0.7087278168116655 0.3006035310736479 0.6925484825899747 0.3244922765290994 0.6263297838521344 0.3693471000472073 0.6425090020691908
28 0.29280256841832397 0.747245798684418 0.28697624365281627 0.7436200525860667 0.3247106563549096 0.6829930912309224 0.3305369121532067 0.6866188090887227
28 0.3305049183649089 0.6941143748097031 0.3445799968025085 0.698327396401892 0.3242101941632427 0.7663689247131866 0.3101351298142845 0.7621559365344718