67 0.3197399220132411 0.5048964518413986 0.3433167179168777 0.5096229966820105 0.327358156206742 0.5892199306115636 0.30378136982653814 0.5844934177228545
28 0.33948409191077644 0.5101741324084738 0.33025799983772686 0.509316986008615 0.33842416899494765 0.42142543153014184 0.3476501432977557 0.4222825723329387
75 0.3464363511685633 0.570929185871706 0.33919381902296664 0.5715860144115837 0.3368476604882744 0.5457183395968088 0.344090160937526 0.5450615124999983
75 0.35139223539408704 0.5475774133885492 0.3587784041424129 0.5507352982929086 0.34673594190223866 0.578899436525312 0.33934977796525345 0.5757415599206989
76 0.48918303241691774 0.6055666938256968 0.4829948823791028 0.6060546959029516 0.478962811738711 0.5549307032330221 0.4851509065524624 0.5544427033275977
76 0.5323863981942623 0.5425587672305421 0.5323866099781753 0.6206886619281302 0.48815426336375367 0.6206885659577743 0.48815435849724054 0.5425589804370711
76 0.5272431244100062 0.609347223801236 0.5272433163231653 0.5280669393647125 0.5625603697926636 0.528067119037236 0.5625604275279557 0.6093471515264132
28 0.5462648932139018 0.45937816560708217 0.5512474476187208 0.4596635614351687 0.54731273084451 0.5283524271529486 0.5423301765624728 0.5280670328124968
75 0.6325089603313927 0.5746928440541801 0.626004407371056 0.5757041015742632 0.6225755621557028 0.5536513524572565 0.6290800906249387 0.5526400968750028
75 0.6327996489893621 0.5522186379552807 0.6260872116700966 0.5284768898281006 0.6554467222474614 0.5201768840927636 0.6621591952631434 0.5439185728675532
75 0.6869931222984178 0.603688437042238 0.6957464516334539 0.604248786942354 0.6946622375373863 0.6211835743543026 0.685908908287729 0.6206232253407336
67 0.6139376665919372 0.6314890152070668 0.6035159498929943 0.6178791422102775 0.6230132840015585 0.6029508714473282 0.6334349868961908 0.6165607129451892
67 0.34394512533492616 0.6203057442944464 0.342942278233636 0.6083005189376265 0.36346270320643725 0.6065865519405964 0.3644655712388385 0.6185917541520092
67 0.2946151868545712 0.5891458457826132 0.2748208203217928 0.6075606079049496 0.24558147193340574 0.5761338808645909 0.2653757551502167 0.5577191892690543