67 0.48159719633099485 0.2637960975421108 0.4835058502744687 0.22692885546639652 0.5315603188329305 0.2294166310912144 0.5296517346756673 0.2662838064148224
75 0.5392715943619351 0.2785191728692751 0.5368830148506731 0.2944481879477499 0.4922944095209232 0.2877621690742985 0.494683014281577 0.27183318502443776
67 0.461452485596169 0.3309437389383223 0.4626207402397995 0.27615042725098016 0.5555544627164863 0.2781317758555027 0.5543864486418215 0.33292484840512937
28 0.6195427139416552 0.2760159622000894 0.6211898413200743 0.28380760397132043 0.538483308479158 0.30129085398380023 0.5368362140625322 0.2934992406249951
28 0.5532829953125429 0.3049225124999926 0.5532087220101403 0.29849843612578986 0.6592021221514415 0.2972728233742088 0.6592764263314166 0.3036968676175699
28 0.622809150690955 0.30662597843843653 0.6227217965454201 0.31209158285551797 0.5443947282399222 0.3108395908403592 0.5444821021935695 0.305374006437266
76 0.5246380482118411 0.33235433966432393 0.5215376749042662 0.36239428789487793 0.4394790660792296 0.3539252052813609 0.4425795536486703 0.3238853852258141
28 0.6269541867436601 0.34271290609712096 0.62671925644986 0.3541390138472735 0.5214841091071776 0.3519750794016328 0.5217191015625531 0.3405490359375344
67 0.43967637668185944 0.383010515195035 0.4413788262188518 0.35430411523328076 0.5282779504290147 0.3594573859553126 0.5265756499053396 0.38816364365107475
28 0.629568855902221 0.37234410157694053 0.6295217104409403 0.38468364254816884 0.525411859777364 0.3842854705159889 0.5254590789646727 0.3719460020046783
76 0.4855956498386149 0.43974956919501185 0.48559568740461145 0.45606109126843875 0.43401909902115676 0.4560611041714876 0.43401911892351563 0.43974963990030846
76 0.43233779582351417 0.46788604885438273 0.43274922012767547 0.4562819973126283 0.4708340474437591 0.4576321847635862 0.47042265535583283 0.4692362050758232
76 0.43172205435371325 0.5003393924091954 0.43220478467935664 0.493413182096608 0.46252751256326974 0.4955263723918035 0.46204479919799724 0.5024525667567433
28 0.6142473127691801 0.4442623061514333 0.6139618120399746 0.4536764076324462 0.4797852863686103 0.4496068281938616 0.4800708703124883 0.4401928125000286
76 0.4322621135377176 0.5299117877723467 0.4315347931812994 0.5183158034901365 0.4675628642551146 0.5160562147970253 0.46829021566747997 0.5276521656968925
76 0.43980618066916577 0.5867587246366675 0.4373461075359728 0.5590400160478352 0.488727285018399 0.5544802805998952 0.49118746987039685 0.5821988642440943
25 0.4649353507621754 0.5749802046873691 0.4649354140624382 0.566036915624988 0.575567104680772 0.5660372312781773 0.5755671274018823 0.5749804340985648
28 0.661878329504475 0.5725944302285154 0.661650431977705 0.5770203306238897 0.5702331128470632 0.5723131169870331 0.5704610437499014 0.5678872515625464
76 0.43577092252382954 0.6163758701478982 0.43499796676655933 0.5893570462835755 0.5053701053535633 0.587343951774864 0.5061432305217295 0.6143625999559416
28 0.5097554390625874 0.6024268484375214 0.5101922602633522 0.5886275215982274 0.6204694157956965 0.5921174407325444 0.6200327372112042 0.6059166301537633
28 0.5154288609375044 0.6335741656249883 0.5151595839921583 0.626513117355447 0.6139803222478122 0.6227445437082934 0.6142496633333394 0.6298055252215553
76 0.46136649486334136 0.6378339818365973 0.46055318407945833 0.6161389362783045 0.5154503419878438 0.6140811198302042 0.5162637618641384 0.6357760510684016
75 0.5198137883737672 0.6335206987554407 0.520388875316371 0.6440981518560831 0.46773133908538966 0.6469605856006214 0.46715630922642504 0.6363831869475127
67 0.5763760530364834 0.6521895795308854 0.5708652085194217 0.7036042739609747 0.4562561122842226 0.6913204263014655 0.4617674901857072 0.6399063192861625
28 0.5311411857948087 0.6652398635867719 0.5301510809745196 0.6586718750430255 0.6154256670939731 0.6458184092483776 0.6164158179041124 0.6523863406335539
28 0.6158484901209249 0.6835328478451492 0.614769703753268 0.688692445360728 0.5386185490539219 0.6727723901975992 0.5396973656274895 0.6676128339133112
28 0.5738650968750107 0.6702724890624608 0.5738267822848684 0.6646940358974212 0.6634667872763202 0.6640780991002678 0.6635051523209086 0.6696565012401907
67 0.45093441417031954 0.6666762048810901 0.46061420279772847 0.702285915672158 0.3794981178090211 0.7243318707211356 0.3698186978015201 0.6887224752717821
28 0.3945259581881828 0.714374717003312 0.3979490843893245 0.7234385689571706 0.3089352993634975 0.7570503392777646 0.305512287499937 0.7479865843749813
28 0.2981368390624084 0.7371929593749486 0.2951191717901338 0.7273492576269432 0.38405905766819615 0.7000878868384918 0.38707678125479106 0.7099314890290405
67 0.36319002778282083 0.6887307066639208 0.3495216521200746 0.6341097199541835 0.4277041689909993 0.6145476660067158 0.4413728316111474 0.6691682193480919
28 0.36131357387739627 0.6604334795740665 0.36317504003102385 0.6676670417818495 0.27219846126490665 0.6910751074748928 0.270337076562555 0.6838416156250396
28 0.366785179569888 0.6388163534346099 0.368030683871325 0.6488607774104882 0.250366706244904 0.6634484396272573 0.2491213319176495 0.6534041336446825
67 0.4126847205213835 0.5890483123556183 0.42605924297072306 0.6129539948885985 0.37716987394185253 0.6403028337084006 0.36379549687501367 0.6163972765624528
75 0.378312963868666 0.5998286548861795 0.37753562371631233 0.591249028814223 0.39733757324347607 0.5894550956485073 0.3981149272536868 0.5980347062628835
75 0.3765830734374731 0.5902154687499857 0.37625586469812333 0.5813366020405787 0.40193274984164873 0.5803904214276006 0.4022599781309282 0.5892692678144043
67 0.41265556796031433 0.3790221466315306 0.412001260079478 0.409117987468633 0.35069673610075824 0.40778509021424886 0.3513511518485757 0.3776893606570501
28 0.21867177215790434 0.3866416597221669 0.21944267218339064 0.3782350469589544 0.35877767089823465 0.3910110764669654 0.35800684591959 0.39941762075170056
28 0.20483387655497154 0.34378417406852774 0.2056316401552749 0.3378635409054886 0.31137479413143865 0.35211083198329435 0.3105770675057329 0.3580314322072713
67 0.4185422722000567 0.3464973537385837 0.4185423658517493 0.3821163621828715 0.3068325398064644 0.3821163193232982 0.3068326667577139 0.34649753956071955
67 0.3500796652236886 0.3446900075688157 0.35570932785105924 0.28462422939480586 0.44047135251696545 0.2925682643021337 0.43484195847292995 0.35263379386603105
67 0.45161835247859017 0.26304723120014606 0.4470467960510405 0.29668806185903823 0.39856905572059986 0.29010033412741315 0.40314067023075495 0.25645957153867444
28 0.3698643808130555 0.29730920184040044 0.36745866511694203 0.30665246215684006 0.24485720276265965 0.27508528988839953 0.24726295192192538 0.2657420803994293
28 0.36147121142141714 0.3144912528995923 0.35980607064686865 0.32667844944629176 0.23901535950267316 0.31017489131718884 0.2406805593750505 0.2979877656249578