43 0.5043727284686383 0.6509045693798771 0.5028684424579524 0.6875603720809252 0.3417873476296336 0.680949212683534 0.3432922056267671 0.6442940091142497
55 0.5203386029360217 0.6715752694454433 0.5262365810139045 0.6275638168131231 0.6865772437853366 0.6490476532785378 0.6806800623173785 0.6930583780605625
57 0.5262334247697709 0.7100364492670709 0.546072387767822 0.6546670009663667 0.6609160134729564 0.6958093385283547 0.6410779028419711 0.7511780639024266
38 0.3351370405985108 0.38078226286238936 0.3289934907288625 0.33756855654297907 0.5090025016423851 0.3119773768500594 0.5151463966718666 0.3551906837715228
41 0.6953389190516646 0.3019253791536972 0.7014798393626052 0.35262107909198287 0.532557467941956 0.37308145329888387 0.5264170315180081 0.3223861898476999
6 0.6179256763944068 0.4076664705659455 0.5555353836782615 0.4205732485832358 0.5447918512168144 0.36864158584156154 0.607181764460961 0.3557348484275171
6 0.6055750814502971 0.3556384772175848 0.5596194915447086 0.3856359830628215 0.5236111843535127 0.3304738305292494 0.5695665400671714 0.30047642850126316
6 0.5101958046345771 0.3099516211443624 0.5178854238141639 0.35333307706290124 0.436708297733162 0.36772147976017405 0.42901888818641964 0.3243402117388168
6 0.5456686112109992 0.6166454109476961 0.5874564453125686 0.6396059781250174 0.5593978627518936 0.6906653843754673 0.5176101213425 0.6677049499581652
6 0.5656371232132642 0.5736761699852186 0.6125435546874769 0.596127717187487 0.5866921932472451 0.6501309352432817 0.5397858397725486 0.6276795126792523
27 0.909375 0.04765625 0.9265625 0.04765625 0.9265625 0.06171875 0.909375 0.06171875