43 0.3181470406224207 0.4589242505777084 0.2792497366832549 0.4553374217524965 0.2951940531195305 0.2824428076366747 0.3340905812440269 0.28602959990118176
0 0.2833412897433618 0.4039845671251396 0.2424640062679373 0.39605014157862944 0.2715569833862901 0.2461737701157331 0.312433665367962 0.25410813550619044
55 0.29579555289979 0.48018971947828143 0.3426642940714828 0.4822089951818206 0.3355512243791736 0.6472934657035373 0.28868248509172645 0.6452742182491168
57 0.30892894397322834 0.5501520553071252 0.24225887330851492 0.5649223297090237 0.22065319972330144 0.4674040160120904 0.2873222723867457 0.4526338563482207
38 0.6637654974420002 0.29793983413845343 0.7092292431026408 0.2928261139300479 0.7276434693241072 0.4565321837254388 0.6821797325059151 0.4616458553979151
39 0.6890691470488264 0.24676400733292708 0.7411935207356919 0.23887931871754256 0.7657819449186718 0.40142466576499913 0.7136575869509443 0.4093092894491824
41 0.7030301001694852 0.6475279017048737 0.6453967258463535 0.644609490360125 0.6535420678079618 0.4837883107837039 0.711173876849216 0.4867066829317771
40 0.7826273425383761 0.5836113825414609 0.7040878365000935 0.5856805439105542 0.7011846249899918 0.4754668847954521 0.7797227331110435 0.47339774186695754
6 0.6895893085326179 0.4765334034858538 0.636391807644145 0.4885004304849595 0.620558910589466 0.4181212704496469 0.6737558940984627 0.4061543048696443
6 0.49722578925570815 0.5231755154612133 0.468103145822397 0.5238408722803974 0.4664984787747244 0.4536029081011715 0.4956208115014533 0.452937554881554
6 0.4955072994639522 0.4565498974123504 0.5249947277286537 0.4557044818213613 0.5270202122432011 0.5263467474811256 0.4975327841776789 0.5271921585866354
27 0.4720689300349932 0.3497758692507027 0.495474460895025 0.3499069962027186 0.4948729214843297 0.4572739839101728 0.47146739062498 0.4571428578125001
27 0.49830163563092356 0.4543554800767732 0.4920541567601049 0.34016056222566327 0.5175295335557166 0.3387669186977869 0.5237771749999638 0.452961671874983
27 0.95 0.92109375 0.9609375 0.92109375 0.9609375 0.93671875 0.95 0.93671875