75 0.3009631451442374 0.6527385961115802 0.2811159171799318 0.6516034887545736 0.28430307227358753 0.5958850953556261 0.30415009062824083 0.597020196713913
76 0.3055408143419527 0.6357582958151285 0.2890119804060305 0.6360702518267475 0.2883545027876835 0.601235021561671 0.3048832283891443 0.6009230665717507
67 0.3032472935857413 0.6341175839990734 0.30651797384109614 0.5968258057840123 0.36041798941505476 0.6015525424220808 0.35714751364139374 0.6388441303140736
76 0.5984648821533938 0.6261298987846632 0.6101148991001537 0.6153476368556728 0.6344716328200093 0.6416614220486033 0.6228216519939451 0.6524436466415631
76 0.6726838113995655 0.6016117109786883 0.6750823021016004 0.6412178596396845 0.6213762538642413 0.6444695915220243 0.6189779761396039 0.6048636445803813
76 0.6947833955053966 0.6316067160354386 0.6752873811336713 0.6348263506118841 0.6683126193868247 0.5925961854206493 0.6878084813060923 0.5893765636912945
75 0.7656057484344956 0.5429858146591073 0.7728787797026371 0.5731874389842097 0.7406518022899036 0.5809473596259593 0.7333788700934747 0.5507458208849286
75 0.6820025559316036 0.4932624450293964 0.6899578456296922 0.4929736721647207 0.6908233209645687 0.5168144798962626 0.6828680312952429 0.517103252230914
75 0.61328517004074 0.5502798781249999 0.6043926018958246 0.5502798781249999 0.6043926276889806 0.5180645484375 0.6132851491911424 0.5180645484375
75 0.5266628942600846 0.5599730747830723 0.5190077271804512 0.55800269263513 0.5246826846331487 0.5359569101486544 0.5323378239683052 0.5379272885425176
76 0.5024441047885375 0.6054601814630969 0.48660222362241257 0.6094286611053802 0.47323471885533763 0.556071847565589 0.48907645156248236 0.5521033875000054
76 0.5404950046645354 0.5939743427348858 0.5252089724286861 0.6002467142514936 0.5067789908455325 0.5553365489053242 0.522064906249966 0.549064204687514
76 0.44317937443292976 0.5326525889621287 0.46337381704859126 0.5394736317600328 0.4435257036087705 0.5982304430188479 0.42333127815686566 0.5914094368384464