67 0.2517054782305195 0.5150580874445142 0.22289261070977773 0.5299901201137512 0.2042423675701457 0.49400519247289487 0.23305508867963454 0.47907320555002963
76 0.2633789774172328 0.5276180064612339 0.253981636678418 0.49501853963490194 0.3048616841505236 0.48035260175137073 0.314259103507311 0.512951936709753
67 0.29501553174418405 0.5071575708497469 0.26813908390602137 0.49984508975174874 0.28120123707014955 0.4518399677880186 0.30807750186249905 0.45915242273234863
28 0.2904104563799592 0.4607107311183746 0.27684098572842686 0.46091584266566465 0.27544790090485094 0.36875366129443493 0.2890172101029975 0.368548550985053
28 0.3146602015624467 0.3391173718750032 0.32045603380538523 0.33851226407397145 0.33235094166445833 0.4524386606501267 0.32655511006623783 0.4530437642172166
76 0.31347880592409183 0.449385083837506 0.3425115447581675 0.45172556834682354 0.3362688173618835 0.5291585560776843 0.30723608015102855 0.52681808512149
76 0.4353960241360255 0.46192494189742733 0.47490032585415065 0.46087633933663497 0.4770889293312166 0.5433221330595378 0.43758462783603136 0.5443707290022571
76 0.4766243102487806 0.45783434283180996 0.5138593974709238 0.4573938738865704 0.5149267543638416 0.5476163346232791 0.47769166718899214 0.5480568005204659
75 0.5779959252009803 0.49600693488009073 0.5708100936891469 0.49568108371277925 0.5724354775097709 0.45984031013938204 0.5796212715697493 0.4601661604565747
67 0.6519018020727572 0.45774678092124393 0.6926535918197487 0.4634694307794516 0.6842064819242069 0.5236181963971643 0.6434546978354092 0.5178955724273339
75 0.678804115625 0.559014790625 0.683947390625 0.559014790625 0.683947390625 0.5791773046875 0.678804115625 0.5791773046875
75 0.6761736801255438 0.5892861038588019 0.6666837514204644 0.5887123425870077 0.6685020961572263 0.5586406993687508 0.6779919752807473 0.559214459142947
75 0.6330590820638236 0.5908506519377004 0.6255771310073897 0.5915291879611255 0.623148978155541 0.5647574637234277 0.6306308941046836 0.5640789292995033
67 0.34064210447786536 0.54966508871901 0.32749682342978303 0.6283485157161997 0.26986709752213756 0.618721229203429 0.2830127019652764 0.5400382074056054
28 0.32108799941727284 0.7070060420961247 0.31214191715173456 0.7072207972860046 0.309924433317633 0.61485513914518 0.3188703499999974 0.6146403859375001
28 0.27951593631598826 0.6950979214104941 0.27467537338236525 0.693874103231703 0.29313628565523686 0.6208657514447601 0.2979767793735846 0.6220895604855453