75 0.43886857077552577 0.28410983331482326 0.4395278457596987 0.2680679519468521 0.5187991482383723 0.27132558801459994 0.5181399292242759 0.2873674156326966
75 0.4639554787418092 0.29521043215440657 0.4656850682595177 0.28468814428608796 0.521862667012897 0.2939219866479443 0.520133107711672 0.30444424756682376
75 0.4502360286996918 0.32758719681095727 0.44999203050451797 0.31620568581970193 0.4990395024207146 0.3151541886587307 0.499283527371972 0.3265356722702346
67 0.4022844154329732 0.3658544775556676 0.4011732432148847 0.3303595468755829 0.485422630970902 0.3277220972990808 0.48653395620431183 0.3632168698032851
28 0.5615353593067312 0.353551435165661 0.5616198140412507 0.35991938564950793 0.47520088826343 0.36106526672561956 0.4751164638787486 0.35469734638215134
28 0.5553783077843946 0.3411156617417002 0.5555187270263104 0.3441369189741049 0.4912379323046707 0.3471242785177455 0.4910975236937247 0.34410303145330906
28 0.477166854475513 0.34379586604085743 0.47569838977801737 0.33644517628118853 0.5448738992068911 0.3226262177102773 0.5463423832401304 0.3299768804764369
26 0.46439672465248805 0.6357435598008652 0.46981455735522104 0.6128935950359066 0.5396713142735052 0.6294548473129807 0.5342536646485314 0.6523046531832261
26 0.48613784391295667 0.6790414641106597 0.4785892731038075 0.6472506580285483 0.5687870802140651 0.6258361174456423 0.5763358507330167 0.6576266318830304
75 0.3905824356195353 0.715789394476877 0.38962899930743333 0.7087006944764364 0.4132656065712581 0.7055220192001045 0.4142190582326748 0.7126107008892084
75 0.4061566826977696 0.6589829981668792 0.38468130470596407 0.663875820620261 0.37559639302321557 0.6240052904395325 0.3970716061459143 0.6191124874785026
75 0.33451910537439744 0.6195805751459138 0.3332564023626219 0.6110904085373743 0.374479396882748 0.6049601493669027 0.3757421268795724 0.6134502828866788