75 0.279299012236379 0.47781638624268025 0.2887062727487546 0.47918144852130545 0.283723953496974 0.5135143211968407 0.27431669374993817 0.5121492624999991
75 0.3297887137697444 0.4929124471793695 0.33941637544205605 0.4944092788247266 0.33455682593580605 0.5256635989469384 0.3249291651046633 0.5241667709698247
76 0.7095062398403797 0.5496692619327574 0.6706186691732228 0.5619363073197642 0.6511466365318483 0.5002129381542793 0.6900338319552475 0.48794595651695816
28 0.7003422822640459 0.49883959852747145 0.6831038039148325 0.5006699287382693 0.6685013026035449 0.3631471111646114 0.6857394487087731 0.36131679950285095
28 0.7099520778315309 0.3977899953325553 0.7177345190677897 0.3987804131963499 0.7054377391626758 0.49539958806594453 0.6976552991485505 0.4944091768193959
28 0.6952327901265107 0.4912007154141493 0.6861101956482116 0.490836371404017 0.6903897172293227 0.38369250558065665 0.6995121781250191 0.3840568468749989
67 0.7044884041954447 0.6369965603110771 0.685862227672601 0.6025370149763296 0.742714383812995 0.57181052355667 0.7613405779817413 0.6062698646749954
67 0.7136999282763554 0.683099499667069 0.6510137949791215 0.6947940876466902 0.634231576296088 0.6048455193771918 0.6969166168422589 0.5931510357706025
28 0.6868894336465701 0.7869094275217784 0.6727102613788247 0.7889620441890207 0.6565659041045819 0.6774570690597533 0.670744729382136 0.6754044777292926
28 0.683743075852135 0.6863958650906903 0.6874124706849898 0.6860772664567886 0.6917585719812678 0.7361250160399472 0.6880891773729445 0.7364436129389231
28 0.7212632684761502 0.7772070359058777 0.7135549746338938 0.7790602506845754 0.6982443581904363 0.7153876435056512 0.7059525437499587 0.7135344421875127
25 0.6872456244749401 0.6720347394318925 0.6942678074789228 0.66993326774343 0.7087207735917218 0.7182216565336279 0.7016985953580388 0.7203231170059615
75 0.7082711021353134 0.6837110354613136 0.6987314350853921 0.6849770645707401 0.696155298887561 0.6655681843825144 0.7056949281250127 0.6643021578124948
75 0.6194594135363332 0.6407025516913859 0.6444855722414786 0.6412068924101453 0.6430513049401725 0.7123677936008944 0.6180251463509876 0.7118634565721372
28 0.6312443078124943 0.7234755765625005 0.6328835722241593 0.7234286336845369 0.6352020820040707 0.804377872242057 0.6335628176113914 0.8044248146767803
75 0.40409550707943254 0.6274132436011882 0.41775728059883477 0.630692825347653 0.4070480248445847 0.6752987602425905 0.39338625654636417 0.6720191933991405
75 0.3665162533472994 0.6192210586569856 0.38299778775683535 0.619530299449076 0.3819481243216387 0.6754669828034645 0.3654665899593965 0.6751577437158032
67 0.34348884637836363 0.6529408863770603 0.3067094471554128 0.635675005933861 0.3241741271715455 0.5984769238166404 0.36095328246483405 0.6157427372834009
75 0.30627016450216615 0.6200509400012154 0.3190438661247299 0.6205092107165419 0.3165898436405996 0.6889031800841054 0.30381614218742925 0.6884449124999981
67 0.3121679779972055 0.6240946239504067 0.2802703350790807 0.6472367409789226 0.24861669779022577 0.603612163615604 0.28051411901162737 0.5804701627326373
75 0.22829896724067567 0.5994168647199952 0.2058027686132391 0.5938527648669827 0.2111637668011781 0.5721802029486754 0.23365987985596348 0.577744291732616