75 0.5149879000517785 0.7368838297697243 0.5170389561777711 0.7758327981061746 0.4440391789713658 0.7796757828684775 0.441988467020451 0.7407271414975002
75 0.4745822940956259 0.731080924091747 0.47458245779841945 0.6942050485538483 0.5197745875042301 0.694205237118996 0.519774604800773 0.7310809313883709
75 0.4864969943490678 0.6576251276043842 0.48695493593118044 0.6862342555993769 0.44101131072307 0.6869694017803689 0.440553505894286 0.6583604087538842
75 0.5658561652073786 0.5650864062619076 0.5679026631559054 0.5939239496542641 0.507034761677005 0.5982428098031948 0.5049884292037632 0.5694054212038245
75 0.5713675023147289 0.5449499477014862 0.5672943354201152 0.56124546926653 0.5103047081837531 0.5470016610242168 0.5143779277773319 0.5307062182833556
78 0.5786208192242839 0.526405140625 0.5041838183221898 0.526405140625 0.5041840406078109 0.4848471046874998 0.5786205673616678 0.4848471046874998
78 0.5753588897628106 0.4559919197591745 0.5764935561811626 0.48466645411957016 0.4952685525200877 0.4878800280413249 0.4941340597345061 0.45920566100859594
78 0.5013855325574923 0.46474635123399777 0.4951210546871607 0.4215631851323332 0.574670682257306 0.41002369453840465 0.5809353510383062 0.45320662807616025
75 0.5067957726333816 0.4219771240238719 0.5073710612992954 0.4307008259494201 0.46202261066287065 0.4336911066445718 0.4614473493677451 0.4249674305825746
26 0.5067957829322722 0.39746836225818816 0.506651007427422 0.42384567449334803 0.42376740502697885 0.42339050314375126 0.42391231646308825 0.3970133278651933
75 0.49566225929527263 0.40309689071103477 0.49615008809882966 0.38830229667944777 0.5513567919487059 0.39012249853432507 0.5508690140750332 0.4049170431835347
75 0.563556148478142 0.36813312280037563 0.5637013870667715 0.37987707633684453 0.5062766516131205 0.38058710645261307 0.5061314519207372 0.3688431912743594
26 0.3996579309034587 0.3181818784892091 0.409643199707034 0.2778010673964192 0.48809597432250484 0.29720008054492175 0.47811088283594927 0.33758073860887905
75 0.6443156072127749 0.39601257907424936 0.6413043012536264 0.3778246753162629 0.6773519844349494 0.37185663559377446 0.6803633212882687 0.39004450056421897
75 0.6099558023680629 0.40599060519581504 0.6099558093750375 0.3985721256480975 0.6283845481465278 0.39857213690481547 0.6283845495132709 0.40599060807826914
75 0.6141811123953858 0.43221882176565624 0.6125398132334112 0.4246762782951292 0.6315243959057852 0.4205453508167195 0.633165701857024 0.4280878847557382
75 0.6007414323025841 0.6301489162528393 0.600741447182827 0.6233319324930598 0.6206444797699078 0.6233319599913298 0.6206444778440527 0.6301489308228546
75 0.6252079806680513 0.635357437039231 0.6246523008228451 0.6408048516532612 0.6057977890610573 0.6388817536329582 0.6063534777498489 0.6334343490153171
67 0.575649067561244 0.6561689921739954 0.5814906796960031 0.6317666751738013 0.612776174978876 0.6392550787034301 0.6069346523300965 0.6636573183628869
26 0.7200755105014878 0.7074425066049511 0.6943077953164902 0.7499466734111294 0.6171893386002694 0.7032009864891821 0.6429570252842041 0.6606972309381706
26 0.6770954944481673 0.7598179036850503 0.6582628309290612 0.7842050289934561 0.6268817700646423 0.7599755523223074 0.6457143828125709 0.7355885390624762