75 0.4171119652236257 0.5264358663177079 0.39574949387531433 0.5298263226219379 0.38863496261683395 0.485002388620872 0.40999728813073943 0.4816119440695614
75 0.4479492185154186 0.5214021499955983 0.45250230577210004 0.521487582860818 0.45204240019302233 0.545995841941022 0.4474893129412294 0.5459104092459067
75 0.5522496951161884 0.5619700851017785 0.5326283057581804 0.5632686320543002 0.528427178317429 0.49979255611320844 0.5480483663476434 0.4984940158473416
75 0.5826114559440612 0.557121375761398 0.5696162149539532 0.557307463831325 0.5688211112574209 0.5017833036473636 0.5818162364718091 0.5015972164036763
78 0.6161443710458343 0.5674787493226467 0.5843295089993035 0.570941137377774 0.5767220569134679 0.5010428385906291 0.6085365573525223 0.49758047040981285
78 0.6503469979126066 0.5646678556057103 0.6137874109463155 0.5693238455931982 0.605373137454194 0.503257874182221 0.6419323340051051 0.49860190931949666
78 0.638591549832654 0.5557669777056146 0.6442110298042962 0.49920006423678326 0.696590930625689 0.5044031675779961 0.6909717106011612 0.5609698420987796
25 0.6479230376494343 0.4226305518739766 0.6604040924246419 0.41997517346456026 0.6818149856320588 0.5206060906200751 0.6693339369350042 0.5232614492783264
28 0.6857438364235122 0.40607637549316067 0.6900774177705671 0.4067477961641262 0.6781448148352638 0.48376044719536115 0.6738112342953855 0.4830890300868754
76 0.6945738826884735 0.4831538934747319 0.7292962201153159 0.4835833075879835 0.7286688107253667 0.5343115945491929 0.6939464733188743 0.5338821821252586
67 0.7573988412735844 0.46838744119633 0.770347986732645 0.4788850404322696 0.7501449760382002 0.5038043195696588 0.7371958531134624 0.4933067453016542
67 0.7293118045478195 0.5283049212195869 0.7475826118986788 0.5396276748091706 0.7232592197923395 0.5788731014519491 0.7049884461704323 0.5675503919247974
75 0.6136177436032995 0.6514069888041591 0.5937740717449742 0.6544063035985146 0.5861370123689085 0.6038844314241839 0.6059804952981267 0.6008851310703762
67 0.5719429271010767 0.5941335599271841 0.5887190071968007 0.5919506809877402 0.5933000927423109 0.6271537710351717 0.576524014078359 0.6293366427700107
67 0.5468086315637493 0.6004836820356487 0.5724003126358639 0.5954199658083824 0.5834071727616674 0.6510414476813543 0.5578154998111131 0.656105136550511
28 0.5742925351785289 0.756312595102 0.5650103988990622 0.7566630428812599 0.5606310046842964 0.6406831451291733 0.5699129156249683 0.6403327015625019
26 0.3567748784101923 0.7247316407531872 0.33432751230191116 0.7215071208919488 0.34916998693609 0.6181982408921307 0.37161688148898975 0.621422726373394
26 0.3341147296589497 0.695765774637362 0.31768187301793205 0.691933708519169 0.33733734574241225 0.6076581250439769 0.35376993020668124 0.6114901580375898
26 0.30369924813408034 0.6850250534351584 0.2928078497888009 0.6771234425095581 0.3021819264686201 0.6642042505606617 0.3130733001250974 0.6721058485380661