67 0.1370303399663726 0.47419074270198885 0.10890251062733114 0.4678132260212703 0.11765387433547403 0.429218353328689 0.1457815576146686 0.43559585290974967
75 0.15419439847323702 0.4779004291934333 0.1442433174765938 0.47893185256977777 0.13964724906509218 0.4345919371789161 0.14959826894107664 0.43356051699419856
75 0.21930369641108882 0.5178179855183482 0.23144654270799947 0.5213160683695068 0.22176821515415668 0.5549093935359523 0.2096253729662294 0.5514113206805592
76 0.1825983398517792 0.5077031799572457 0.19562522551359507 0.5060019241801895 0.20134043455630035 0.54976088961125 0.18831355006193462 0.5514621393552227
25 0.21321188165097738 0.5470436902041506 0.20121350289537077 0.5489510235591737 0.1885003985730691 0.46898325715136846 0.2004986289292674 0.467075935858587
28 0.21239187812500404 0.39886763124999963 0.221553838612067 0.39876987515015566 0.22260522581245823 0.49730293806732806 0.21344326533483127 0.4974006935089784
28 0.19432624937121545 0.39509869705594897 0.20181975930586304 0.39502455722623 0.20262520945857432 0.47642901682722855 0.1951316995309753 0.4765031562546404
75 0.23106664288479806 0.5087722923780629 0.24276497969628963 0.5104773707643877 0.23686625230425307 0.5509444300232966 0.2251679167001157 0.5492393572546364
78 0.2626978596900926 0.49515913467781897 0.3034880290564388 0.49686650082333866 0.2996431108465458 0.5887162979105263 0.2588529421777821 0.587008944805716
9 0.26917371167201054 0.3887205423150799 0.29323094200594824 0.38919442293189016 0.29106340523924246 0.49922623956555895 0.2670061750000059 0.4987523625000011
75 0.6223133071318898 0.4539211256849316 0.6542450642689346 0.4624069818976578 0.636392146056437 0.5295815662276248 0.6044604055648506 0.5210957541459829
28 0.6464467399231353 0.4620459080110612 0.640770003980947 0.461950369475648 0.6420135970716956 0.3880645274077121 0.6476902781411127 0.38816006547808235
28 0.6355367417970683 0.39216446540365957 0.6411280590345996 0.39231533734150764 0.6392577859617177 0.46162397906813085 0.6336664687499933 0.4614731078124992
28 0.6181911400329909 0.4170027492840213 0.6231949543126802 0.41671613078804604 0.6265399931687625 0.4751106876765029 0.6215361789866165 0.47539730502537475
78 0.5457177823088841 0.6097921868029159 0.5952953036160125 0.6021834501982531 0.6054096428066487 0.6680792277037823 0.5558321326650457 0.6756879149979103
67 0.5348532328125657 0.6293031249999983 0.5474607371016873 0.6267933464405024 0.5545771222209623 0.6625369925790778 0.5419696205516402 0.66504676214393
75 0.24308923437490648 0.6464870859375037 0.2498221889712795 0.6460050401396068 0.2518751934079546 0.6746765296318947 0.2451422389625577 0.6751585740366693
75 0.16821005675876677 0.5979176885987533 0.1808801801565778 0.6017213693561557 0.16629752492440275 0.6502907483590393 0.15362740937496255 0.6464870859374969