75 0.4286178194585091 0.3452474844422797 0.43114281453063086 0.3204994865889183 0.4809928041999001 0.3255853927262415 0.4784678780373497 0.3503333271134854
75 0.4303672994947192 0.44450378898108284 0.4299875778202704 0.4652977076894404 0.39414042694784257 0.46464305989211746 0.3945201992363536 0.44384919251838956
75 0.4156367162029255 0.4840942256463278 0.41669889983654684 0.5002480446909595 0.3772478249492224 0.5028418511185645 0.376185692168292 0.4866880801402633
75 0.3824888740196002 0.5484742844976157 0.38248889757494453 0.5389398493001583 0.42115990929301006 0.5389399035761356 0.4211599162733819 0.5484743081764792
75 0.37013987516888847 0.5302725994084863 0.3671975592187664 0.5078979704367877 0.41157156655526705 0.5020631140883736 0.41451394884222736 0.5244376644483981
28 0.4230013890625 0.47810128281250003 0.6080698578125 0.47810128281250003 0.6080698578125 0.48945176718749994 0.4230013890625 0.48945176718749994
28 0.6109352703541617 0.521235707328267 0.6105663073162759 0.5309660965533358 0.42477538089997324 0.5239201932757013 0.42514448223255386 0.5141899466576707
75 0.4170345359038947 0.6290756297551998 0.4129784886906691 0.6150936082737364 0.45159713869497864 0.6038919865961334 0.45565321689798566 0.6178739549610862
75 0.45313768906248697 0.6529153390625255 0.4527140010236508 0.6466149203250962 0.46869730453443026 0.6455402084490265 0.4691210018181664 0.6518406172284956
75 0.4789216421875153 0.7050123687500249 0.4782760504581347 0.697157828378527 0.5010675106486815 0.6952847804860841 0.501713119767146 0.7031393017058252
67 0.3897674129253801 0.700759316034909 0.40690185285211555 0.6841019238099475 0.44612241045149403 0.724439577980917 0.42898807111851056 0.7410968684320859
75 0.38815849514594447 0.6375781011923929 0.3923540569976467 0.6835151368813608 0.31530981387129486 0.6905503862191771 0.3111146405724412 0.6446137115210958
75 0.32606515678594405 0.6382929531445636 0.32620295263450316 0.6254453995583001 0.36080712129455605 0.6258164659536823 0.3606693687174811 0.6386639766939899
75 0.3617219784350709 0.6018563385897832 0.36401973642091434 0.6117571772814592 0.3390931964788706 0.6175413558186944 0.33679546562495943 0.607640540625043
67 0.3714301316814499 0.6166182007680973 0.376981380709708 0.6335027766338112 0.3532376752956452 0.6413081534276615 0.34768647379735285 0.6244236179647997
75 0.33486752006490406 0.6068489569447824 0.333924971984743 0.6001595170449182 0.3497861288930153 0.5979249070936289 0.35072868513282174 0.6046143371508601
75 0.34811525098268703 0.36669176961885525 0.3472022541449178 0.37142330040898514 0.33273808147316686 0.36863239722159047 0.33365108124996823 0.36390087031246904
75 0.3486136203295018 0.3384791011456921 0.3515175496034999 0.3585009922610197 0.3079513312173958 0.3648194150702861 0.3050474543498467 0.34479757076360057
75 0.366654545253823 0.3169006337062893 0.3618021753119365 0.3431413613462393 0.3195727123443248 0.33533257704586467 0.3244251250786192 0.30909190515341006
67 0.4068253654362479 0.2897251600155673 0.40663295649699194 0.30650648187368573 0.3644388939317196 0.30602265078025814 0.36463133459415076 0.289241360816894
67 0.42625120473076095 0.27781926159310655 0.42171263935642855 0.29031025504393176 0.39801397703217845 0.2816996047623433 0.4025525484825039 0.2692086247008443