75 0.2527560262656152 0.49846759006902214 0.26275220190950677 0.4980270634067749 0.26464721488150644 0.5410241472209949 0.254651039337773 0.5414646723860997
67 0.3186265477976349 0.5579525334230356 0.2698246774306199 0.5637079629278084 0.2592136514236927 0.4737385240356546 0.308014839111479 0.4679831350093788
28 0.2844894437499761 0.4024072390625027 0.29417564628238324 0.40061373647556925 0.3067676604987355 0.46861586228269597 0.29708146020198 0.47040935661561534
28 0.2698858616091684 0.39874368478390404 0.2740820343979067 0.3980039756309543 0.2869621981134287 0.47106567806581007 0.28276602627283864 0.4718053835896826
28 0.28521000290447773 0.47376567712347994 0.2810098431801862 0.4747685887764227 0.2657364246185807 0.4108079181012395 0.26993654843749937 0.4098050109374996
67 0.358139549197972 0.5681073684033434 0.34107807542966384 0.57552592714904 0.331800014142118 0.5541898868710721 0.3488614287726932 0.5467713428696809
75 0.3620425016005129 0.5747838967114929 0.34755644051483614 0.5730342468006399 0.35363581541696476 0.5227058831304026 0.3681217542817876 0.5244555255478329
75 0.3625978793554623 0.5394537321637023 0.37908306649319456 0.540868466100486 0.3760292048826841 0.57645025717575 0.35954401828371374 0.5750355275351764
75 0.42975536497669964 0.5499069704104768 0.437710104259736 0.550867753954899 0.4337703805238107 0.5834832686320056 0.42581564172746766 0.5825224878112332
75 0.4259969878951324 0.5695623461865734 0.42258428077229837 0.5692532023613933 0.424362133792215 0.549629035599984 0.4277748295259016 0.5499381789062538
75 0.4901475234375 0.580801665625 0.4973090796875 0.580801665625 0.4973090796875 0.6118018484375 0.4901475234375 0.6118018484375
75 0.5891197831381305 0.5957721678295868 0.5844971427151222 0.5966096549324715 0.579311632787153 0.5679903597371571 0.5839342498893529 0.5671528748029069
67 0.585013671022125 0.5494725633972501 0.6024165048637542 0.5463196653179261 0.6097237993050157 0.5866493460790189 0.5923209684627864 0.5898022329673801
25 0.6019942556580418 0.5777016379466442 0.5958860741947092 0.5785205516958482 0.5878948568182523 0.5189203466171739 0.5940029783205318 0.518101436916741
67 0.595145507607981 0.5671820767708877 0.61745818633824 0.5541886429955603 0.6396195433900402 0.5922409298700644 0.6173069019955619 0.6052343130433416
28 0.5937794816567248 0.5172512884813031 0.5909527178886265 0.517567611444298 0.5865294002044266 0.4780423798020745 0.5893561468750477 0.47772605781250094
28 0.5963070703125 0.4870261125 0.59862404375 0.4870261125 0.59862404375 0.5025262046875001 0.5963070703125 0.5025262046875001
75 0.6896301973259824 0.5710693264274542 0.6823147619932115 0.5724270064064102 0.6781628627894634 0.5500578705144775 0.6854782704031095 0.5487001931755188
75 0.6952831243265791 0.568276448739551 0.6886861651408935 0.5677248233000818 0.6905745766327982 0.5451433826530364 0.6971715105989915 0.5456950070325408
75 0.7378791504075934 0.5379270390649026 0.7299773854097111 0.5402175914479194 0.7226586618003239 0.5149721417113202 0.7305603953379887 0.5126815941928708
75 0.599383833427737 0.649985862369642 0.607913980784133 0.6513278901235575 0.604253952891554 0.6745885350294448 0.59572380627435 0.6732465104654508
67 0.5770130569408138 0.6299375427003577 0.5952360017342926 0.6280050226859583 0.5998426259551479 0.6714382836996741 0.5816196824875988 0.6733707953576802
67 0.31401635476242973 0.6258019180071757 0.2867813075242793 0.6388798907540959 0.2565678013942261 0.5759665473060981 0.2838025534646249 0.5628886582617473