43 0.4516434267874274 0.3225208348574756 0.4508313768374137 0.2813367623439474 0.6511881293159831 0.277385905943514 0.6520005494461429 0.31856957131087177
57 0.3071943513646147 0.27080622651929537 0.30248104585143665 0.19815097212042512 0.4206035763739919 0.19048810382130188 0.4253171637909645 0.26314305979974845
55 0.43814528403413533 0.2655552957355377 0.43586473783329893 0.3218042988128367 0.2334024025655026 0.3135949323890101 0.23568342563146416 0.2573464528354907
38 0.6042681100781238 0.6769126502130557 0.6027673623084411 0.719668867504376 0.43290563574555563 0.7137053931839993 0.4344071243601775 0.6709499318892547
39 0.5899624275195947 0.7117206075112591 0.5905389798577971 0.7531356086179118 0.43862421947767416 0.75524830165663 0.43804837776815475 0.7138339948402684
41 0.231989614851841 0.7545827006255843 0.2269405288679991 0.6992389066418292 0.41899301544833634 0.6817185989022796 0.42404315198712084 0.7370612464250006
40 0.4174850112523245 0.8053194668814239 0.30187061229321444 0.8028187127154077 0.30344731191030405 0.7299863138629776 0.419059759192578 0.7324870470372604
6 0.3488545471823272 0.7538847662630789 0.33224365545333967 0.6969941288017196 0.4103085940151914 0.6742041987844345 0.4269197831777092 0.7310943356565822
6 0.45106369041843664 0.32467853209190356 0.4482053163690125 0.28355563863482813 0.5299919770828865 0.27787088606359733 0.5328504943191774 0.3189936239262182
6 0.4413351801075578 0.27679223316545337 0.42216461409043404 0.33437578188023026 0.33891148485224676 0.3066598730059688 0.3580821642965475 0.24907655280825794
27 0.0703125 0.95 0.0953125 0.95 0.0953125 0.9640625 0.0703125 0.9640625