67 0.32524126378189067 0.4335536891435102 0.36828983478551436 0.4425229946231817 0.3505478234754946 0.5276706820708349 0.30749927012550415 0.518701434033233
28 0.30820303579571373 0.3418820684175181 0.3157190081697081 0.3408163535189457 0.3297161699787239 0.43952722082584594 0.3222001989461205 0.44059292937054156
28 0.3476958548787934 0.31906704258559704 0.35835759094265995 0.32065341338391123 0.3400342445952447 0.443796500034488 0.3293725110944479 0.4422101407289131
75 0.35451877989760305 0.4400501320224302 0.3636113132797618 0.44010967525049205 0.36320590375919437 0.5020135731899137 0.35411337037999147 0.5019540302265717
75 0.6341647520342804 0.4987100648266615 0.6101477974266345 0.4933084328159778 0.6227176828834899 0.43742395168035964 0.646734447438007 0.4428255614253955
75 0.6510703256244597 0.4869541820555003 0.6370114576549213 0.48603720832721725 0.6406917476613216 0.4296161857578909 0.654750504642152 0.4305331558472199
75 0.6097054226629552 0.6020142155542377 0.609208539363749 0.6109264608323572 0.5943334767118813 0.6100972100797217 0.5948303715290422 0.6011849770582786
75 0.6309821058598573 0.5796454336374847 0.6358475295999142 0.5783232279214787 0.6411120879947703 0.5976936077344627 0.6362466651874001 0.5990158110697292
75 0.6338818975799541 0.6013081616840367 0.6288055978826605 0.6023014096648271 0.624981335401344 0.5827583943861582 0.6300576173596255 0.5817651481921654
75 0.37253963063574247 0.6160766642285236 0.36594544808053797 0.626111872319815 0.33903957790653294 0.6084338749918197 0.3456337550068156 0.5983986969660291
26 0.2363249628408539 0.5102688875979532 0.2860278028867924 0.5351782268171397 0.2351989105687835 0.636589399071781 0.1854962329709906 0.6116803081113791