0 0.2797494861316636 0.4914350842390901 0.2359540512509284 0.4878837373316398 0.24933079414267922 0.32293656924222397 0.29312528597824894 0.3264878764214977
43 0.31859978880402196 0.5210755828125 0.2775812152410708 0.5210755828125 0.2775818178301961 0.33357558125 0.3185993591099532 0.33357558125
55 0.284588643856182 0.5174536406281364 0.3319756856691356 0.5195495108674025 0.32453746203805167 0.6877083633448754 0.2771504223557031 0.6856125253045038
6 0.28403050805411567 0.5184779186269203 0.33124627523386607 0.520009341023094 0.32912872633858115 0.5852902890000179 0.2819129596557559 0.5837588749926456
6 0.3326028402814245 0.533645465993325 0.38239015431054213 0.5390282138151499 0.3750521884275031 0.6068936298381126 0.32526487968971196 0.601510913842908
6 0.3169080755737923 0.460639103348777 0.3658727859027522 0.46302136644650405 0.36226325773327517 0.537205666181352 0.31329854847410843 0.5348234165476877
27 0.3571430379181493 0.4709302102644296 0.32086527618525906 0.47543288772218517 0.30555760180334346 0.3521043754562703 0.34183484364655214 0.34760172905474196
38 0.7206507360210708 0.5196220937499999 0.6768032943069784 0.5196220937499999 0.6768037903517552 0.3590116265624999 0.7206502551890708 0.3590116265624999
39 0.6904548095552627 0.3459376138483294 0.7405686748107883 0.33130814000840386 0.7703293696026776 0.4332502991652097 0.7202155427414709 0.44787968098823217
41 0.7088839744050119 0.7023791975519139 0.6568370025776176 0.7051127488667686 0.6477463665997902 0.5320308086083008 0.6997916614785709 0.529297301146733
40 0.7226110966043962 0.4931503816631567 0.8040194823679485 0.5211648488023818 0.7647825329420357 0.6351741586091204 0.6833742842154606 0.6071599811433306
6 0.605623224303713 0.5584237251501094 0.5770946049185568 0.5609940621164717 0.5709120470639846 0.4923769549090413 0.5994403559994907 0.4898066319470145
6 0.6021923625000001 0.4869186046875 0.6329561531250001 0.4869186046875 0.6329561531250001 0.55087209375 0.6021923625000001 0.55087209375
6 0.6319671419123551 0.5318742070784241 0.6255060063521114 0.4679540919022387 0.6769826049650192 0.4627511704186401 0.6834439619594832 0.5266710351766043
6 0.7233329118685106 0.5222422946733313 0.6771293010127692 0.5239714776936953 0.6742380043494904 0.4467150790610019 0.7204410920097644 0.44498590579874747
6 0.6547631675275625 0.6001133044773528 0.6449561519348208 0.5349047873315722 0.6984649996502412 0.5268580721192733 0.7082722614870818 0.5920662921572513
6 0.656482573460039 0.6189427751412919 0.6072058965726228 0.6194038079496675 0.6064723945030437 0.5409752326392625 0.6557483875799335 0.5405142030332206
27 0.940625 0.90546875 0.9515625 0.90546875 0.9515625 0.91484375 0.940625 0.91484375