76 0.27203417237785743 0.3915986822489415 0.30022620121440013 0.3952657271462192 0.2930866111719297 0.4501515895054334 0.2648945847181494 0.44648455762508643
28 0.2819464468750539 0.29544132343749985 0.2908204452237442 0.2954115543901509 0.2911531480654048 0.39458515118983484 0.2822791497178514 0.39461492008114857
28 0.26467477743460677 0.34879684316499476 0.26848494358296193 0.34807595887130266 0.2783163898051271 0.4000369984253917 0.2745062242615859 0.40075788054532174
28 0.35828937391192994 0.3289511356051543 0.3650331322372722 0.3291375098401056 0.3625675848487617 0.41834719672579945 0.35582382656252776 0.41816082343750144
67 0.3559100747396542 0.40993600181850187 0.36165254077059217 0.41061504327426557 0.35890513114509304 0.43384788671174296 0.35316266529298446 0.4331688462749322
76 0.34854597058642867 0.4291582365912296 0.371089016623273 0.43555688954525834 0.35860873149897543 0.47952336190322276 0.33606569363462313 0.47312472915661086
78 0.3678282035745042 0.45209109250634355 0.4004760259883824 0.4542974554757505 0.3953948187423748 0.5294793732464638 0.36274699753641926 0.5272730226969173
78 0.4224436001020422 0.54268057498529 0.3891917041266879 0.5403210404615661 0.3954904798249572 0.45156508975557413 0.428741928357681 0.4539246083199093
25 0.3832710749999251 0.48245287499999534 0.37636484320728414 0.4814978695464296 0.3842175713916731 0.4247138492067512 0.39112374968135555 0.42566885092655726
25 0.40526935201432934 0.3864458856545347 0.425575166814383 0.3871537010270507 0.4218013765774913 0.49541012116578953 0.4014955619942384 0.49470231097329426
28 0.4006229421875105 0.2891928421874989 0.4040544455823465 0.2890154981548877 0.40839239512717995 0.3729496013862521 0.4049608917915748 0.3731269446587272
28 0.39328174896638757 0.35337774212741385 0.39712988639075775 0.35372041722303493 0.3917908685182283 0.41367334731867783 0.38794273125006384 0.4133306734375008
28 0.37726463694480117 0.35831504308297935 0.38368386071124405 0.35852022933942773 0.380346984642415 0.462908859911752 0.3739277609375904 0.4627036750000014
76 0.4793529992365393 0.48447126817712427 0.4900366002722194 0.4836626280358504 0.49329576525815355 0.5267188128546089 0.4826121645318153 0.5275274503024211
76 0.4913865624999971 0.4866848468749998 0.49590553204188836 0.48657795928680836 0.4965729102992782 0.5147911033004836 0.4920539407656861 0.5148979906586294
76 0.5090455545779378 0.47317295475284055 0.5234580554063086 0.4723465286513452 0.5267344781226484 0.529481613003409 0.5123219776021415 0.530308035488415
76 0.5222309866383057 0.47144215935434963 0.5400576761682032 0.46990886357728073 0.5450230929947111 0.527634445001931 0.5271964043433854 0.5291677340021591
25 0.536929720072294 0.49112447583544433 0.529181802570406 0.4907668858808043 0.5328916367793681 0.41039203881323805 0.5406394671939552 0.410749626730032
75 0.54177371875 0.47751557499999997 0.5494485828125 0.47751557499999997 0.5494485828125 0.5226566046875 0.54177371875 0.5226566046875
76 0.5981672555132036 0.4521236813632312 0.6175710155205252 0.48746368864611495 0.5864065471354252 0.504573541144333 0.5670028932808009 0.4692336251723471
78 0.6438462958470836 0.4979080355756685 0.6108490487517884 0.5019801927675281 0.6024018800785598 0.43353509809508056 0.6353988080473982 0.4294629608202459
67 0.6117403235921302 0.4002339684030665 0.6329394044598757 0.3981590744046322 0.6407839480946222 0.4783018510214939 0.6195848688951173 0.48037673382242363
28 0.6188560740376943 0.39428680059087595 0.6162044975230856 0.39444558627988746 0.6128675995876165 0.33872462893193706 0.615519159375026 0.3385658437499981
28 0.6241951242219557 0.4048667254367452 0.6215807375074291 0.4052314258603505 0.613905858094995 0.350215799232785 0.6165202281249549 0.3498511000000052
78 0.6962578704441285 0.48968869849827357 0.6450655420057956 0.499274787740572 0.6312999075819334 0.42576603153344206 0.6824917188766904 0.41617999182119253
67 0.6431310461153998 0.41396058394796814 0.6704190111753405 0.41241148699535285 0.673509549705841 0.4668494352780092 0.6462215851222481 0.4683985265460461
67 0.6800305977563994 0.3807794330891331 0.72293192635982 0.37539494656631506 0.7341380539301099 0.46467607882661655 0.6912367314938592 0.4700605340821615
28 0.7086186078125001 0.2807288984375 0.7142913328125 0.2807288984375 0.7142913328125 0.395697459375 0.7086186078125001 0.395697459375
28 0.6845890207630418 0.29761484652264897 0.6945770417324866 0.29666982140830783 0.7039242698543831 0.3954577679950164 0.6939362495980959 0.3964027881293704
28 0.6689095294904064 0.42179461748270763 0.6634698963115397 0.4215293214937728 0.66851568240088 0.31807583145611223 0.6739552510790645 0.3183411258511441
28 0.6452175499999839 0.33151255781249983 0.6518254157791716 0.3310422702419519 0.6574981159103572 0.41074440383029615 0.6508902503632044 0.4112146892534124
28 0.6495555171875367 0.30823671406250047 0.6565396872415477 0.30787462550060063 0.6618786943495252 0.41085260248215644 0.6548945244564948 0.4112146889862876
28 0.7022785015625459 0.27790758437499974 0.7079951033250609 0.27783498255077105 0.709329856006093 0.3829289423954033 0.7036132542517635 0.3830015438349098
78 0.6270116377587556 0.580166355823265 0.5955081772038966 0.5835533787470637 0.5875066299240643 0.5091343726462696 0.6190097039586817 0.5057473706346276
25 0.6275322317575274 0.6460890854948564 0.6055084201252612 0.6481274643326096 0.594376046358434 0.5278571617070574 0.6163994101465278 0.5258188029695593
28 0.6235277140624476 0.6376251640625054 0.6256396159710675 0.6372229691499284 0.6359839421078277 0.6915332836307045 0.6338720408323297 0.6919354762978207
76 0.5706093530799308 0.529345635592948 0.5855928843320726 0.5232701616561061 0.5990524441136813 0.5564616483941429 0.5840689229164582 0.5625371043392138
78 0.3870285339669408 0.5412141676019743 0.41511193288590675 0.5422986462567397 0.4122540137169608 0.616299325421796 0.3841706152046527 0.615214853835058
78 0.35891426587045316 0.531071826348249 0.3889375493221223 0.532649888504799 0.38536502758859115 0.6006121287413306 0.35534174485496806 0.5990340758508171
78 0.3522818332642146 0.5927298557985388 0.29952239215310783 0.5811114277940235 0.3177425421324642 0.4983828148073705 0.37050126738495237 0.5100011611650057
28 0.3330851131457848 0.5831314199247504 0.3412576172199806 0.585144179799802 0.31202540325614336 0.7038228014607502 0.30385290781248386 0.7018100656250027
78 0.24761701407214787 0.4992597558413936 0.27480578740767214 0.46407887332396625 0.33337724591581264 0.5093411662740451 0.3061886912465752 0.544521848452711
25 0.2746986964669986 0.49564606180487036 0.3100661667822351 0.5049873748236572 0.28435679066183184 0.6023178671003783 0.24898934970656228 0.5929766325209811
28 0.24745932169628304 0.5896628183133041 0.25104085801092424 0.5902275609066352 0.24636921407750378 0.6198513629104301 0.24278767812495516 0.6192866218750012