26 0.2867366154260935 0.405323962995856 0.3271174742008043 0.4094123535069078 0.3140249292722501 0.5387184367322668 0.2736440755984404 0.5346300848127103
75 0.33361185312499997 0.4904543421875 0.3558475 0.4904543421875 0.3558475 0.5656344109375 0.33361185312499997 0.5656344109375
26 0.3648590363270614 0.46673694940478944 0.3821412607946968 0.46480302584288835 0.39083628203570697 0.5424990210447942 0.37355405952735055 0.5444329329924965
75 0.3954451353120021 0.5708114902216271 0.38599930693692386 0.5712393207403776 0.3845487466853683 0.5392157143668638 0.3939945240255156 0.5387878850044379
26 0.4967315397650509 0.42837347072711834 0.510748628006013 0.42989721513806717 0.5026775072702776 0.5041395597503004 0.4886604203124989 0.5026158234374972
26 0.5214146237010482 0.4594103834700766 0.5333435451460673 0.45964194481127085 0.532294294610324 0.5136904585748578 0.5203653731922486 0.5134588981628783
26 0.5541654284905917 0.4694481459035804 0.5705926615169119 0.4715910289819854 0.5666810672273641 0.501574983222154 0.5502538351370276 0.49943210493976625
26 0.5609154073165428 0.49679967172582834 0.5814406817911504 0.49531220777496665 0.5839945285117665 0.5305495395393822 0.5634692544728068 0.5320369993731191
26 0.5980357918959953 0.531361141831476 0.5804562579124877 0.5327261303474794 0.5754671881094282 0.46847605552923366 0.5930465505659868 0.4671110736957071
26 0.6196704733705474 0.534677911422438 0.5978159527534217 0.535757770799146 0.5950072758736269 0.4789176150123371 0.616861604395126 0.47783776039740766
26 0.6262810499999887 0.5026158234374551 0.6363806937622485 0.48477524788484383 0.652005706262571 0.49361999995235806 0.6419060907311405 0.5114605511128875
26 0.6647524874805413 0.5683907878415668 0.6453254926922227 0.5667909426947934 0.6524246288721542 0.48059520683024054 0.6718513550696343 0.48219504081935594
26 0.6621166222712418 0.47871688572559595 0.6967721564300291 0.46741518779046093 0.7132203703533833 0.5178483170321528 0.6785648574377774 0.5291499693140831
26 0.7117706767545542 0.43049029783978743 0.7334935467501964 0.42655459084429254 0.7432646973538795 0.48048249794964165 0.7215418313815007 0.48441818995829794
75 0.7310871738560536 0.6033442655514554 0.6943054994804925 0.5920991151750156 0.7178026944889098 0.5152507928441229 0.7545838951533597 0.5264958652913206
75 0.6150235793428465 0.6371372911567007 0.5832802294422663 0.6364737240808426 0.5845974680564723 0.5734766430749154 0.6163404480430472 0.5741402062746374
75 0.5691561965253413 0.6355614527647415 0.56915624359101 0.6018613083082984 0.5861176185785553 0.6018613505148978 0.5861176254524025 0.635561440852925
75 0.5368173612893088 0.5821029617459867 0.5560450222420741 0.5863168174380332 0.5443730353514411 0.6395696689573243 0.5251453812170439 0.6353558346753223
26 0.41229458834982324 0.7670019458657139 0.3889618140491393 0.764901888960768 0.3995257451447287 0.6475529771219916 0.4228579401534489 0.6496530080773255
26 0.37281685320112956 0.652898973680088 0.39105514988682444 0.6533119908427194 0.389882411493204 0.7050914469372587 0.371644114877995 0.7046784319858109
26 0.35274251031114545 0.6838444974033551 0.33581098419460886 0.6810130505756115 0.3406110180144424 0.6523140373020794 0.3575424459952501 0.6551454757530295
75 0.4385971750942872 0.574332546791957 0.4367551622459587 0.5412924266892778 0.4634538077356183 0.53980409305498 0.4652958910578491 0.5728441385741601