67 0.35207227722605694 0.4358757319110237 0.3520724547698819 0.5199006394117289 0.30927511068148306 0.5199005433515516 0.3092751955927042 0.4358758997254625
25 0.33223957187453834 0.43366464473720173 0.32708713662975697 0.4338105770393434 0.32542459943522317 0.37511361285754 0.33057699740811586 0.3749676810837635
75 0.34859254045579746 0.4450045264999883 0.3775271237183233 0.44008754608050227 0.3862419201003604 0.4913675390667086 0.35730734145545284 0.4962845012474222
75 0.38319676082915066 0.4361733383856686 0.40223025132922885 0.4316810263587617 0.4126961463155112 0.47602128599414706 0.3936626607303424 0.48051358381831183
28 0.3249327920024143 0.42371433138580455 0.31659407988240673 0.4247102652784217 0.3056338060850976 0.33294636430768787 0.31397242812499826 0.33195043593750406
28 0.3358929719341859 0.3363727937346042 0.34241678079547455 0.3364055549195188 0.3418948666724191 0.44033094223151925 0.33537105781249466 0.44029818125000025
26 0.41250083883426214 0.4706777915535163 0.3831945329039854 0.47387056003269823 0.3677196278794099 0.3318319799957792 0.3970254213957105 0.32863923985529947
76 0.4444973006940245 0.5237309078124999 0.4251144267224163 0.5237309078124999 0.42511453663871634 0.46556995000000007 0.44449724102514665 0.46556995000000007
75 0.44401971122431405 0.45447883739447664 0.4610182073957958 0.4511745430182438 0.47529590904196084 0.5246190627951338 0.4582974181074633 0.5279233386654285
75 0.5016108256464804 0.49348092139365524 0.5078547370089836 0.4930964468153296 0.510113135089 0.5297702333067876 0.5038692238285876 0.5301547067877768
78 0.5448919172376918 0.5466829293808249 0.5113143935250264 0.5486643417041377 0.5058098725660329 0.455386747080308 0.5393869174562269 0.45340534894531437
78 0.5741026462972059 0.536091075270092 0.5415733846397188 0.5384536162491952 0.5348629358238668 0.4460630264305323 0.5673917526524974 0.4437005015685934
78 0.5691536154470214 0.44095068213523003 0.595995616364462 0.4400767716584315 0.5986288452774033 0.5209504170595065 0.5717868446338343 0.5218243223333764
78 0.5941085929883911 0.4393410383773785 0.624739760516718 0.43971182154450505 0.6239090330967656 0.5083354024054475 0.5932778656049322 0.5079646210759072
78 0.6379271137589058 0.43855280609728753 0.6816781776514063 0.4337864301106027 0.6888519664992145 0.49963112208111815 0.6451009062963067 0.5043974754057263
78 0.6226820240798361 0.5026663368439706 0.6147108335104576 0.4452780676351396 0.6459930711167772 0.44093330723410673 0.6539643705809794 0.49832144585566246
25 0.5218566104499587 0.39743653649759847 0.5287507153774413 0.3976845082373106 0.5250281591370367 0.5011728978933501 0.5181340543025499 0.5009249279127664
28 0.5574167456372834 0.45669630281058754 0.5509537570574139 0.45699253072422596 0.5460538920632416 0.35009358890242526 0.5525167954244807 0.34979736295031405
28 0.5852558020205834 0.3237279480680782 0.591077127013591 0.3239522920030877 0.5856757483228421 0.4641022529698674 0.5798544234374958 0.4638779109375014
28 0.5273483837324875 0.40732860739321985 0.5212422464054498 0.40744092064151854 0.5199073750301295 0.33486931432964 0.52601346093752 0.334757001562499
78 0.6608925442438931 0.5239468903691088 0.7129680636390958 0.524910945810829 0.7112512214443996 0.6176409752966738 0.6591757022798674 0.6166769276428656
78 0.6669238634077601 0.6076821260652918 0.6426346206452536 0.6081407790281157 0.6412450345233083 0.5345493028007218 0.6655339656638262 0.534090652784996
78 0.6103469181258561 0.5321913006585346 0.6483968279444525 0.5296965401259812 0.654354724938571 0.6205571570183791 0.6163048170340062 0.6230518976438303
75 0.6006505199588901 0.6362505195237133 0.5743923072400321 0.6277989732228008 0.5914755116978085 0.5747295131518443 0.6177334733320095 0.5831810157368417
28 0.2828854141029069 0.594434752573268 0.29427486238819256 0.5992299935969936 0.2611783973986803 0.677829765422295 0.2497889718749775 0.6730345640624859
28 0.24549928593751247 0.6647574218750084 0.2385936605611505 0.6627374523909588 0.2648923716644731 0.5728414978034557 0.27179788618104794 0.5748614503312731
75 0.30785913252498176 0.5873446994709032 0.27855620583977725 0.6016718618782518 0.2521159714355008 0.5475995898368021 0.28141864035865183 0.5332725024801103
75 0.2584908959368022 0.541632977312302 0.24921604141343323 0.5447799977332811 0.24118277237062102 0.5211064796162076 0.2504575921874448 0.5179594656250147