67 0.5004433737333329 0.7735757259810546 0.5024074870653976 0.7916172950284588 0.43833995229692846 0.7985904670733524 0.43637599086366663 0.7805490374928082
67 0.5105492537699092 0.773079484375 0.47797408459484814 0.773079484375 0.4779741892734819 0.748563203125 0.5105491732911105 0.748563203125
75 0.44236083792986847 0.777333947560843 0.44031706415967165 0.7668200620970352 0.45662816653862137 0.7636499437215714 0.45867195570258446 0.7741638087076061
67 0.5095335766129665 0.6759919604641672 0.5535945573659546 0.7048056049507356 0.5141409110169661 0.7651272839760095 0.470080110943627 0.7363138669197592
75 0.5014256966596804 0.5841943931189727 0.5029373330373801 0.5730847999661366 0.5412462636594455 0.5782967583469284 0.5397346694442149 0.5894063134733076
75 0.5403519096926175 0.5611078841857687 0.5402062853287362 0.5663262394629386 0.5062924998030667 0.5653798643627419 0.5064381389107666 0.5601615242328581
67 0.45718153749999146 0.30764732812502804 0.48254584858830185 0.2729508399977896 0.5449765900276589 0.3185885287956328 0.5196124192827938 0.3532848899144522
67 0.44952629952433654 0.2992058296626036 0.44985098955874037 0.26938237381279373 0.5121022653930822 0.2700600600233367 0.5117776570815522 0.29988343419388297
67 0.43485545593910047 0.22463774601143713 0.4476283736669302 0.20359494236909886 0.4868475697985559 0.22740051664634423 0.47407469026256877 0.24844328697223567
67 0.5067893930556693 0.24016355825064378 0.5213945871978467 0.22855809615606595 0.5513558583405711 0.26626292316343825 0.5367506833606512 0.27786836370581813
67 0.5886598595101304 0.29991419232569233 0.5791591208881073 0.32577787059821717 0.5414205236608041 0.3119153613490147 0.5509212836454935 0.2860517319251901
67 0.589792462442233 0.7764354530801383 0.5466801430924306 0.7625391862388521 0.5626273370060062 0.7130733460773345 0.605739185789048 0.7269695310504396
67 0.5107913936263913 0.8021496960120226 0.5032329420401993 0.7904412104817778 0.5475274014441993 0.7618520252369912 0.555085842232188 0.7735604380390129