75 0.4354478090479006 0.2957762220821098 0.43286843729015345 0.30839300493565885 0.40739899936227175 0.3031861613236704 0.4099783821102392 0.2905693934264804
75 0.41081178605577406 0.3462698279773431 0.4030963812101618 0.3354592291740891 0.41526145715715757 0.3267774516861596 0.42297685937512597 0.3375880421874665
75 0.40907454818591305 0.3665848591864792 0.4092072418245607 0.3603654209482724 0.44666104798693596 0.3611644433337819 0.4465283675359615 0.3673838686678237
75 0.39872779218751475 0.3239907046875403 0.39922833936236657 0.3183800565604935 0.43733399855852895 0.32177946867403817 0.4368334627559989 0.3273901062506781
75 0.4577826040617765 0.37328556769593474 0.4572465520413971 0.39213425557403464 0.39424023096967176 0.3903422989193242 0.39477635005732736 0.3714936800468587
75 0.44461320650350444 0.40571191067291656 0.4442081787457255 0.41231578357303345 0.41465250778185236 0.41050313695254376 0.41505754688546403 0.4038992761887243
28 0.4486115859374422 0.5908384656250322 0.4486934913264804 0.5792568191337849 0.5449968213296188 0.579937587480853 0.5449150162152137 0.5915191325271993
76 0.4008062676563213 0.5887988624767724 0.4008063786391176 0.5684027709263372 0.44861160147377177 0.5684029650113475 0.4486115764522083 0.5887989707970082
67 0.3887485370773902 0.6370437044161656 0.38779219057300907 0.6087794835417608 0.46412310317236916 0.6061968815952117 0.4650796469437637 0.6344608979941466
28 0.4644777635792252 0.6183951423975302 0.4657785434278594 0.6088235633265147 0.5597895620326199 0.6215978083066641 0.5584888771684291 0.6311693018542046
28 0.543819549794307 0.6413838084014911 0.5422152264849274 0.6475808041874609 0.4612733501880939 0.6266282091477644 0.4628777058178457 0.6204312632049689
75 0.4715835117053757 0.6399347292376406 0.4701219503406264 0.6570620038874732 0.39569579816497935 0.6507112788438958 0.3971574731732517 0.633584129446146
75 0.39193367356403996 0.6840804030512793 0.4145979184150974 0.6786220775188045 0.4231964594588362 0.7143200033697611 0.40053222213975914 0.7197783075388954
75 0.2863581223507481 0.6339490026233758 0.2886710553168541 0.6202016442536437 0.3376365484109556 0.6284388033343371 0.33532368941223467 0.6421860960125308
67 0.2919485554739367 0.6120424800448719 0.2889312091077727 0.5783811261830651 0.3660279950702261 0.5714708491303193 0.36904555265914496 0.6051319694270026
28 0.18423501474421755 0.6254287447639789 0.1832568060091262 0.6184510882351979 0.29899471898875163 0.602226925098781 0.2999729910352471 0.6092045049977445
28 0.20159207307233373 0.6025640287503987 0.20159213534930132 0.591581870124085 0.29684977111776334 0.591582011795527 0.2968498039432461 0.6025640757345383
75 0.30163200107972443 0.5829604623970867 0.2989385491621306 0.5700059932561958 0.3418087157632499 0.561093411678764 0.34450220363805784 0.5740478311245227
67 0.36477923861366435 0.37901177197372066 0.36758646112036786 0.4247792501763119 0.2827379915211168 0.42998299927569283 0.27993102186519536 0.3842157628546025
75 0.3489652362752622 0.372445442375069 0.3495210676364877 0.37833590928147914 0.2978076059906698 0.38321534846525235 0.2972517936447048 0.3773248990969438
28 0.1923265392686062 0.38241705249719166 0.19361841611316777 0.3752708142489012 0.28825144445670503 0.39237731633111994 0.28695961363564493 0.39952351379596013
28 0.22033130468707895 0.40437596875005355 0.22044993970371252 0.4005384500192359 0.28655770617967846 0.4025819039822051 0.28643908721858224 0.4064194071653959
28 0.2960282242654557 0.40814830756495496 0.2956849488248281 0.41463003487171823 0.19041306388305657 0.4090546487367446 0.19075637947264568 0.4025729633443518