43 0.30304231824345607 0.3579712465835059 0.3448256926933482 0.35925134997736086 0.3394236055152078 0.5355690040085754 0.2976402317930251 0.5342889160129958
0 0.2995924752597148 0.5121951203124999 0.2612091110371466 0.5121951203124999 0.26120961900448947 0.3407665515625 0.2995921099973202 0.3407665515625
55 0.29808714354373933 0.5475524446804774 0.35146802722488246 0.5570968890877466 0.32046518991865014 0.7304716991039523 0.2670843491504229 0.7209274167812241
57 0.2546291369786786 0.5223294550807394 0.30341591301089466 0.5285761268738938 0.28408987127295404 0.6794976719720943 0.23530311155968775 0.6732510868326606
38 0.7122963974107961 0.5414634140625 0.6674591352451671 0.5414634140625 0.6674595391554021 0.36794424999999986 0.7122957173834266 0.36794424999999986
39 0.7072498374726592 0.3408216209370809 0.7485379942667123 0.33943376270881076 0.7547161317850168 0.5232210631071524 0.7134279760869049 0.5246089044857218
41 0.7546558776558641 0.7126012430314519 0.6992446388580902 0.7242748241250805 0.6645158135846714 0.5594438018029293 0.7199253351849393 0.5477704054546718
40 0.7176340263566772 0.5321063482014872 0.7684419814386274 0.527153760164306 0.7838750641026309 0.6854630822934217 0.7330671195988998 0.6904155974606522
6 0.6697666129191475 0.48023284239599123 0.6684710240739378 0.5497116034985406 0.6193002505641516 0.5487945582636826 0.6205961026871591 0.47931606627449863
6 0.6205641416635217 0.5850109692325802 0.6722499913653337 0.5664496009314525 0.6932102685960899 0.6248092255199871 0.6415244726251785 0.6433704879511697
6 0.3596233692661599 0.5704152071286752 0.3366168468750175 0.6264808359375346 0.2802837924105006 0.603366694580703 0.303290424756824 0.5473013671334956
6 0.338994565625 0.4787456453125 0.385869565625 0.4787456453125 0.385869565625 0.547038328125 0.338994565625 0.547038328125
6 0.4127139350599691 0.492505831506494 0.41593020166749284 0.554421592167737 0.3827093863955042 0.556147015678244 0.3794932929871493 0.49423142159615857
6 0.40625 0.49059233437499994 0.44395380468749995 0.49059233437499994 0.44395380468749995 0.5644599296874999 0.40625 0.5644599296874999
27 0.946875 0.9328125 0.9625 0.9328125 0.9625 0.9578125 0.946875 0.9578125