26 0.28639123390871646 0.4222482205841981 0.32884390896458626 0.41813910935633164 0.33990403234918176 0.532397797209794 0.297451362377501 0.5365068744578972
76 0.3738427314673345 0.5947394141194553 0.34202879293536625 0.6001998367169674 0.3316898166830242 0.5399670733128116 0.36350342560865556 0.5345066796711265
25 0.3493500335257522 0.490396792076853 0.3602839629641039 0.490909840416344 0.35599389979620355 0.5823306360427977 0.3450599706175126 0.5818175915469121
28 0.34940689843745076 0.48690749890387186 0.3494069205013375 0.43636246738138995 0.3533318611548566 0.43636247799133765 0.35333185312504156 0.4869074953125052
75 0.49126596591054295 0.6256484248841472 0.486400425211059 0.6258137022854183 0.48571366192163623 0.6055983714940082 0.4905791841470091 0.6054330944071571
75 0.49503448346399637 0.6008673874788751 0.49992290884688373 0.6016264989962167 0.49625240787611347 0.6252606188784792 0.49136398288158034 0.6245015090567956
76 0.6449426622031069 0.5837574845631048 0.6251473562790579 0.586588814908053 0.6190309724805729 0.5438295981573914 0.638826134717533 0.5409982782009467
25 0.6352775107851585 0.5645280766112568 0.6253213282429897 0.565502123955034 0.6188512405940401 0.49937362655349715 0.6288073165947026 0.49839958446192334
25 0.6577480140166472 0.48034217894074577 0.6671831438954996 0.4798673445022017 0.6706206075899672 0.5481656525691821 0.6611854779010855 0.5486404844649029
28 0.6276946758530357 0.49865268906249993 0.6232713562499157 0.49865268906249993 0.623271381813197 0.4269647671875 0.6276946561415571 0.4269647671875
28 0.6601796135410041 0.5049598513266647 0.6523520551778574 0.5054507601016406 0.6474602569234094 0.4274556732098052 0.6552877281250176 0.4269647671875008
28 0.6616067454832546 0.4091396624736767 0.6668618191961286 0.40918648721271933 0.6662299205854652 0.4800994041997487 0.6609748468750922 0.4800525796875005
28 0.6748766405611377 0.415339692366706 0.682157273707503 0.4161958298282843 0.6721576716023492 0.5012276487831412 0.6648770393512677 0.5003715164721039
76 0.6840255908690551 0.5647134927815917 0.6456304097703196 0.5673220501186593 0.6414382351076711 0.5056208157345038 0.6798330277891864 0.5030122716994064
75 0.6864424846173733 0.5169368838679353 0.696982548164442 0.5163003560549938 0.6983958012906442 0.5397000023029597 0.687855737853738 0.5403365289148166
75 0.6885406343474187 0.5473364852583755 0.6819421668967607 0.5480915185007184 0.6793955102764357 0.5258373559658063 0.6859939537887385 0.5250823241070062
75 0.7029048812448764 0.6448427309861008 0.682016473067165 0.6476809568469247 0.6785714626827257 0.6223295042871143 0.6994597693307014 0.619491285409676
75 0.67316821414488 0.6392083539658469 0.6808110426057965 0.6375468085301597 0.685842840829082 0.6606892864445816 0.6782000136090574 0.662350827987409
67 0.6166528870754746 0.6546271387945136 0.6697100413240378 0.6306784757995223 0.6970330151710868 0.6912033029192262 0.643975960798798 0.7151518032003292
28 0.7098387448255608 0.7721193974551909 0.7017129547871264 0.7759688303700354 0.666329763327667 0.7012907574700556 0.6744554234375073 0.6974413609375106
28 0.6824598334616212 0.7873417913217923 0.6737213078614559 0.7900720099719587 0.6486556981329841 0.7098591094963518 0.6573940671875107 0.7071289171874935
76 0.633183462586203 0.6990853802340307 0.6076971403550715 0.7080889341046046 0.5938463188069818 0.6688868460534444 0.6193324403504903 0.6598833309577641
25 0.6104226812499292 0.6687661921875085 0.6206285786848866 0.6671421527127184 0.6351402975657265 0.7583239667587168 0.6249344039709968 0.7599479899368866
28 0.6458093487295855 0.8264795894778273 0.6408097745040777 0.8274947728613786 0.6264865917696625 0.7569693794259845 0.6314860828125575 0.7559542046874959
76 0.5005144807239503 0.689813378091362 0.5091700593122823 0.6903668139784852 0.5081734477203099 0.7059512322548718 0.49951786921837993 0.7053977972865164
76 0.48493634843566724 0.705218224444355 0.47619040436893556 0.7075948833936749 0.47075687577080316 0.6876027652363735 0.4795027834694565 0.6852261115031804
28 0.5215412951689586 0.8218493206579589 0.5149972340082059 0.8227015769213541 0.5004187308388737 0.7107804792551852 0.5069626203124926 0.7099282343749982
28 0.4750022781249754 0.7078651718750032 0.4818501844238199 0.7074249731608105 0.4880740718404013 0.8042299594092238 0.48122616602097423 0.804670153216522
75 0.29772016071876806 0.6409160089078898 0.32141589206651133 0.6429765643941205 0.31669568088511824 0.6972502137632158 0.29299995102564935 0.6951896697218413