43 0.49825774671296585 0.6334917663944625 0.49825807444392467 0.6732337657716144 0.3101041801625115 0.6732334134679856 0.31010459604397056 0.6334921671209605
55 0.4966432034259469 0.6696611402950214 0.5073511880289061 0.6162287969911504 0.6775586179824131 0.6503336863716822 0.6668517019503497 0.7037650874943358
57 0.4610899179416492 0.7185663961460801 0.46402981912035557 0.6676595546908904 0.6211432073413334 0.6767308468786536 0.6182042032710342 0.7276368323393416
38 0.5121950319131656 0.3281249095998025 0.5121952432782564 0.3695652146500772 0.3310104129219553 0.3695652068410583 0.3310106020484227 0.3281253139924326
41 0.7089394593855332 0.31805666733175514 0.7103212101388863 0.3688205573616417 0.5152047384476646 0.37412993282894214 0.5138235226230563 0.32336655697943406
40 0.5298439730834161 0.32209857687153676 0.5394591580775341 0.2485778929092724 0.645713841400152 0.2624737030099582 0.6360990453626982 0.33599403341146716
6 0.4225666622805875 0.666505315713078 0.4328048613555211 0.6245030282744402 0.5001725344659462 0.6409219011273863 0.489934670033108 0.6829239007479561
6 0.443610041672855 0.6326839379009709 0.4497213712543271 0.5856746382132134 0.5206148490146916 0.5948898037362288 0.5145038660097043 0.6418987917655746
6 0.5346692249182752 0.5706907256098984 0.5333062576116845 0.6014480968878745 0.4659330129411501 0.5984626003931924 0.46729615602021113 0.5677054147881114
6 0.564108671070926 0.6502281532200143 0.5206485591294268 0.6148748179808042 0.5691388858982691 0.5552721637580027 0.6125986158922387 0.5906252538284391
6 0.5749128704420627 0.5040760208108578 0.5749129540406557 0.5312500012502646 0.4801392684678376 0.5312499941247345 0.48013938811698154 0.5040762225144105
6 0.5322610345809835 0.35678330557332866 0.5441912399352304 0.4080626078022543 0.4697202468649948 0.4253873491453155 0.45779031387689884 0.3741082862997307
6 0.5170062546787904 0.329458821020925 0.5156346295441381 0.371669764472317 0.43663011661215023 0.3691024114221969 0.43800191247623843 0.32689164653786007
6 0.5579414074710485 0.4379600239684421 0.5305149216134168 0.3816953053042115 0.5886013492681741 0.353382246096226 0.6160278749999861 0.4096467390624675
6 0.5117969074707389 0.32832345352087833 0.5728856069943049 0.3106497056257127 0.5888987423858225 0.36599667539407743 0.5278100669495416 0.3836703691314022
27 0.4773521057894641 0.5247962031145954 0.37253877825389736 0.5204959050809098 0.3732357319206585 0.5035122076700853 0.4780487812498677 0.5078125000000022
27 0.3350268325058323 0.4084003591759991 0.33561934119074976 0.3689179486620108 0.4688837698528232 0.37091758618468623 0.4682915791602227 0.4103996700653789
27 0.9265625 0.040625 0.9515625 0.040625 0.9515625 0.0546875 0.9265625 0.0546875