43 0.4397743626350348 0.31479934925142483 0.437622263284311 0.2750607774256754 0.6084597840924744 0.26580868996124735 0.6106121671366509 0.3055469474603978
0 0.4886296312055265 0.27576401303246467 0.4920401561014387 0.23471893663457702 0.6394436189193584 0.24696652592539653 0.636033355693371 0.2880113530000757
55 0.4214518992238254 0.2835728206024069 0.4197134348144118 0.3270104852320585 0.23737594880924462 0.3197123442578668 0.23911476070372828 0.27627505616893905
57 0.3207518439468231 0.29745185519287576 0.2992680210530807 0.22146029023520644 0.4070815108482293 0.19098052589021275 0.4285655221002571 0.26697176127224315
38 0.6185462263864565 0.6790545309271977 0.6196283226596506 0.7253070425366355 0.43695056807246146 0.7295776020783472 0.43586939665624413 0.6833259791257466
39 0.6482057705753732 0.7015812329180187 0.6542436714306632 0.7511178002183959 0.5064670983134647 0.7691251496155241 0.5004301035853587 0.719589400214903
41 0.23751091362748866 0.7137912336895456 0.23497513349161636 0.6624474968288799 0.41147130035915325 0.6537306939898625 0.41400797694120683 0.7050734859678559
6 0.43782507973207885 0.31402380651597356 0.43682651914809867 0.2730494361539058 0.5120250875498868 0.27121683051035317 0.5130237817495527 0.3121910616044238
6 0.4905923278456612 0.31216027954552444 0.49059243217448056 0.3542799050486555 0.4236933494097457 0.35427987004899575 0.4236933879122944 0.3121603859738596
6 0.3481126681515434 0.319315050509404 0.3562715650309656 0.27537835639139197 0.4232229128134577 0.2878105926778367 0.41506417175207844 0.3317471516903517
6 0.3839619532780034 0.5665465092370553 0.38910555323695917 0.6052341226292057 0.33346218168492214 0.6126310124829523 0.3283187974758448 0.5739435944132516
6 0.40098228713418393 0.6581197376583336 0.33690662966591844 0.6621027635534991 0.33334309737404055 0.6047757040859301 0.39741805445987666 0.6007926999014345
6 0.41494357154977024 0.7016815581212469 0.3494337149631974 0.7130375359534615 0.34040341309264477 0.660948815593306 0.4059125660534164 0.6495929001089502
6 0.4297432177712608 0.6955531069495582 0.41861085042864943 0.6422689673433015 0.48923520802748044 0.6275157436837807 0.5003678558323372 0.6807994924260027
6 0.44465737518009973 0.7377281305376369 0.4337714698835953 0.688602026616762 0.4987824109148278 0.6741983326709738 0.5096685637731753 0.7233240829327221
27 0.0578125 0.94921875 0.065625 0.94921875 0.065625 0.96328125 0.0578125 0.96328125