75 0.3035143495608281 0.4916428447344228 0.29616403577813344 0.49083309369651223 0.298567904976494 0.46901421901722234 0.30591819531252895 0.46982396875000465
75 0.30588282192275074 0.4743823434525783 0.31493264687503597 0.4728334687499998 0.3173718716283247 0.4870844709181336 0.3083220470905417 0.48863334398052416
75 0.365190855142032 0.5402153773768952 0.37609746665680177 0.5407961019097022 0.3745172973352737 0.5704705683835272 0.3636106859374877 0.5698898453124984
67 0.36307721164223494 0.5310396414871179 0.35810626366765064 0.5513873567175703 0.32491317823905774 0.5432789208478636 0.32988416431965106 0.5229312621878813
67 0.3647123768600977 0.4916429143845582 0.39039410634484284 0.5087360767026294 0.3778740850251552 0.5275453511252609 0.3521923796874944 0.5104522187500006
67 0.383929127295346 0.5064654713386181 0.3986039432365942 0.49900688825292483 0.4109383943523426 0.5232730842805909 0.3962635890028423 0.5307316514494537
67 0.41037003127178195 0.5663909071159291 0.3704533645899346 0.5618365216641096 0.3731576793587692 0.5381376389026036 0.4130741873070747 0.5426920152059301
67 0.4291157003264061 0.5510804495819611 0.4302353539547994 0.5698589233656925 0.4093832382269511 0.5711020539531181 0.40826361988717963 0.5523236134940648
67 0.5913071157423246 0.4869835858146158 0.6177485533352183 0.49131559555390303 0.6110727898764026 0.5320594978149659 0.5846313556503446 0.5277275019803961
28 0.6008841117713928 0.4893625174635442 0.5956637047362392 0.489607784888386 0.5937550135708989 0.4489845063152727 0.5989753899935977 0.44873923961571266
28 0.6032174273649389 0.5721208107915767 0.6088480001219523 0.5708359647993829 0.6225290401464463 0.6307839034996714 0.6168984698159647 0.632068742283943
75 0.6180901375364556 0.5660644757414925 0.6112995910418704 0.5815005736518543 0.5857872003449529 0.5702784057220307 0.592577757812478 0.5548423453124663
28 0.6400875166063997 0.6246822588278687 0.6307235542496983 0.6253500009075273 0.6270842140578452 0.5743194592610946 0.6364480890624691 0.5736517203124987
28 0.668949161222713 0.620280836429647 0.6619098846848601 0.6228836453094555 0.6438319945607418 0.5739973919296051 0.6508712109374528 0.5713945953125171
67 0.6247807315828595 0.5462459078548562 0.6516878057307167 0.5421525543195749 0.6561326750937724 0.5713675329206923 0.6292256032030537 0.5754608761601205
78 0.6508200126207839 0.5338351333811101 0.661581597821737 0.5703639526239765 0.6201357130918268 0.5825728232798535 0.6093742851038542 0.5460441384512796
67 0.6809193791769985 0.5262520740197446 0.6846299467090375 0.5479846928646382 0.6558561041804296 0.5528969537456243 0.652145595302045 0.5311643867512649
67 0.6870158112981244 0.5479392388853935 0.6778834598958383 0.5511809540779615 0.6738228065270278 0.5397425500067319 0.682955141191087 0.5365008380712101
67 0.6623594836950133 0.4993620483969998 0.6601296382664259 0.5177659294216717 0.6268890416472459 0.5137386909601594 0.6291189278807678 0.4953348574105222
75 0.6991622720922805 0.5488111048907157 0.6939050780667912 0.5499160621500455 0.6896894728253073 0.5298606906696567 0.6949466496932928 0.5287557352752814