0 0.26662266709047344 0.5071189027653519 0.21829769319947445 0.5027710283936108 0.2321911504061518 0.34836672575621735 0.2805151393694132 0.3527145550941544
43 0.30581563393968736 0.5453836687902368 0.2567816902460436 0.5424058120933929 0.268081889658788 0.35635932131557785 0.31711455479126016 0.359337138535068
57 0.23437359092838506 0.5413722100999163 0.2990960360129975 0.5764613899537535 0.23042818781846108 0.7031052095371744 0.165706074567197 0.6680165061407715
55 0.26803268818878223 0.5410122189292969 0.3277409760740966 0.5487369382188071 0.30362518592676224 0.7351185859390714 0.24391692481469818 0.727394006832013
6 0.3467661547681473 0.5008781744346092 0.38405531049977526 0.4972549166864133 0.39117537566460214 0.5705256860663671 0.35388622296864014 0.5741489220721747
6 0.49943510121147483 0.5805232893400606 0.4672868934834469 0.5814420296561916 0.4651808640988975 0.5077478632210702 0.4973286819445093 0.5068291284531347
27 0.3566135935228658 0.39008853444506053 0.3822770410309886 0.3904373017205462 0.3805363287066257 0.5185173689399404 0.35487288125000305 0.5181686046875005
38 0.6814425463784346 0.35276785759121476 0.7272138083451409 0.35180933866818315 0.7313378540208078 0.5487298161779914 0.6855665925194216 0.5496883219770721
39 0.7070296992163776 0.3485299696145928 0.7539464886843916 0.34201729371900746 0.777750656200169 0.5134917108900655 0.7308338825126839 0.5200043121848148
41 0.7362316124205108 0.7234739652770463 0.6833481418541396 0.7273575945874962 0.6704235442582558 0.5513715261082254 0.7233052254485983 0.5474879623762219
40 0.8022257893651386 0.6611853070498661 0.7476605947331336 0.679338303926068 0.7029211968034588 0.5448716971529639 0.7574850871164927 0.5267189349460741
6 0.6625348271803659 0.5653475426784953 0.7199602010415447 0.5448184708662122 0.7450344430443465 0.6149508735378912 0.6876091375970645 0.6354798085047028
6 0.6433614935945116 0.5036336507923835 0.6433616184605171 0.5741279477935399 0.6073446014597721 0.5741278636464345 0.607344685379303 0.5036337763084224
27 0.6190797688924476 0.3791379934851992 0.643089225903168 0.37998944380120137 0.6382142766232164 0.5174471557011501 0.614204820100781 0.5165957132176536
27 0.9421875 0.93203125 0.95625 0.93203125 0.95625 0.95703125 0.9421875 0.95703125