75 0.27741971575608204 0.48794241566479946 0.3037886666512577 0.4896195200072433 0.29808526676913516 0.5792860353755671 0.27171631700332455 0.5776089432893068
75 0.38144228735927754 0.591860139423395 0.3609682992728267 0.5882469146891689 0.37383760708962654 0.5153319191090165 0.39431134473034035 0.5189451211905799
75 0.3931969166627596 0.5531080818040118 0.4025267465607385 0.5555310702884042 0.3952075709307792 0.5837111404915003 0.3858777433197247 0.5812881581231764
75 0.6944420915315277 0.5460072739600623 0.6877836338286443 0.5457135020275791 0.6891888265666921 0.5138674444504331 0.6958472500000425 0.5141612156250008
75 0.7317064288226902 0.6038180815090082 0.7599611281924581 0.6236080808123449 0.7216673161941571 0.6782741803639022 0.6934127240502903 0.6584843105870861
75 0.7047859801485856 0.677240541718042 0.6954703192145644 0.6809928274838362 0.6772409763431142 0.635741412947245 0.6865565568872398 0.6319891453626905
78 0.5218976264623052 0.6467176034271472 0.5517821052218324 0.6470187245702059 0.5505221975147379 0.7720388187564452 0.5206377188185343 0.7717377016611876
78 0.5003918064368236 0.6464920094026113 0.5252144365344975 0.6494568261402844 0.5112521240154138 0.766337755198645 0.4864295005494341 0.7633729760074985
78 0.49661866424173695 0.7375998626493714 0.4730346028694612 0.7360444217648324 0.479272291725124 0.6414847926956228 0.5028558888074031 0.6430402182981483
78 0.4369353328125 0.6331793453125 0.47759464218750003 0.6331793453125 0.47759464218750003 0.73381549375 0.4369353328125 0.73381549375
9 0.5543280963183861 0.8828718250048534 0.5306997714299087 0.8842492327563731 0.5243008476053319 0.7744987692222267 0.5479285276167047 0.7731213801368252
9 0.48838178667108423 0.7604993172963336 0.51008186413776 0.7641321818408571 0.4918839100448622 0.8728120303170434 0.4701838449822162 0.8691792155337442
9 0.4351387446691888 0.8542778560607867 0.41430972479815864 0.8492616556991361 0.44390498787072374 0.7263972842702768 0.4647334091215498 0.7314134100008793
75 0.30982739007708915 0.7056431080208471 0.27059664755074664 0.6914123145706468 0.30112168895607283 0.6072747845724336 0.34035178649207865 0.6215054484730198