75 0.5188968371012379 0.30384045507486795 0.5167871954132579 0.3319462508118611 0.45235198038290036 0.32710970283328294 0.4544617020089845 0.29900399434750397
67 0.5032540121050033 0.32216334806542823 0.497937345792252 0.3514721881705246 0.44048268796154844 0.34105005486544643 0.4457994213138363 0.311741300790962
67 0.434405622886743 0.36772680233338856 0.43732111608937885 0.339869747947944 0.4908892521109465 0.3454758972559789 0.487973847606213 0.3733328699097244
67 0.42748068054197574 0.3697614698095903 0.4773144776430627 0.3654010113303295 0.4791227843249999 0.3860664914171188 0.4292889880284747 0.39042694468942296
67 0.44242158346116867 0.5789052051359229 0.4859969656586145 0.5912228245449275 0.4786963433510891 0.6170470250393386 0.43512097340351374 0.6047294357397482
67 0.4896665631256383 0.5994135368793623 0.4972814863641588 0.6320597633071762 0.45288161632004176 0.6424148864017747 0.44526685548726164 0.609768800535626
67 0.5469716939118143 0.6466247538330487 0.5494727114860325 0.6810852658298906 0.47477591232791383 0.6865053006797197 0.47227517359090143 0.6520450497351226
67 0.5360773303468704 0.6747486929963935 0.5432932095358183 0.7062355247332751 0.4973911907192132 0.7167531618839363 0.4901754920224448 0.685266486036036
28 0.6416842787674568 0.638665294893585 0.6466948856736963 0.6762657781553333 0.5434542268519635 0.6900207565389009 0.5384440562054351 0.6524206622908727
67 0.43904734655177435 0.6554315208841004 0.4064527002609566 0.6731583816902101 0.3802115567331157 0.6249140850184564 0.41280592467512633 0.607187317155815
67 0.3859110100789849 0.5853907771059558 0.4097425421409753 0.5876953818785396 0.40682132813913086 0.6178998653673551 0.3829897969851572 0.6155952670070644
67 0.39145560905603816 0.39220011394821536 0.3469077126735556 0.3797436469844224 0.35429515876705864 0.3533254697611931 0.3988429249678802 0.36578191746685285
75 0.3633335379690834 0.360902797674015 0.3627171862436853 0.3718510610696587 0.3376863154478542 0.37044193747764326 0.3383026815295125 0.35949368938243453
67 0.33793253560293124 0.3509948227292604 0.3469947191905476 0.31561004632629425 0.4166351645551458 0.3334445703845563 0.40757313452547805 0.3688292149205716
25 0.3558691790890407 0.32176771229582735 0.35209776812803284 0.3298215870144532 0.327779039683719 0.3184341227537571 0.331550453209843 0.3103802584974231
28 0.3433397727085321 0.3330399785235008 0.34273239800234023 0.3404543683400909 0.2623057039434116 0.3338659952635313 0.26291310625003916 0.3264516359374597
28 0.33176949793539734 0.3287931814504347 0.3308609431757077 0.33624640053913585 0.2426949544811805 0.3254990205038913 0.2436035375000074 0.3180458343750486
28 0.2672247436566977 0.28759819501776646 0.2695200813423071 0.28254734803922404 0.33449500005099253 0.3120740886890562 0.33219968179389525 0.31712491915387475