67 0.23240004034494177 0.5017484066184461 0.21142244889745143 0.5006625066954541 0.2136768829166158 0.45711559274195906 0.23465434116030792 0.458201489212197
67 0.25467704512561795 0.49203447597817834 0.2893650578618008 0.4970621557325737 0.283767788937098 0.5356769252446998 0.24907977942336856 0.5306492608448178
75 0.4641337095107474 0.5403254438958248 0.45652277637918814 0.5413182587128827 0.4510432111361524 0.4993151192880426 0.45865409375005584 0.4983223078124969
75 0.47187530329688343 0.5281732171875001 0.4616589015176942 0.5281732171875001 0.4616589250671268 0.5005334859375001 0.47187528236406706 0.5005334859375001
75 0.6275330108207982 0.49928579476879525 0.6195138658223414 0.5000122343673702 0.6169635106373335 0.47186080381085116 0.6249826221815056 0.47113436574078577
75 0.6397478096256464 0.5050718223578176 0.6305082820884991 0.5056995678027932 0.6271808145557998 0.45672696940943275 0.6364202765639675 0.45609922618291115
67 0.6981948270436078 0.48696205188163577 0.6853593532412106 0.45905602771732057 0.7207081494398153 0.4427983045891563 0.733543642912764 0.47070425150486306
67 0.6657868835507088 0.5660867794381912 0.6481556786308147 0.5493166864038355 0.6800576868599819 0.5157796502299802 0.6976888189409465 0.5325496785895796
75 0.5984186712059909 0.5733858436980552 0.6051140767267498 0.5739057062025579 0.6034931012767402 0.594780398612968 0.5967976958672807 0.5942605370764793
75 0.34875494456969136 0.5739613530944468 0.38519763553529174 0.5736138639992697 0.3857381842516361 0.6302974758665926 0.34929549331332055 0.6306449631617882
75 0.3461048651136025 0.6223884106172737 0.33808011058169996 0.6216905672322044 0.3414699758676534 0.5827140317348505 0.34949467317107974 0.5834118726194886
67 0.28836222296797587 0.5747022271860329 0.2669232412168867 0.5906610388842873 0.2381149156852871 0.5519636986677888 0.25955377803836654 0.5360049522700433