75 0.3250898078977116 0.4447855571559263 0.33255190494242015 0.44498835182149027 0.33139443331333496 0.48757628699269867 0.32393233629318274 0.48737349294080307
75 0.3347654310762209 0.43662228085929067 0.35535832824325553 0.4382212639696242 0.3502625286774901 0.503844473720221 0.329669632355035 0.5022454981634565
75 0.3655137971353497 0.4755921353050837 0.37389268636741235 0.47481459446552626 0.3757521301631641 0.49485080121330305 0.367373241092082 0.4956283408967223
75 0.4507645312500017 0.5237028328125038 0.45458912875449187 0.5228119387884297 0.4586927334626125 0.5404271599616342 0.4548681364008189 0.5413180526800778
75 0.48509789760225885 0.5314528768543721 0.47819552860300973 0.5318697226921303 0.47585449022324156 0.4931082285407964 0.4827568177045123 0.49269138395618184
75 0.4839667790222393 0.5244501270475515 0.4908427855298214 0.5211920129876566 0.5018736702470505 0.5444698718013555 0.49499766806570733 0.5477279790261067
75 0.5165169991557832 0.5292552025321898 0.5223506202077033 0.5331808182554454 0.5107103801527728 0.5504771395161258 0.5048767645416774 0.5465515305153531
75 0.6101086233808246 0.5147549342158948 0.6025277045887378 0.5148761234363342 0.6020017034406919 0.48197377641781985 0.6095825843750617 0.48185258749999926
75 0.6468509536548481 0.5068522985310638 0.6382869239151887 0.5078153597976424 0.6349768037915737 0.47838212490324156 0.6435407957707184 0.47741906578197296
75 0.7436971386216555 0.564441232270902 0.7026449994053792 0.5719987675927026 0.6898750495794275 0.5026378946319592 0.7309267312436987 0.49508040241739376
67 0.6942424408733814 0.6003616933491502 0.6510923960632908 0.6110943237033248 0.6328920920000201 0.5379272268366078 0.6760415978452556 0.527194666683678
28 0.7171478862799177 0.6893520182261555 0.7093797078110811 0.6923997053115725 0.6738642234121244 0.6018868729455745 0.6816322671875241 0.5988392156249863
28 0.6847164793928187 0.7032300911632765 0.6741575179006531 0.7055322856579228 0.6528785400106472 0.6079494921723633 0.6634372999999414 0.605647320312508
75 0.6331060741549663 0.5771364103419605 0.6258595166806344 0.5780631446992909 0.6226437289269597 0.5529197683756327 0.6298902551562833 0.5519930360411944
75 0.6319815953124817 0.5506151375000067 0.6371778710814624 0.5498243442826051 0.6403981936667833 0.5709829690986227 0.6352019182246522 0.5717737608700754
75 0.36161302157074715 0.560712281541971 0.3717806336576359 0.5617484512612742 0.3689987929282097 0.589043079884806 0.35883118121591906 0.5880069126498385
67 0.2909030329564075 0.5165746061674623 0.33031218597261613 0.5250217843675086 0.32084758361395416 0.5691736525318655 0.2814384402000769 0.5607265058837643
67 0.24286892414488648 0.5012252016449436 0.28646311689647064 0.5084829074415967 0.2732117737983799 0.5880715284749402 0.22961759197471565 0.5808138711044317
75 0.27702554043719374 0.5523171477221386 0.28216334604098847 0.5695373699488001 0.27075292724248357 0.5729414218967038 0.26561514218747106 0.5557212171874825
28 0.2339070490766062 0.5768675687448155 0.2428391710654978 0.5812751038217436 0.223060373466069 0.6213536147160343 0.21412826315429356 0.6169460976101944