75 0.2468175343957455 0.7750419546875 0.23593603033464206 0.7750419546875 0.23593607986640563 0.7430824312500001 0.2468175034878186 0.7430824312500001
75 0.28363526446617016 0.7667932314075757 0.28531932693204 0.7817377951112314 0.26759806837753786 0.7837343543995116 0.26591404033308663 0.7687898221641414
26 0.31928381009379336 0.6783041608868008 0.3473551014481018 0.6921440418272817 0.3128899031310084 0.7620384569216929 0.28481868918299824 0.7481986945313738
26 0.3764461066415379 0.6367782267554365 0.40926367836891586 0.6378751759685882 0.4057098898570075 0.7441793681543849 0.3728923187500186 0.7430824312500002
26 0.4351400699898704 0.7375156249175907 0.40664219537472945 0.7421990789830959 0.393628229709293 0.6630219482117237 0.4221256242436766 0.6583385344860679
28 0.3914930582038778 0.7327277047559038 0.3842243730922519 0.732378848006203 0.3885123523423317 0.6430503012654434 0.395780899999977 0.6433991546874996
76 0.43776919542483483 0.7672941770357691 0.4491219101570323 0.7677087700401602 0.4474252217673893 0.8141601295994105 0.4360725071610432 0.8137455389133751
76 0.46696439790764543 0.8182691154756389 0.45450458646030256 0.818827555214931 0.45139399951210635 0.7494354447118555 0.4638536063511083 0.7488770095386005
76 0.5698092630532301 0.8076864177533569 0.5569461392716448 0.8083720056495777 0.5536879105203525 0.7472504082446161 0.566550848791735 0.7465648252927277
75 0.5639860511316783 0.7489745596782791 0.5779643181668916 0.7471767879879004 0.5851034577517567 0.802675959035053 0.5711251930097205 0.8044737188326048
67 0.6025363395705199 0.763082044176091 0.6218088760712135 0.7639869584242585 0.6204332790482567 0.7932785770575305 0.601160742764705 0.7923736659513504
76 0.6819105789815012 0.6922587946038996 0.726365644563657 0.7248538162034917 0.6772259313632958 0.7918621061392407 0.6327711285180158 0.7592673908036872
25 0.6726952140625 0.6540523296874999 0.6843271171875001 0.6540523296874999 0.6843271171875001 0.7499309000000001 0.6726952140625 0.7499309000000001
67 0.7434123229554643 0.7106544881062595 0.7691796336515608 0.7188212585926594 0.7576925223550006 0.7550588009881316 0.7319252271187224 0.746892065143205
28 0.6948332506456154 0.6030692669701675 0.7019398213118393 0.6039789057723225 0.6900302810131507 0.6970108012830383 0.6829237119529807 0.6961011709435514
28 0.6724410164330266 0.704611279768887 0.6633174248802334 0.7057174210363996 0.6511894583386493 0.6056972925200316 0.6603128671874856 0.6045911625000003
28 0.6779483123493719 0.60230833773124 0.6834421880998889 0.6026952967922808 0.6796899802341159 0.6559611695725991 0.6741961046874394 0.6555742124999969
75 0.7454883244387247 0.8348754127555507 0.7560239623089728 0.8832174299354072 0.7032975908333583 0.8947055554938572 0.6927623474701932 0.846363881300017
67 0.40911041093261247 0.8861607970634849 0.38551059634983176 0.8988529482520954 0.36554942980706073 0.8617455965821582 0.38914902961664666 0.8490535164116864
75 0.3726665387537196 0.8983503863669032 0.36493511338380813 0.8979268884799524 0.36665060595237264 0.8666167402562907 0.3743819661268617 0.8670402363506374
67 0.2596458611408252 0.8199545852242455 0.3052405953080779 0.8184358243610566 0.30882716354688 0.9260840034512963 0.2632324303990572 0.9276027425674467
78 0.30632410704288304 0.8365630953990876 0.3691100037949582 0.8339100050244248 0.3718067635581974 0.8977149844288768 0.3090208683107676 0.900368052377814
67 0.3236457363813088 0.919920683909004 0.31747088770293885 0.8910014104343054 0.35299853358014843 0.8834173883620096 0.3591734860945053 0.912336517795885
28 0.3361055523834011 0.9137787538490246 0.3443753968749661 0.9132527218750013 0.34905729286128917 0.9868377994193563 0.3407874489000733 0.9873638257786289
28 0.32336292231605057 0.9094480151686398 0.3306538898469853 0.911444826805204 0.3100582804562464 0.9866254461791923 0.3027673217671918 0.9846286570010038
28 0.262576807591131 0.9025995334679905 0.2694762016368486 0.9043334872132358 0.24975930523089573 0.9827661806143649 0.24285991852832467 0.9810322469406079
28 0.28246362836819117 0.9246668329559585 0.28866505954681543 0.9255320504697093 0.27997290214022996 0.9878158528764254 0.273771472594035 0.9869506432843421