43 0.48934503361624593 0.34011449450614545 0.49672095123537474 0.2921147639055419 0.6937768178612487 0.3223939231719397 0.6864014431304213 0.37039316380707216
27 0.6778894672794422 0.3468366610512569 0.678624380196652 0.3917479755221375 0.5447192316632936 0.3939384342137737 0.5439846635372305 0.3490274631776431
6 0.46273189986482066 0.39513078701977994 0.4697578588560418 0.33737495119373095 0.5542339628725585 0.3476509424375045 0.5472083111280881 0.405406498023768
55 0.4691834852548027 0.3083245248908062 0.4654847723564899 0.3628089993863812 0.2924047185450718 0.3510586856653306 0.2961038693017599 0.2965746739926204
6 0.37726718809994964 0.34526529050725424 0.3999755404352072 0.2861512639348071 0.4700168236257696 0.31305643420966534 0.4473087345742215 0.37217023714050873
38 0.6924200531981342 0.6824024999345476 0.6947837594477733 0.7247781180092521 0.4861101475377154 0.7364129887665053 0.4837474442576877 0.6940383140227595
41 0.30482221670149556 0.73349131264035 0.30011786277475494 0.6851507838334766 0.46171361070037165 0.6694260077033503 0.4664187118011114 0.7177657032707895
40 0.44664396531243256 0.7295936836670497 0.4409183025472885 0.795994840163298 0.3342996519523922 0.7868018627599074 0.3400260551577503 0.7204015263026069
6 0.5278301026271492 0.592437851344631 0.5286020195593437 0.6257433178600038 0.46174460446889043 0.6272923617043684 0.46097289905196703 0.5939871015856422
6 0.3515043420211441 0.6335667628046184 0.3493042715872434 0.6004092834002035 0.4187190788246653 0.5958038569119437 0.42091934977963774 0.628961120588511
6 0.4404068033134081 0.6258838764995752 0.44040702039978896 0.6757426183101226 0.3575580027077194 0.6757424779694526 0.35755819515668463 0.6258841479702476
6 0.46875 0.6485148515625 0.55014535 0.6485148515625 0.55014535 0.694483734375 0.46875 0.694483734375
6 0.5700919539234519 0.6895344871628383 0.5718010902876358 0.7334286513380686 0.4842453438703842 0.7368366954245684 0.4825366405186742 0.6929429484601763
6 0.4487254135663079 0.5348248099118433 0.44615500353904736 0.5015428617282196 0.5383113503504546 0.4944258628506495 0.5408819807173586 0.5277075695842433
6 0.5414381057191804 0.5222102807787938 0.5399837256634328 0.5535972076717297 0.4514617608978142 0.549495281990141 0.45291635680757736 0.5181085820609934
27 0.5273310130124855 0.5268203816906121 0.5238553851065717 0.49824728648039945 0.6320739823833037 0.4850841064095062 0.6355498171949421 0.5136569688605037
27 0.645837998928755 0.5339504263917201 0.6436195303796239 0.5603947610128559 0.5209658616807928 0.5501054432262075 0.5231845729015276 0.5236613836474397
27 0.040625 0.95 0.0546875 0.95 0.0546875 0.9578125 0.040625 0.9578125