43 0.340114664475891 0.5106549172107343 0.2921146893121431 0.5032800870800845 0.3223933935344121 0.3062232468443296 0.3703921860299033 0.3135979838267186
27 0.34683744511266923 0.32211042755744157 0.3917483601647973 0.32137594403858805 0.39393836349006506 0.45528081530187103 0.3490274485839109 0.4560152930328446
6 0.395130940605668 0.5372677629166049 0.337374763809521 0.5302427881873639 0.3476509557690406 0.44576659457239093 0.4054064114692437 0.4527915251994041
55 0.3083251113126835 0.5308165611908833 0.36280908848198123 0.5345151859737141 0.3510583526190203 0.7075947234498221 0.29657438097422073 0.7038961593068743
6 0.3452655319040332 0.6227325855442497 0.28615018953405524 0.6000270794329153 0.31305634353759615 0.5299834013885241 0.37217098954795347 0.5526887587349802
38 0.6824041608385869 0.30757895854396927 0.7247789580799235 0.30521661094424823 0.7364128098564606 0.5138900913318318 0.6940380155982666 0.516252407789233
41 0.7334917840527169 0.6951779067379288 0.6851506362839928 0.6998815664148488 0.6694259779086451 0.5382853046398142 0.7177656847603657 0.5335817148049129
40 0.7295943653442691 0.5533562423221231 0.795995088206837 0.5590810986151005 0.7868018264579177 0.6656990874051185 0.7204011108057102 0.6599742879626841
6 0.5924379623576215 0.4721696960805925 0.6257433143324533 0.4713980823288295 0.6272923727575517 0.5382554286074831 0.5939870209195988 0.5390270383823433
6 0.6335669355951268 0.6484958357580167 0.6004092689877325 0.6506955774454353 0.5958038485795214 0.5812805939319609 0.6289610873363927 0.5790808664205925
6 0.6258840171875 0.5595930234375001 0.6757425734375 0.5595930234375001 0.6757425734375 0.6424418609375 0.6258840171875 0.6424418609375
6 0.6944838621701592 0.53125 0.6485146938290427 0.53125 0.6485149834372805 0.4498546499999999 0.6944835869197732 0.4498546499999999
6 0.6895347439540274 0.4299075963634901 0.733428639003364 0.4281991403422268 0.736836737665385 0.5157548037186723 0.6929428432559916 0.5174632489517624
6 0.5348250870368929 0.5512746362550361 0.501542936159808 0.5538448899118039 0.4944256983721971 0.4616884107653498 0.5277073759920086 0.459118175483242
6 0.5222104933028504 0.45856192532115614 0.5535972673947072 0.4600162558700329 0.5494952333046967 0.5485381256059249 0.5181084599144015 0.5470838049484334
27 0.526820588980172 0.47266911821082774 0.4982474105363508 0.47614459399963704 0.4850837602160709 0.3679258060353347 0.5136565632047905 0.36445035257849423
27 0.533950648674363 0.3541621098450191 0.560394807952207 0.3563803976349005 0.5501054109520283 0.4790341130488564 0.5236612539016505 0.4768158423610318
27 0.95 0.9453125 0.9578125 0.9453125 0.9578125 0.959375 0.95 0.959375