75 0.25278671608464265 0.528627103125 0.23788671805152717 0.528627103125 0.23788678805135532 0.4721432046875 0.2527866577512441 0.4721432046875
75 0.2563987632158842 0.4771270775780979 0.26249620301894083 0.47772964606680035 0.2580842133512533 0.5223715968984037 0.2519867738517405 0.5217690304702036
76 0.3445870048931283 0.5361460252115134 0.30466316515924063 0.5443566951496719 0.2886705727991057 0.46659869299628326 0.3285939351668503 0.45838807423301237
28 0.3180096247523352 0.4662125557454273 0.30481201625070753 0.4677667980702603 0.29457811871748163 0.3808716722995768 0.3077755765624488 0.37931743906250337
28 0.324115414698781 0.3821239588019233 0.3306317590772778 0.3821458222236632 0.3303265756368319 0.47310024320158894 0.3238102312591309 0.4730783799095552
76 0.6687022340703379 0.5388497244359226 0.622675077130566 0.5403658991212609 0.6202539939326925 0.4668654306475287 0.666280624951014 0.46534926471703864
25 0.6443460122195575 0.44909799694368346 0.6551285825307787 0.44919904230315066 0.6544518395122623 0.5214094289286029 0.6436692692100223 0.521308384108289
28 0.6428780889037853 0.47069887036524394 0.637876131855478 0.47071414429325803 0.6376501666612739 0.3967121894748647 0.6426520734376027 0.3966969156249998
28 0.6555596947146114 0.44462576326717246 0.6519118584012631 0.4442787839110728 0.6585496732029696 0.37449858984139883 0.6621974769653889 0.3748455676117083
28 0.6664536786888675 0.40870947622264936 0.6701691750605505 0.4096104861531981 0.6558457063455307 0.46867280432630853 0.6521302112520289 0.46777179807664904
78 0.6649103076531446 0.6267881691892926 0.6534798760757212 0.5724277766718311 0.7046344380169103 0.5616725968425393 0.7160650566755749 0.6160327319457839
67 0.68666545087126 0.6511982542985513 0.6648018502701234 0.6468467360191529 0.6778935972713498 0.5810777058448048 0.6997569302176316 0.5854291966539158
25 0.7180208564976738 0.6574186351438026 0.7119549141257266 0.6602791492922658 0.6888659801898029 0.6113233195604059 0.6949318685885828 0.6084628203522413
28 0.710516016798806 0.6563584032284083 0.7143289541578497 0.6548750732864219 0.7298155320161186 0.694678283269793 0.7260025981696572 0.6961616067085995
28 0.7131542172023728 0.7139866117377616 0.7066241697699525 0.7161273094078535 0.6826117461272361 0.6428894402644123 0.6891416984375383 0.6407487593749958
75 0.6104968181331287 0.6170235707826812 0.6038071276439041 0.6174430974136357 0.601938125362949 0.5876433768240419 0.6086277792352348 0.587223851346185
78 0.3909029563644708 0.6524298275455761 0.3586328074738958 0.6500381465300304 0.3636111632546317 0.5828778632790365 0.39588090713039037 0.5852695292768323
25 0.37074269357265166 0.6052144321195583 0.3873730995611595 0.6050210941552835 0.3886016585274774 0.7106851116412415 0.37197125258489905 0.7108784475698735
78 0.32216260875270564 0.5724826705288539 0.3703122658129132 0.5795555901271089 0.35940443454296656 0.6538035028383412 0.3112547882177523 0.646730632792399
67 0.3172142056208713 0.6359146742639072 0.27606148945756104 0.6341941508542176 0.2786569218488921 0.5721278243197725 0.31980917037071777 0.5738483379700919
28 0.32479251694246614 0.6443497015482816 0.33041156030219554 0.6457069916029549 0.30948163162486253 0.7323425435517202 0.3038625926927807 0.7309852662207179
28 0.3439421270032881 0.6456702597184194 0.3548695594787432 0.6468898541155496 0.34359771151662244 0.7478698984081226 0.3326702812499889 0.7466503171875019
28 0.3714458088916217 0.7120523133704464 0.37485970369459665 0.7124524933681645 0.37034459606479686 0.7509642423361332 0.3669307015624099 0.7505640640624942