67 0.45334865446523054 0.23991978165329683 0.45393184848092005 0.22598876363005874 0.48402753461527936 0.22724863140645443 0.48344435615376824 0.24117963439658777
67 0.48463787229843547 0.24125767362102662 0.4841656330885371 0.258613683150318 0.45110667529456805 0.25771416466770236 0.4515789356797768 0.24035817673505883
67 0.47305560236873134 0.27835061788470866 0.4720644595166732 0.3220646325455321 0.42396688116650694 0.3209740262125061 0.42495811800324645 0.2772601073963191
78 0.4076655353009073 0.35199504902825646 0.40900122136031314 0.3192731294685114 0.47418125471222083 0.32193358126624433 0.4728456823548868 0.35465539179327443
25 0.48457634218766543 0.34045266562503457 0.4852920225564503 0.33322000712815697 0.5333006981403514 0.33797030169069786 0.5325850373011463 0.3452029422528589
28 0.5320509390624011 0.3421305343749905 0.5320198060376242 0.3387543194341055 0.5789151364718919 0.3383218550883136 0.5789462776242544 0.3416980617684856
67 0.4907589884596746 0.33092815650093244 0.48913583438252317 0.34541520030768286 0.44504655268269744 0.3404754656916767 0.4466697353099107 0.32598845478494615
67 0.4167612349972387 0.3641655140478063 0.4171780966546521 0.35018767422897756 0.4574832108953615 0.3513896291781999 0.45706638083890994 0.36536743805570154
76 0.3964622069838697 0.6061896128333616 0.3946408358615372 0.5805316377064439 0.44407960525813905 0.577022508743957 0.4459010821830134 0.6026803678044704
76 0.41155017774894986 0.6169900948772657 0.41088648068262046 0.6035754148260484 0.4434283269315529 0.6019655538529262 0.4440920624172122 0.6153801931925984
76 0.462437666236724 0.6185535298736277 0.4642248825724664 0.6309844756299403 0.41350851278616574 0.638275019504286 0.4117213643529567 0.625844134805637
28 0.5815460653426499 0.6215576533728797 0.5808501045727326 0.6309848939012941 0.4554642563236939 0.6217284076429165 0.456160320312506 0.6123012765625189
67 0.46390337347474997 0.6308760198048478 0.46992285224098396 0.6764962658997432 0.4199753237571713 0.683085554124601 0.4139560983383035 0.6374655353201445
67 0.46953164016713345 0.7291142733134497 0.4332374651454529 0.7246687327524552 0.4371194752424117 0.6929813853571131 0.473413403067525 0.6974269106448013
67 0.46653798929355617 0.7673234203747736 0.46047103923183386 0.7437184709236195 0.5021745176575223 0.7330016295569084 0.5082415429263847 0.7566064627716622
67 0.3954485678380024 0.7617276301554544 0.3915492591140719 0.7330703167061245 0.43784718775089004 0.7267717095216786 0.4417466233056757 0.7554288714516267
78 0.3394502338454686 0.731802212372858 0.3273411664190462 0.6785987031348943 0.4044603418575434 0.6610488761803064 0.4165697214231159 0.7142519428055345
25 0.3421496719328161 0.7036588492533973 0.3455461228857075 0.7123256840427661 0.2896997039448479 0.7342077142586919 0.28630332007378456 0.7255409362816189
28 0.3334166518810662 0.6926635358598526 0.3345145777363996 0.7007321195822175 0.24748721714843214 0.7125722163737792 0.24638937553515916 0.7045037093147025
28 0.28032154655466 0.7347424051798113 0.25348689202985497 0.7405427255338968 0.2524454568897454 0.735725332780492 0.27928008281242 0.7299250156250116
67 0.3767074051303325 0.628272784501548 0.37635918231421783 0.6602792577383624 0.32486878182066903 0.6597188834366764 0.32521716439055126 0.627712570623837
28 0.2412670781250199 0.678633946875016 0.23920068643030845 0.6683109898957211 0.33920088150375705 0.6482956242043394 0.34126735263714636 0.6586184764890567
28 0.22929037812502884 0.6494462124999573 0.22862162481226278 0.641032698985991 0.32499762305224067 0.6333727706496892 0.32566644868768435 0.6417862044039324
75 0.35166102116374987 0.6684324100737059 0.3367802003643874 0.6675504431534914 0.337300939969964 0.6587657838638844 0.35218173437499445 0.6596477500000008
75 0.3615548046875574 0.6284763828124813 0.36491924183098945 0.619338337791324 0.38638352633586237 0.6272400759301371 0.3830191127389071 0.6363781010008058
67 0.3709279012821298 0.366920276241045 0.34312614656641927 0.3641210425471962 0.345603548588997 0.3395170147820882 0.3734052302539794 0.342316244782222
67 0.3278923085002816 0.3333243706290651 0.3390300951220979 0.2801137148348995 0.3918223458487091 0.2911636160837936 0.38068471639985546 0.3443741341154144
67 0.39274143733405253 0.22132675643321784 0.4254959218461636 0.25142055666741775 0.37661552144084 0.3046214163757803 0.34386112089441667 0.2745277033927841
67 0.4440136232059331 0.20310379661130495 0.45605659111265595 0.23024370040792824 0.3979508929775193 0.25602680704759734 0.3859079952904949 0.22888696260694094