75 0.634518801207264 0.5493388919459441 0.6268118366702993 0.5479570753578068 0.6312771260526233 0.5230546003998331 0.6389840594739553 0.5244364141296576
75 0.6205810773736857 0.5236579874326764 0.6267488201924607 0.5232778533628595 0.628085164050276 0.5449584037506509 0.6219174212942562 0.5453385371483818
75 0.5979006762495374 0.525194161606386 0.606916290723575 0.5248978129028988 0.6080108530634334 0.5581940005637844 0.5989952386299819 0.5584903484517171
75 0.6357295456364227 0.5450977859374999 0.6295383544844526 0.5450977859374999 0.6295383665078589 0.5199867328125 0.6357295324106644 0.5199867328125
76 0.4965787612766235 0.5796192561322467 0.5126591417247255 0.5810607835977284 0.5085218337469541 0.627207830347161 0.4924414541058013 0.625766309017944
75 0.48580663282655223 0.5853949322277738 0.4929935109014423 0.5844285253029478 0.496163305267487 0.607998803343099 0.48897642761130555 0.608965208178186
67 0.37134157848549876 0.532177825291212 0.406904225392168 0.5328522238473213 0.40582171725873195 0.5899301069885854 0.3702590704377826 0.5892557117287738
25 0.3815431630888497 0.49819739085999726 0.38849478772044677 0.4982735594339838 0.3880175496275342 0.5418258136242096 0.3810659250000299 0.5417496453124999
28 0.38212728348310065 0.4280327940247763 0.3863281323473302 0.4279033364667982 0.3885722606502213 0.5007198333060259 0.3843714118158914 0.5008492901956362
75 0.3281088410785742 0.6612061588978566 0.3459212261915354 0.6951365512003622 0.29006479861254775 0.7244547978635689 0.27225267599953895 0.6905246304520312
67 0.3901474314545794 0.6484172380455391 0.3799409262670679 0.6773528458774738 0.33618878461049917 0.6619219491172634 0.3463953531249899 0.6329864749999791
75 0.38014593755326587 0.7003628136670061 0.3708500339434977 0.6970018102396603 0.38148882886116553 0.667581223536081 0.39078467747503964 0.6709422160285006
75 0.3928314832644446 0.6684898236518546 0.40172996150056406 0.6704092421028305 0.3958891127340394 0.6974837574373675 0.38699063623391794 0.6955643445215896
75 0.5574177691105433 0.7196688808642583 0.5450382881798532 0.7221944527265923 0.5370864710567957 0.6832230392586117 0.5494658499999332 0.6806974781250021
75 0.5526367244812036 0.669974029602985 0.5651012157211426 0.6694619145296492 0.5669589097100243 0.714670278022903 0.5544944186236762 0.7151823906521789
75 0.5527369100362876 0.670089043201568 0.5627045921390845 0.6695430002426881 0.5653120537115228 0.717133775761046 0.55534437183519 0.717679815971776
75 0.6060119929883285 0.7024603921875 0.5895020366917834 0.7024603921875 0.5895021343690132 0.6472160734375 0.6060119031250224 0.6472160734375
75 0.6229438011673665 0.7069782194282404 0.618560607987888 0.7077409438025484 0.6137126677364222 0.6798850469925254 0.6180958353533015 0.6791223248912829
75 0.6657344909863241 0.7112580853101338 0.6591565686078411 0.7129568652290506 0.6506143947441387 0.6798851472238305 0.6571922718750329 0.678186373437497
67 0.6116161660881971 0.6251256989571526 0.6578335802799984 0.6211044505342295 0.6641691082361376 0.6939112474073682 0.617951697906733 0.6979324663607797
25 0.664522518378817 0.7310954479853948 0.6571943044526734 0.7331335617288535 0.6456354140625535 0.6915789359374894 0.652963563143544 0.6895408317540399
28 0.6514142478673648 0.81294896715268 0.6408423878760914 0.8145849008458218 0.6221710048304203 0.6939459820937114 0.6327425794977444 0.6923100705948694
28 0.6554736301466164 0.7238749521129846 0.6627388034536352 0.7215197727706498 0.6859200340268217 0.7930161779160478 0.6786548700978301 0.7953713368306703
75 0.6758024367953794 0.6725395685928977 0.6602674692870778 0.6734406676967913 0.6585142013470886 0.6432175714599193 0.6740490746396972 0.642316475099308