75 0.31416775476611747 0.5506693826110554 0.29825680049725634 0.549710596926271 0.3011953657402273 0.5009504691190293 0.31710619684361063 0.501909251102713
26 0.31103687560266735 0.38695215516062675 0.34462887372103523 0.3844037434379195 0.35493383983714466 0.5202310890767469 0.3213418442650209 0.5227794766405315
76 0.35844006522631844 0.5254970491170015 0.3688969099617907 0.5265547498844029 0.36465331853537464 0.5685048126252377 0.35419647434935086 0.5674471155655775
75 0.3806874861393226 0.5631059736477196 0.37122884123391486 0.5620465374619612 0.37544038396902124 0.5244496039889222 0.38489897010947516 0.5255090368509922
28 0.3406206347895022 0.4283054902414833 0.34532963616538837 0.42845492445726113 0.3429727763390247 0.5027200037357925 0.33826377499997307 0.502570570312499
28 0.33119315937494775 0.3927331406250002 0.3353927903156091 0.3926597181218651 0.33686582766290485 0.4769100202371309 0.33266619673383957 0.47698344232655315
28 0.33370722630854743 0.5009988351178236 0.3272859542767037 0.501831639963928 0.31852165995633186 0.4342597086031345 0.3249428703124977 0.43342690781249954
67 0.382383409375 0.5203307609375 0.4060890296875 0.5203307609375 0.4060890296875 0.5763354671875 0.382383409375 0.5763354671875
28 0.3863343468749463 0.43149571093750033 0.39747640330119793 0.43092706349108895 0.4023390609445414 0.5261994425562669 0.39119700483900033 0.5267680860418774
76 0.4940234721223078 0.5362226630818544 0.5137096006361617 0.5350609957057163 0.51573821912109 0.5694357120430358 0.4960520909000934 0.570597376050242
76 0.5217861522663725 0.5165606950977973 0.5427057497008718 0.5163362478513444 0.5431053779701642 0.5535803909428758 0.5221857805465788 0.5538048375075467
76 0.5515168912244235 0.48217548539678856 0.5741796869268683 0.47958187138353153 0.5839404821139169 0.5648640686348534 0.5612776894764693 0.5674576648263102
28 0.5598037916364547 0.48804071840234187 0.5506192916263899 0.48826759949826 0.547519476120442 0.3627863566016576 0.5567038266990494 0.36255947735309896
76 0.6443608968750141 0.5325616734374907 0.6433901517960976 0.5082722389981343 0.6594977863398981 0.5076285432446256 0.6604685611167724 0.5319179466726622
76 0.6691225539619836 0.4401730888173481 0.7072578559935891 0.43737261242455044 0.7131919298216189 0.518174034330015 0.6750566297074556 0.5209744940927639
28 0.6942034689295724 0.36647875362996407 0.6979883758781398 0.36680363335589183 0.6924896805645631 0.430861396560901 0.6887047737757257 0.43053651811285676
28 0.6863927784218049 0.4438863552147423 0.6758379086865034 0.4445507438962705 0.670884151601058 0.3658556744187795 0.6814389171875064 0.36519128906250087
75 0.7039123019729914 0.6301459114437911 0.6698194292099515 0.6295909412466749 0.6708281711685231 0.5676408585035987 0.7049206583430987 0.5681958255601508
75 0.6531745153977226 0.6143156551514156 0.660049989840445 0.6240526046126316 0.6432433855970885 0.6359186770326546 0.6363679324003897 0.6261817466233431
78 0.37744198563939335 0.6704625013421767 0.3277309381348914 0.666920362343606 0.33256636180703936 0.5990725938167307 0.38227676368933317 0.6026147098585195
67 0.3658405889586902 0.6695245212292641 0.3416751855862685 0.6699632723895308 0.34089487346909664 0.6269853321122842 0.36506007187506384 0.6265465828124994
28 0.356663199112063 0.6691797036655698 0.36582446651993905 0.6699428527074633 0.3581136742467379 0.7624934960005375 0.3489524078125896 0.7617303546875044
28 0.32980556093752966 0.7359810640625046 0.32331801805503346 0.7342565783598517 0.340945446494743 0.6679521909594065 0.34743290048515973 0.6696766643294171