43 0.3155734356289486 0.55025007991212 0.274227054635503 0.5434816914268029 0.30539170562292384 0.35312215382051176 0.34673698306585266 0.3598904486255661
55 0.26821360352084866 0.5589202571802045 0.32390750275339997 0.5648992205701671 0.3043021308903917 0.7475005657817947 0.24860824879408483 0.7415217111276994
57 0.21567474041125934 0.5414064764227212 0.28791222222855595 0.5490204905608682 0.27338595509581864 0.6868224440263221 0.20114848812875152 0.6792085284038848
38 0.6589938585918844 0.3609114011705162 0.7002710189250365 0.3573922912243954 0.7165939973854165 0.548840722276576 0.6753168438967805 0.5523597855293781
39 0.6791572767768912 0.35999579711113866 0.7230508027463429 0.34923471637842485 0.7634916436502408 0.5141807160747881 0.7195981626301773 0.5249416745268329
41 0.7459090519668052 0.7292937550077887 0.6919081292926421 0.7345429910967736 0.6748910650454718 0.5594960014762778 0.7288901293948129 0.554246856578179
40 0.7717587307035956 0.6649237083685351 0.7079216906082593 0.6522252011343638 0.7349750527642982 0.5162441823005879 0.7988105575365125 0.5289425328410821
6 0.6882022468749938 0.6395348828124641 0.6521977795938483 0.6032735572962613 0.710185982354119 0.5457024299229422 0.7461901955377925 0.5819634952493343
6 0.6412164655944252 0.6493246753960485 0.613335085907238 0.5973714915053953 0.6685168667328298 0.567760784425904 0.6963982737372589 0.6197136682812401
6 0.6755619061367497 0.5646802328125002 0.6288622594067874 0.5646802328125002 0.6288625651903885 0.4890988374999999 0.675561635584927 0.4890988374999999
6 0.6696190565470488 0.4704127821300493 0.7110809020131228 0.4685051114391466 0.7147901098534248 0.5491159051154828 0.6733282651450736 0.5510235638102058
6 0.6021018184528657 0.5849768024847952 0.5683350178569526 0.5831642795879117 0.5715196377112761 0.5238447444675578 0.605286096645159 0.5256572581099961
6 0.6025280490995328 0.5813953800343373 0.6025281239348033 0.5188953374404969 0.6302668297875016 0.5188954288984908 0.6302669007654913 0.5813953244078934
6 0.6338947265077195 0.657052353500966 0.6014274689966896 0.6606718663816359 0.5942547736875667 0.5963385345842201 0.6267216408049308 0.5927190434094508
6 0.4657351744136804 0.4799759858222607 0.5282291681786546 0.47829870920580875 0.5311432097436182 0.5868646083052078 0.4686492165362779 0.5885418700816409
6 0.3171407422153152 0.5495798854517184 0.2766625065145263 0.5454629726115994 0.2851366743904009 0.4621528580620192 0.3256143823786033 0.46626974354277617
6 0.37677436106503137 0.504235628995461 0.3635818089434224 0.5692459266891992 0.31124908969513854 0.5586268206356996 0.32444184938140097 0.4936168136349002
6 0.3132471656022062 0.6396161957287131 0.25760449074562075 0.6281919752591605 0.27203367158324454 0.55792287513871 0.3276756535366303 0.5693470230419689
6 0.35990179729901683 0.6547965581462368 0.30362346953290853 0.6317284473170872 0.32762221306688843 0.5731872251271117 0.3838999625560291 0.5962552032565519
6 0.3957785795798827 0.5183666103992279 0.3936691655975437 0.5825739420937416 0.3626604122699746 0.5815551956570234 0.36476998804073446 0.5173480328411566
6 0.3918539328125 0.5225290703125001 0.4238061796875 0.5225290703125001 0.4238061796875 0.5893895359375 0.3918539328125 0.5893895359375
6 0.3991890998945564 0.655224731033539 0.36369217617391314 0.6478755264798397 0.37563994077049756 0.5901752022559525 0.4111364859375044 0.597524366733806
6 0.40682678311679865 0.5926775053891911 0.4409416238765971 0.5976216656069704 0.4316233680918913 0.6619103670481833 0.3975085339607176 0.6569662374209225
27 0.3634022320446775 0.5007555288755253 0.3271935016985026 0.4997559212521932 0.3306577863396569 0.3742895973645729 0.3668659503126719 0.37528919752303924
27 0.94140625 0.89296875 0.94609375 0.89296875 0.94609375 0.90546875 0.94140625 0.90546875