67 0.6426332090507003 0.658515047744809 0.6815647499913666 0.6568855920574173 0.6861639929358034 0.7667558313297793 0.6472324531523554 0.7683852674331088
67 0.6043177192923395 0.7052816899771028 0.627419479468017 0.7005680460703967 0.6421398515292367 0.7727015121611368 0.6190381031425432 0.7774151169979252
75 0.6427673234323947 0.7384212084936587 0.6340724591082108 0.7388154538939145 0.6326863910699103 0.7082508138744702 0.6413811968611753 0.7078565698033376
75 0.6116289648881548 0.7532693552290998 0.6016750606811456 0.7548167714980172 0.5972768621985551 0.7265294977414362 0.6072307033812194 0.7249820864578636
28 0.6164661541126861 0.701278179429886 0.6071430414609722 0.7014050038292591 0.6054835687906461 0.5794217947272496 0.614806456249994 0.5792949718750006
28 0.6519388332910694 0.6883561577136436 0.6477789495987736 0.6882288361660331 0.6498051919982117 0.6220368418048842 0.6539650203123983 0.6221641624999984
28 0.6607392677211692 0.6587974428661338 0.6559670488265965 0.6592231292135354 0.6508216611429134 0.6015467666289757 0.6555938266101293 0.6011210826990117
28 0.6729328386578572 0.6093602910975725 0.6782442524552152 0.6099885663000391 0.6700551196200877 0.6792106097890448 0.664743706579543 0.6785823388932409
76 0.5982755232403179 0.781678456805502 0.5737521495568672 0.7913825631187102 0.555364203880572 0.7449221835094887 0.5798873220662699 0.7352181340062452
78 0.32417568866037527 0.7596811642345617 0.2743629687970497 0.7652408210476196 0.2666479681549845 0.6961247913647814 0.31645993224913127 0.69056517692765
78 0.22617948631273066 0.6600194385500927 0.27991595083426546 0.666284897407138 0.2705516813015265 0.7465868638183637 0.21681522627284266 0.7403214591926716
25 0.2990915697273522 0.7271624314985976 0.2859237317613861 0.7269294279835202 0.28737358225100706 0.6450134854856204 0.3005411939134319 0.6452464869927877
25 0.25458555280431483 0.6973036467917526 0.24600610791139843 0.6962616239783914 0.2539658251896526 0.6307351243669157 0.2625451573649116 0.6317771402823106
28 0.24851174551417898 0.575549012698797 0.26406439450045127 0.5768981405999628 0.256178736028005 0.667793114038459 0.2406260885361462 0.6664439977777309
28 0.2922544255120556 0.68427525837966 0.28803572103674924 0.6850496422425706 0.2740716674232999 0.6089858498516206 0.27829030802752186 0.608211472069854
28 0.29887341109770205 0.6563621633278663 0.2938165504576773 0.6556184949257086 0.2992114993933228 0.6189381583674126 0.30426832430941886 0.6196818241053764
75 0.21115771543509254 0.7722805087215396 0.19639302537177628 0.769067130506284 0.20321631834440268 0.7377214984852809 0.21798090304332618 0.7409348648114337
75 0.23778506426356216 0.7790563438120859 0.2259770020830274 0.7871570907915572 0.2105119933574997 0.7646185654156902 0.22232000083965886 0.756517844576293
75 0.25538624331625215 0.7662306571326502 0.27615460692641136 0.7730494956076941 0.2540303326428557 0.8404210453685554 0.23326199639734568 0.833602266074098
67 0.2979901022613376 0.8027047843556634 0.2808816232045501 0.8182190742985965 0.2549406881920504 0.7896179759299088 0.2720490764797887 0.7741037586585637
67 0.34414631085314795 0.8007609831733871 0.33673691685748963 0.851154428401281 0.289180700533052 0.8441632995154055 0.29659034375401916 0.7937701543389206
75 0.38921215599043535 0.8807891359375001 0.37525663958876976 0.8807891359375001 0.37525673352058675 0.8267283953124998 0.3892120544264799 0.8267283953124998
67 0.5510944297113838 0.836358848123385 0.5738134032657172 0.8325555918419649 0.5885201591012219 0.9203872286108816 0.5658011967705079 0.924190439683666
28 0.5766674455662724 0.9889106113878489 0.5704423911914773 0.9892946719361011 0.5662935100815503 0.9220652912095104 0.5725184437499138 0.9216812343750028
78 0.6219542908639824 0.890501959917137 0.5885274271701064 0.8994097277697382 0.5692184493583454 0.8269672047601709 0.6026446919566979 0.818059524059569
78 0.6054121103624084 0.8119491696169938 0.6594811461562813 0.7997763306307932 0.6781062866277807 0.8824875361908401 0.6240372943382226 0.8946602420272064
78 0.7115583597102386 0.7668328228776851 0.7364769153020916 0.8152532797198234 0.6717482750788122 0.848557323048004 0.6468302261074541 0.8001372999237589