75 0.24157489083040673 0.4058238919694061 0.26590099690383795 0.3988895386752976 0.2876412377302131 0.4751512494369197 0.26331514670584966 0.48208556585049805
76 0.31404700059181323 0.48340364103187566 0.3251796437635903 0.5362977124391783 0.2796526153678087 0.5458788419427051 0.26852019331738575 0.4929849636626332
76 0.31840903602665094 0.49763351637145065 0.3687841229871083 0.5088106539023523 0.3556518923491012 0.5679922240450209 0.3052768226727949 0.5568151415655288
76 0.35730721322727277 0.5173840144697471 0.3911193605066501 0.5153000936936768 0.3949114724091487 0.5768226398580775 0.361099326051999 0.578906549940446
76 0.4355678324247947 0.5960807644129651 0.39386234569747103 0.6024078801379569 0.38299022841931674 0.530749280851945 0.4246952065662981 0.524422204308332
28 0.38198510177596745 0.4011581969051252 0.3915441877026069 0.40171270111795837 0.3842717651854173 0.5270740555201513 0.3747126796874909 0.5265195562499986
28 0.410345006679222 0.4019630879530763 0.4181438900619696 0.4023126668058613 0.41181688891867907 0.5434548350358458 0.4040180057619409 0.5431052598055495
28 0.4200804420646591 0.4096113377441467 0.428160233176186 0.41014470853318546 0.42001219308212967 0.5335677972744989 0.41193240244251683 0.5330344312199623
28 0.5029591003237783 0.3945292744574818 0.5105678194660186 0.3950497260804955 0.4985818512924425 0.5702662932280894 0.49097313281242805 0.5697458484374981
76 0.47832725312499996 0.5578559484375 0.5099012109375 0.5578559484375 0.5099012109375 0.6407533562500001 0.47832725312499996 0.6407533562500001
76 0.5079508640327504 0.6148399454188301 0.4968431866021774 0.613470785888932 0.5008613010044201 0.5808766026605091 0.5119689128526943 0.5822457581065046
76 0.512215281922181 0.5674276188119123 0.5463722550322245 0.5691773357875017 0.5425716642155294 0.6433622198237386 0.5084146920726198 0.6416125148554525
76 0.5134225853147427 0.5774698726143507 0.5243541833989411 0.5782990782069375 0.5217523055709989 0.6125965468967112 0.5108207077746556 0.6117673438903173
67 0.6623462932858502 0.48306705742328604 0.7087847569700898 0.4856111647294083 0.7037703079517996 0.5771340379550661 0.6573318456951256 0.5745899495552114
76 0.7168659480253154 0.5911838668236242 0.743966058320666 0.6187167707053862 0.7016432990174053 0.6603691136032663 0.6745433452737188 0.6328363654566815
76 0.6710697892750659 0.7144552404226335 0.6291942828580659 0.7128670746927922 0.6325226030928661 0.6251324915729071 0.6743973577492852 0.6267206430001013
28 0.6990526801487249 0.8056587039372336 0.6902102220709594 0.8078891547440786 0.6636204023891423 0.7024940867364885 0.6724626484375449 0.7002636640624917
28 0.6819513991795247 0.8181350660549338 0.6695356895418172 0.8207188783121467 0.6474894212225308 0.7148013026840638 0.6599048250000124 0.7122175234374926
76 0.3569502592981735 0.6308685471927754 0.39067176206742715 0.6303322255449566 0.3914697104079323 0.6804972263712746 0.3577482077092782 0.6810335453389921
76 0.30952611094699023 0.6172183258091629 0.3615962707857534 0.6159660027783057 0.36398890924294847 0.7154363408642882 0.3119187500459475 0.7166886513204975
25 0.33058197062212 0.6217838579566609 0.3428725584037693 0.626549879774066 0.30352249841610046 0.728011786725645 0.2912319390952689 0.7232458183507112
28 0.3252002019663678 0.6981846775738451 0.33500043930314405 0.7012307518194978 0.30794422285839573 0.7882652699291275 0.29814399937083635 0.7852192271660161
28 0.2952153658000043 0.7184543170860502 0.30053950877527313 0.7199126092771918 0.2881512520435763 0.7651339801496866 0.2828271121134094 0.7636756956675241
76 0.3219786893599803 0.6106258558287172 0.29758021334873774 0.6318308223482332 0.2594197570291499 0.5879280131839141 0.28381807981179463 0.5667231591395177