75 0.4058245770505664 0.7584248767577886 0.39888895071680963 0.7340990538741844 0.4751501120924786 0.7123593180180332 0.48208586769703743 0.7366849248375155
76 0.48340377519025424 0.6859528152283122 0.5362982706765251 0.6748228716991099 0.5458792450418741 0.7203492879802357 0.4929847665723628 0.7314791760669161
76 0.49763323170429885 0.6815908978514114 0.5088130002377511 0.6312161517049216 0.5679927787122097 0.6443482961236792 0.5568133653454197 0.6947227332911372
76 0.5173841913374417 0.6426927985265214 0.5152999718915225 0.6088805697793628 0.5768224342859867 0.6050886182701867 0.5789068382084679 0.6389006495217389
76 0.5960800829160462 0.564432321842409 0.6024086178284733 0.6061374966565836 0.5307500619979919 0.6170097483232572 0.5244218310652968 0.575304845309616
28 0.4011581604154344 0.6180146406287254 0.4017128584650891 0.6084554386956367 0.5270741331977433 0.6157282721129778 0.5265195538341914 0.6252873619530114
28 0.4019630852180853 0.5896546746415331 0.4023128228434416 0.5818556567905451 0.5434548875476821 0.588183168309202 0.5431052527546854 0.5959820899761586
28 0.40961134218616735 0.5799194906250057 0.41014498747813377 0.571838931715277 0.5335677918756119 0.5799884103758357 0.5330342401273356 0.588068880916304
28 0.39452928437492574 0.49704075468751585 0.39505014253586523 0.4894297190462894 0.5702664412552849 0.5014182354865642 0.569745690708487 0.5090291724466287
76 0.5578558449747106 0.5216727286423702 0.5578559967951833 0.4900986298426047 0.6407533297880263 0.4900988598700811 0.6407533793613993 0.5216727574837775
76 0.6148400097347348 0.49204910733407836 0.6134706401635412 0.5031567303290287 0.5808765275692167 0.4991387108583732 0.5822459206674466 0.4880311153628787
76 0.5674274021295105 0.48778466690815225 0.569177658269723 0.45362751255901096 0.6433623975947285 0.45742844707138797 0.6416123324007685 0.49158542024920465
76 0.5774697931099126 0.48657740609829786 0.5782991661953929 0.4756458088554963 0.612596618514317 0.4782477208822049 0.6117672749309122 0.48917929048459335
67 0.48306696941358496 0.33765365351745497 0.4856115697110681 0.29121506656153023 0.5771342164653106 0.2962297778977402 0.5745898323323217 0.3426681606485915
76 0.5911834373449665 0.28313345933237105 0.6187183128471361 0.25603542820130937 0.660370007122765 0.29835756347364495 0.6328352024210062 0.32545552321953564
76 0.7144552622238507 0.3289301752223846 0.7128670499303098 0.37080537073984277 0.6251322779869497 0.3674776486434846 0.6267206768396818 0.3256026470312214
28 0.8056586039739386 0.3009474619424352 0.8078894744629679 0.30978967424290693 0.7024944804552433 0.3363795171820895 0.7002636640625042 0.32753735156252456
28 0.818135012665266 0.31804846964302463 0.820719432299029 0.33046408594890064 0.7148018643589467 0.35251072219092505 0.7122175234375163 0.3400951749999877
76 0.6308685316818128 0.6430497137352288 0.6303322414245258 0.6093281223928926 0.680497097170246 0.6085304135300443 0.68103354613595 0.6422518423844442
76 0.6172183167153662 0.6904738602986694 0.6159660841032064 0.6384034906104405 0.7154360253556433 0.6360116290789182 0.7166887698465416 0.688081463244596
25 0.6217839874999527 0.669417695312487 0.6265513254783173 0.6571277579538541 0.7280122393963211 0.6964790285073839 0.7232450652994658 0.7087688270881598
28 0.6981847328124786 0.6747996203125166 0.7012319181224029 0.6649992857754078 0.7882657104311193 0.6920562320640119 0.7852186341162906 0.7018564738329081
28 0.7184543187499912 0.7047846281250223 0.719913057880035 0.6994605960797409 0.765134245980903 0.711848863488413 0.7636755383017544 0.7171728685130834
76 0.6106237092002402 0.6780232614405675 0.6318318114010708 0.7024189760105303 0.5879307236261866 0.7405778013270864 0.5667227830733736 0.716182240171317