75 0.2673333626372596 0.49872882786979383 0.25415081258370265 0.4954788794147145 0.26264748131086435 0.4610170374230953 0.2758299654130951 0.4642669773288992
67 0.2447598488136009 0.5062163194551828 0.2607175242799258 0.4899181064070396 0.297518866660198 0.525947637328984 0.2815612576650892 0.5422457843086933
67 0.34004088132041943 0.5753136119006623 0.3147338849796597 0.5737857116226223 0.319097223408221 0.5015240327808071 0.34440391603891385 0.5030519237840272
67 0.3461989352773571 0.5319721039526205 0.3738451788517523 0.5344062387826946 0.3696510296874749 0.5820378140625027 0.34200478736590867 0.579603689123661
67 0.26382730855198133 0.5609987942727589 0.27809467128929555 0.5520457428587723 0.3040108887091719 0.5933410876229968 0.28974355574428046 0.6022941006581986
76 0.4038392875115733 0.5862449145504175 0.3847527926352541 0.5858829635317242 0.38567545394005265 0.5372381036479107 0.40476178959147546 0.5376000531541605
76 0.42934833728520516 0.6026093557354666 0.4074494754529496 0.6052613404918105 0.3981535181360414 0.5285061474211852 0.4200520872228708 0.5258541807529785
28 0.41879369168225367 0.39965888148816103 0.4273599218799973 0.4000050883719584 0.4216669159354751 0.5408587033568728 0.4131006859374793 0.5405124999999986
28 0.3963297910969459 0.4208937011295507 0.4013434411541539 0.4209951190062269 0.3988626515922533 0.5436261122713113 0.39384900156255753 0.5435246953125007
28 0.3932287879683827 0.4208937013260736 0.39554744996110003 0.4209460644308885 0.393417604937099 0.5152505090217858 0.3910989429559777 0.5151981462713496
25 0.389123354684898 0.5189738840272717 0.39867426824002905 0.5191527121666549 0.3973208337562255 0.5914307936957767 0.3877699202290614 0.5912519666524775
67 0.6320949172984456 0.4689346467073735 0.6719880989977582 0.4612377578315531 0.6904447567559373 0.5568917855032761 0.6505515913926274 0.5645886155527041
67 0.7389002421809892 0.4965023309080934 0.7130620040512667 0.5357842352887848 0.6669485072688985 0.5054545762697893 0.6927867140625494 0.4661728374999756
75 0.6806374117874157 0.49115086191978014 0.6883126865774329 0.49005216430250753 0.6930195512615 0.5229308167378295 0.6853442770698166 0.5240295115358773
28 0.6695008406250054 0.40761305312500007 0.6733202666911211 0.40753587034604927 0.6746943671707868 0.4755299760621142 0.6708749411156987 0.47560715848736734
28 0.6465875625000308 0.3896508312499914 0.6539933240113669 0.38828609463634917 0.668241844875638 0.4656017628558265 0.6608360852629858 0.4669664924810048
28 0.6584155573932549 0.47473718599172837 0.6557794896157247 0.47483542515444294 0.6530013044271072 0.4002921136522655 0.6556373453124706 0.4001938750000001
67 0.7353251076721108 0.5982001155656107 0.6961304135356841 0.6064535519829347 0.6862012330853986 0.5593048315314033 0.7253956043184644 0.5510514302700765
67 0.28715143050067127 0.603367038773894 0.3319422016242015 0.5950920457444563 0.34672210670544246 0.6750829380527738 0.30193135373383484 0.6833578655055687
28 0.31099587427104325 0.6816989425600352 0.3165890066895827 0.6831938615214461 0.2941399143923036 0.7671724483783587 0.28854678749996765 0.7656775437499908
28 0.26503910123471996 0.72401615805408 0.2597931108035709 0.7207756738310046 0.298937404162416 0.6574147242473897 0.30418333210070614 0.6606551831992126