75 0.3438698985244173 0.5609912499999999 0.33664568338099343 0.5609912499999999 0.33664569087011387 0.5496858390624999 0.34386989218751296 0.5496858390624999
75 0.3698786478769307 0.6044405553548375 0.38572564364267237 0.6037374230258241 0.38680764991534033 0.6281205771146484 0.37096065425680536 0.6288237078316115
75 0.4047370606409686 0.6098479029539714 0.4123561606379553 0.6084161196963939 0.415603796199548 0.6256961147204462 0.40798469685648797 0.627127895609603
76 0.4339455060963928 0.6466342936776258 0.40977210024414035 0.6401988562213329 0.4172806978439212 0.6119980471491234 0.4414539754894804 0.6184334666286785
75 0.630067337187711 0.5952859531959915 0.6114684787332862 0.5987811047820535 0.6058195450783614 0.5687241238531262 0.6244183050685024 0.56522898177895
75 0.6761015429899544 0.5629508121426572 0.6689590578125717 0.5694703062499636 0.6604620422647258 0.5601622198584963 0.667604518749954 0.5536427328125073
75 0.6547423496804186 0.5598706217294962 0.6596434333890784 0.5569348344825081 0.6664590594118636 0.5683119308826261 0.6615579782152281 0.5712477147832526
75 0.6536279330803154 0.6345743545319205 0.6403508208055655 0.637323515591998 0.6348887881088103 0.6109475468755436 0.6481658343907384 0.6081983928872646
75 0.6174866086172415 0.6344764119598281 0.6120914070615981 0.6357075336914418 0.6099839468710115 0.6264730149377665 0.6153791389670005 0.625241894329177
75 0.611616946874733 0.6356069527410432 0.6019978194748319 0.6361979060242792 0.6011918195982844 0.6230797687881807 0.6108109228194962 0.6224888162499506
75 0.44446328694255044 0.6354172735876353 0.45150442912665767 0.6361202022859442 0.44979232169475836 0.6532679946965373 0.44275117968754785 0.6525650671875004