43 0.7864447093160152 0.32054546740363055 0.7856945810531215 0.3621108979865855 0.5802538900740046 0.35840207129835183 0.5810044532671554 0.31683707762499624
57 0.549753106171579 0.23235561575796504 0.5726046547237047 0.2780780384140284 0.44581607178952254 0.34144349742132013 0.422964855621899 0.295721358489241
55 0.5518546273376614 0.3307124798828082 0.5414354216225092 0.37742295602837955 0.3836428130970262 0.34222628467002736 0.3940622898746824 0.29551619707406446
6 0.551772068344917 0.3283279479150027 0.5451126519202489 0.37500691495601707 0.4581139451661329 0.36259548089266447 0.4647735403985962 0.3159167304341893
6 0.5144052113549833 0.3658205374725538 0.5084262748030142 0.40568474841055446 0.4331745611268616 0.39439856443422744 0.4391536415205337 0.3545345294362834
6 0.4871079755038181 0.39504071296768334 0.48710804372126404 0.4290081626953123 0.4348431779269504 0.42900813735613086 0.4348432211201043 0.395040799664382
6 0.5223582917109297 0.4297071334789929 0.525565701250116 0.40119554249814826 0.6064482819929253 0.41029381358012557 0.6032410348510666 0.43880525601493137
6 0.4942773043184161 0.49922893976642096 0.4938119936413159 0.4734471834976562 0.5886342364667598 0.4717357077294642 0.5890997245022618 0.4975172831905551
27 0.6722412130588964 0.47506255468879915 0.6726061175905897 0.49339787787987427 0.5801557173019773 0.49523737078615976 0.5797909406250028 0.4769021749999705
38 0.7096991822832024 0.6481208695338151 0.7083776010517795 0.691133708638222 0.5384192212952712 0.68591021858861 0.5397415200330897 0.6428981039384332
41 0.35296925406191804 0.700159006645406 0.33936880756732535 0.6520310784759913 0.48894049811417517 0.6097685233472265 0.5025413955706881 0.6578957032284241
6 0.5175286425039758 0.656020413678374 0.4992279183860546 0.5642518691342309 0.602273184698106 0.5437046399369218 0.62057455931199 0.6354722832788563
6 0.5033226650878078 0.6578836455410061 0.41395113930298066 0.6899665803747188 0.36890431887320574 0.5644940417212132 0.45827379525803735 0.5324115138348781
27 0.7007129209773666 0.5580319001102035 0.7012424658380496 0.5830091539394917 0.5705640985909213 0.5857785985972528 0.5700348437500224 0.5608016312500541
27 0.3534881772619656 0.6999879835821458 0.3398370435261313 0.6552661556617643 0.44418843678613484 0.6234176646350728 0.4578398403167512 0.6681389806260208
27 0.09140625 0.934375 0.10859375 0.934375 0.10859375 0.9421875 0.09140625 0.9421875