43 0.4764350851155541 0.3450253247253623 0.47882807004248207 0.30534716695334024 0.6452851357557847 0.31538550647093005 0.6428925043031768 0.35506331731645774
55 0.4685186262735215 0.3108223754498009 0.4620642386595364 0.3587459916451815 0.3002644850849947 0.3369546331236956 0.3067191941593137 0.28903141172305574
57 0.4783023732878746 0.25551306228473664 0.4738410121448169 0.31254394080593534 0.36276528492203397 0.30385465029468084 0.3672268935158627 0.24682404718638887
6 0.4782770429080756 0.3474825547158688 0.4776079968045224 0.3076698773958427 0.5543269194920413 0.30638061455286514 0.5549961147967224 0.34619313863795764
6 0.4722676429154262 0.3103410830339163 0.46783256362903103 0.3574902747282748 0.38662684194571284 0.34985169168103136 0.39106209448709706 0.3027026957936763
6 0.5011609383531095 0.47363159188546244 0.5038987497429162 0.5466375383676679 0.41600964354699954 0.5499326668534146 0.4132723488889951 0.47692721930518067
6 0.3321060730811496 0.5616485580091396 0.33082512434111777 0.5327402671992351 0.41095754877005675 0.5291897016497747 0.4122386813683079 0.5580977989214168
6 0.43586146668758374 0.573426245981274 0.4458838825303246 0.6259660278827288 0.36375642157815946 0.6416303510012755 0.35373446979406253 0.5890909806405696
41 0.323769904003143 0.7021614040752496 0.31428113916911116 0.646145928419882 0.46906945441855896 0.6199280197494196 0.4785589200045024 0.6759426212739418
40 0.3457015634568279 0.7438132316900795 0.3383486355518244 0.6938475392731056 0.48582717105341544 0.6721471597897437 0.49318076086592555 0.7221120494307303
38 0.6534985049958095 0.6458130907138996 0.6546973368120916 0.6932046160509385 0.48440051386216965 0.6975098484311899 0.4832025269231508 0.6501191405781969
27 0.6508320085705463 0.6434844285871462 0.6531644530349467 0.6857387600773905 0.5326454865942196 0.6923896752693566 0.530313587500018 0.6501358687499583
6 0.56306653747356 0.6905567804980756 0.5273270654250837 0.720892948043541 0.4791290409805242 0.6641178366496558 0.5148681898676841 0.6337818959829897
27 0.0859375 0.93359375 0.109375 0.93359375 0.109375 0.94609375 0.0859375 0.94609375