43 0.34502557544340107 0.5235647314545201 0.3053471739920042 0.5211722435983517 0.3153852566193791 0.35471493790117414 0.35506274080478306 0.35710739733033275
55 0.31082293727695287 0.5314814672425219 0.3587461527401956 0.5379352806280782 0.33695425482699193 0.6997349090645245 0.2890310590204308 0.6932811939097061
57 0.25551328651954464 0.5216977054949962 0.31254403524656027 0.5261587661062774 0.3038546102017108 0.6372345732437104 0.24682386688493807 0.6327735564423554
6 0.347482775087542 0.5217229263668569 0.30766989077358176 0.5223920542903434 0.3063806007687617 0.44567304271304065 0.34619302950193287 0.44500391865004263
6 0.3103412258682283 0.5277324119553802 0.35749034378602573 0.532167103156648 0.34985164472880115 0.6133730381185867 0.30270253154947113 0.608938378379982
6 0.473631746760816 0.4988389092162992 0.5466373999199732 0.49610181945681797 0.5499327554379079 0.5839904703370729 0.476927103621847 0.5867275402966856
6 0.5616487053144965 0.6678939582188337 0.5327402695988894 0.6691747926925716 0.5291896972290715 0.5890422418920633 0.5580976902219845 0.5877614172314938
6 0.5734261775900222 0.5641371652082889 0.625966198552419 0.5541170477576713 0.6416308106315682 0.6362451878777672 0.5890908111392719 0.6462652293261095
41 0.7021627264242625 0.6762305707246398 0.6461468858767603 0.6857181609332449 0.6199274353912188 0.5309289446033761 0.6759417207209708 0.5214414874497679
40 0.7438140552047798 0.6542990499354104 0.6938477438020527 0.6616508048549674 0.6721468649338931 0.5141712450086775 0.7221118895536165 0.5068195853960882
38 0.6458147315659062 0.34650065775579775 0.6932054698029333 0.3453029638060131 0.6975095592293883 0.5155996919343415 0.6501188215823959 0.5167973724105847
27 0.6434855259748247 0.3491670774034427 0.6857392228353092 0.34683560390317203 0.6923895447811219 0.46735495735342686 0.6501358494566603 0.4696864135645597
6 0.6905569504248206 0.43693366274595774 0.7208966911960033 0.47267004337469154 0.6641188424307529 0.5208700744569845 0.6337793080656411 0.48513388945717734
27 0.93359375 0.890625 0.94609375 0.890625 0.94609375 0.9140625 0.93359375 0.9140625