75 0.275914702480236 0.45445344446185515 0.2874081704277387 0.4534670136841131 0.2908946749739698 0.49408753741902245 0.27940120739901886 0.4950739652857838
67 0.2932722007095663 0.41733245553344667 0.3230051464601047 0.41854537375684125 0.3194688338714968 0.5052276309734143 0.28973588857309096 0.5040147201256285
78 0.3210016959337736 0.4503219463059384 0.3634379738049347 0.452992821477323 0.3593620800855888 0.5177482972257986 0.3169258033638016 0.5150774348144477
67 0.3501569421626982 0.4860594236709694 0.3235050354952591 0.4868457243138765 0.3220309462565183 0.43688105943271455 0.34868266352759747 0.4360947616074608
28 0.30086650513476343 0.3298384136954368 0.3091487416573955 0.3300906482419865 0.3063687994643942 0.4213675638266409 0.29808656299962877 0.421115330609422
28 0.2967958108295079 0.4202383885878573 0.29194398691333845 0.421324516546927 0.2746261233921814 0.34396773056538876 0.27947790312498455 0.3428816078125115
28 0.3214056812499848 0.37704850937499607 0.3260182587567897 0.376448567540551 0.33504459043297175 0.4458429110876959 0.3304320134373029 0.44644285027129144
28 0.3425074053783419 0.344392717937377 0.34759120684873324 0.3446511836340695 0.3428706732416913 0.43749593925344055 0.33778687187498235 0.4372374750000004
28 0.346478925089059 0.37988093100418946 0.3502351690251544 0.3800004791469868 0.3480075508733762 0.44998946428669667 0.34425130696263295 0.44986991667503473
76 0.38939972667560596 0.5224097485141906 0.37450000936007655 0.5232372657550013 0.37225996446250065 0.482906829605094 0.38715958991338084 0.4820793149197719
76 0.3628668375503139 0.47079807278547714 0.38167160257285104 0.4734819407388627 0.37458654976819616 0.5231203372237819 0.355781786829084 0.5204364794704909
76 0.38853798742081835 0.4798843288095225 0.4006403255048099 0.48110860814645623 0.3961895934126005 0.5251020099910249 0.38408725594729276 0.523877734789954
78 0.4383850140574168 0.4614398278956694 0.4604597933757759 0.4634509189319267 0.4522663130651381 0.5533800195720001 0.43019153564375756 0.5513689425904524
78 0.4851677370368179 0.5637298726378928 0.45598394401849873 0.5643421876620479 0.4541532634370924 0.4770872260858691 0.4833366575614946 0.4764749152145976
78 0.4803939858651347 0.48188170139654213 0.5090070838026577 0.48011983487627374 0.5139353305660279 0.5601492858322759 0.48532223365270966 0.5619111411505328
28 0.448443500469466 0.4577725328589238 0.44476037466552043 0.45775754336564983 0.4450947122539901 0.3756173090265038 0.4487777984375043 0.37563229843750007
28 0.5052761492739819 0.407497039949824 0.5097973862752951 0.4080620352067258 0.5007710583705602 0.4802887955781458 0.49624982187492606 0.47972380312499774
67 0.5768180632449003 0.490877617349298 0.6016870700375421 0.5002697542843128 0.5833141586475676 0.5489145637238126 0.5584451719220169 0.5395224654176346
78 0.583247837209683 0.480627257406316 0.6120632984435588 0.47625478649602787 0.622215581188243 0.5431552385456063 0.5934001251993095 0.5475276864297992
25 0.6129317503605307 0.5116299011056696 0.5946822281213144 0.5130844415472148 0.589063191389755 0.44258852657166825 0.6073125264230157 0.4411339936396491
78 0.6088926252524516 0.4590098975097967 0.6557734886030175 0.453845847165659 0.664570589962409 0.5337029108212262 0.6176897319990076 0.5388669296031486
28 0.6082437217982033 0.4492752671875001 0.5998859206566749 0.44927526718749994 0.599885958870459 0.37138366562499997 0.6082436781250635 0.37138366562499997
28 0.6540440845323019 0.40537271198485153 0.6617303406845849 0.4072676502416785 0.6460178329044766 0.4709971502448262 0.6383315796875877 0.4691022203125071
28 0.628199492081194 0.41278273822721157 0.6332570338845471 0.41260803473031127 0.6354479168778653 0.4760288277371117 0.6303903751153257 0.47620353048031494
28 0.6413403797843102 0.46556169386083385 0.6348468674782453 0.4654964696377212 0.6359134218859026 0.3593249404893432 0.6424068444879367 0.35939016425156406
78 0.659451848437925 0.4382045803612459 0.6994135031014821 0.4378848303347101 0.7001483756603193 0.5297213432198389 0.6601867210256387 0.5300410910845595
25 0.6693445756703795 0.3864293000554597 0.6921177339303313 0.38605857521512776 0.6936523100783916 0.480320465896371 0.6708791518733506 0.480691188410691
28 0.6647829460505363 0.4101936997730413 0.6642464443862082 0.41021614241019067 0.6625340212781339 0.3692817925817356 0.6630705203125444 0.3692593499999998
28 0.6633330274597711 0.41039719757269605 0.6658140705943651 0.4100489792983929 0.6715691381482429 0.45105136793925954 0.6690880952111229 0.45139958526642576
28 0.6817918747972271 0.3458918683569248 0.6850259154492733 0.34608887305255864 0.6823514421713526 0.38999141202043436 0.6791174015625074 0.38979440781250213
67 0.732690847307822 0.5725064740271042 0.7013956697460344 0.5910856368281829 0.6618635576602401 0.5245027480803831 0.6931584218749549 0.5059237046875038
67 0.6495191416939861 0.5353782263848285 0.6697427657278467 0.5453403515572215 0.6524554743343742 0.5804310929422636 0.6322318716680684 0.570469000912382
28 0.7150561444274217 0.5554367267480378 0.721465883835549 0.5492374328739756 0.7587320885039617 0.587764898795301 0.7523223776137229 0.5939641637402373
28 0.7397697559828202 0.6309042169189965 0.7340598222187964 0.6342892269642452 0.7092728042417775 0.5924825251568852 0.7149826978604779 0.5890975303719014
78 0.37857275015539926 0.5989035683188852 0.3269042523859298 0.5916765449951692 0.3347640780389156 0.5354914566112547 0.3864320742917471 0.5427184442315997
67 0.33104163883115234 0.6173194152196451 0.33935205156251413 0.5600440312499867 0.36959383758608055 0.5644315865380031 0.3612836013700189 0.6217068109226366
67 0.2929349820514062 0.5283220833087487 0.31250219858588935 0.5132890256814368 0.34576234219059643 0.5565770771443113 0.32619518546573545 0.5716100668865227
28 0.35510048581181763 0.6138834507275189 0.36481342440799835 0.6146057520628472 0.35845882384353445 0.7000465764163101 0.3487458859375465 0.6993242812500031
28 0.33382626297066054 0.6109573994064628 0.33964284221178787 0.6122580374384721 0.3242509064217529 0.6810837694314885 0.3184343301277295 0.6797831403905846