75 0.4544535074647911 0.7240852783804658 0.45346689947268715 0.7125917927742154 0.49408742373032055 0.7091053686752147 0.4950740779363514 0.7205988032864831
67 0.41733228143721135 0.7067277616653512 0.4185457663826355 0.6769947223320215 0.5052276913896776 0.68053170231693 0.5040144894622927 0.7102644683318927
78 0.45032144855235856 0.6789982534407834 0.4529931098736597 0.6365618340556358 0.5177483850045519 0.6406380366159143 0.5150770164812002 0.6830741782499867
67 0.48605932248551653 0.6498430086964623 0.48684588844503196 0.676494907913906 0.4368811657623155 0.6779691275362602 0.43609473832668755 0.6513173636693519
28 0.3298384140625785 0.6991334828125144 0.33009083549256957 0.6908507889750808 0.4213676358308476 0.6936316156539147 0.4211152969438672 0.7019142299547156
28 0.4202380714987157 0.7032037587023903 0.42132451945076355 0.7080558248494714 0.3439680075199476 0.7253741209514665 0.342881607812501 0.7205220968749856
28 0.3770485093749585 0.6785943187499985 0.3764484524613181 0.6739813282865942 0.44584282327048186 0.6649554738186986 0.4464429081627941 0.6695684315776668
28 0.344392698072852 0.6574923556935632 0.3446512747775614 0.6524083306413431 0.43749599171553655 0.6571293556684309 0.4372374645408854 0.6622133338040352
28 0.3798809312499998 0.6535210671874876 0.38000054897611335 0.6497645379546476 0.449989460798065 0.6519926145816108 0.4498698700105024 0.6557491177918917
76 0.5224096223638526 0.6106002657041945 0.5232373432390887 0.6254999554170948 0.4829068930023368 0.6277400578547613 0.48207923176232725 0.6128404248435176
76 0.47079797863841577 0.637133099615217 0.47348249549293087 0.6183282853479097 0.5231205166230666 0.6254135267013877 0.5204361007459966 0.6442182501995453
76 0.47988420847354973 0.6114619739126412 0.4811087653558843 0.599359630634094 0.5251021475164634 0.6038104842847298 0.5238776444600717 0.6159127778661115
78 0.4614396886254326 0.5616148732800152 0.46345131105317705 0.539539903399529 0.5533800121347667 0.5477337945260076 0.5513685713522136 0.569808596313981
78 0.5637297487604656 0.5148321885281935 0.5643423541622496 0.5440159116889405 0.47708725574102573 0.5458469004516501 0.4764748601858173 0.5166633814175505
78 0.48188180646093315 0.5196059711687618 0.48011980249486896 0.49099275975662343 0.5601491127778218 0.4860647703968459 0.5619112805779878 0.5146778059335143
28 0.45777253514881977 0.5515559356299014 0.45775757529690964 0.5552396155637918 0.37561731320556646 0.554905855620346 0.3756322984372673 0.5512222015624689
28 0.40749704531253883 0.4947238078124969 0.4080622094585351 0.490202177698976 0.48028889134934616 0.49922896091918484 0.47972375459596606 0.5037505664010844
67 0.49087751896706777 0.4231818538960854 0.5002708816253971 0.3983132285556078 0.5489149566170681 0.4166860520010921 0.5395216917896732 0.44155459428438687
78 0.480627417528126 0.41675213298105834 0.47625450813677617 0.38793669326452007 0.543155038373925 0.37778457625062223 0.5475280436971843 0.4065998969305331
25 0.5116297711372226 0.38706813525771994 0.513084577362406 0.40531766852044565 0.4425886752369479 0.41093696111468747 0.4411339529264069 0.3926875063305105
78 0.45901012275749054 0.3911073770507553 0.453845634165873 0.3442264659418128 0.5337025821868338 0.3354295247924336 0.5388672534535317 0.38231022943537013
28 0.4492752671848166 0.39175593883044446 0.44927532435656303 0.400114020180688 0.37138368352702855 0.40011436376679504 0.3713836656249896 0.39175632187503845
28 0.40537272812503033 0.3459558499999792 0.40726793603346323 0.33826943002354765 0.4709973455188674 0.35398223632854997 0.4691021687332295 0.3616686295055292
28 0.4127827366717156 0.3718004774422475 0.41260803229397425 0.3667428812771176 0.47602881293039445 0.3645521082571021 0.47620353467505083 0.36960968657810306
28 0.465561694405892 0.35865956592671666 0.4654964890625024 0.3651531023499962 0.35932493265227095 0.36408676809074303 0.35939017552379937 0.35759327060522456
78 0.4382044673425298 0.34054811156644305 0.43788485489471896 0.30058633259219836 0.52972130763726 0.29985174592611036 0.5300410977002912 0.3398133449353637
25 0.38642927419334683 0.330655399806672 0.3860586010046063 0.30788214457536817 0.4803204504480618 0.30634770576256987 0.4806912260958143 0.3291208592839023
28 0.4101936963940034 0.33521697318804505 0.41021614544899876 0.3357535475344961 0.3692817978833318 0.33746605290042747 0.3692593500001067 0.3369294796875145
28 0.4103972109372762 0.33666696004532626 0.4100489644065419 0.33418589977738383 0.45105133819765797 0.3284308766924524 0.4513995890542901 0.3309119317744568
28 0.34589186874995903 0.3182081187499763 0.3460889039894255 0.31497399743569443 0.38999143020714655 0.3176485754948126 0.389794402235907 0.32088268997360064
67 0.5725053752598797 0.2673101059234049 0.5910860687409922 0.2986041546350664 0.5245042693479718 0.3381355146699348 0.5059237046876888 0.30684157812498
67 0.5353777480095232 0.3504805454002227 0.5453410001877046 0.330257451441591 0.5804319730635825 0.3475449762214258 0.5704687701536386 0.36776802808866665
28 0.5554371132083133 0.28494350068672997 0.54923744150733 0.2785341595919351 0.5877645466930517 0.24126819117107726 0.5939642057456922 0.2476775185255886
28 0.6309041939656481 0.26023032851684197 0.634289534418599 0.2659400380867977 0.5924826080326966 0.29072714796759264 0.5890972809434061 0.28501745001554896
78 0.5989042765469321 0.6214273413861499 0.5916759009647876 0.6730954654473995 0.5354911882789111 0.6652359393595488 0.5427198022977109 0.6135681030331435
67 0.6173198323308497 0.6689562333166549 0.5600440312499586 0.6606479484374945 0.5644315815320624 0.6304064537106107 0.6217070422642337 0.6387147135222586
67 0.5283229219719487 0.7070643810097841 0.5132876882553319 0.6874988263591391 0.5565751121380345 0.6542391719364155 0.571610296424069 0.6738046154373417
28 0.6138834546875387 0.644899460937452 0.6146060776638933 0.6351862938533553 0.7000467665046699 0.64154171104408 0.6993242305201193 0.6512547960271224
28 0.6109573999999611 0.6661737343749993 0.6122583770259098 0.6603572187654294 0.6810840202851978 0.6757491600386071 0.6797830915999157 0.681565633485762