75 0.2828085493299568 0.5435064974106686 0.2723748025733812 0.5429095528270815 0.27467116056641316 0.5027765354614253 0.28510484061177976 0.5033734781312253
75 0.29676496435797617 0.5571728544102802 0.2835554696220015 0.5566205730753571 0.2858777940792834 0.5010812666548877 0.2990871703315179 0.5016335455058097
75 0.3305683260336991 0.5428567990881926 0.34385504343890716 0.5255250273127907 0.36576825210192965 0.5423224467117521 0.352481578170341 0.5596541787545604
75 0.3678695035241617 0.5364760180759178 0.3781279896362548 0.5377879421726601 0.3754402919207678 0.5588022733388507 0.36518180625000696 0.5574903515625049
75 0.4268940842769098 0.5916422157792475 0.4170290902795841 0.5924888107656112 0.41365438845377867 0.5531684918395466 0.42351931517146113 0.552321899749426
75 0.4280241762656942 0.5524925459695577 0.43712436786336184 0.5531108057920383 0.433805584343645 0.6019552580397611 0.4247053930153015 0.6013370008778157
75 0.4626781659616199 0.5742355242463345 0.4549335066461708 0.5750773924946181 0.45240829717249653 0.5518491879109336 0.4601529255932064 0.5510073213614711
75 0.4910146132041291 0.5844691490469941 0.4674506155789686 0.5866037125212619 0.4647577668736176 0.5568789735015149 0.48832164218754315 0.5547444156249971
75 0.4955776852744975 0.5848215369073582 0.4912487920117883 0.5456067795474374 0.5257008278103967 0.5418039987216768 0.5300298226919722 0.5810186401139358
75 0.5750244472897066 0.579970680125642 0.5349227326014443 0.5851827716716551 0.5279310645406667 0.5313928053259825 0.5680324117257669 0.5261807381315249
75 0.5698710088129246 0.5189312803227323 0.5830339410540546 0.5173157919505768 0.5889995858617567 0.5659193511011805 0.5758366548230924 0.5675348329240232
75 0.5666833546874841 0.659089973437529 0.5451071648807329 0.6361249951586333 0.599618228359077 0.5849165642879419 0.6211942803108741 0.6078813809795559
75 0.5406549340181073 0.6204437884485036 0.5590395784571456 0.6197776513315132 0.56075430861722 0.6670964347128222 0.5423696643433686 0.6677625687366895
75 0.28239845194332247 0.5953391503596491 0.2989611311450062 0.5969046980871465 0.29486264533807116 0.6402595785566993 0.2782999670349682 0.6386940372446582
75 0.2796430203173941 0.6378522193213292 0.26514131651026673 0.6349484137142151 0.2734460328439354 0.5934795927939136 0.28794762502946014 0.5963833868858772