67 0.3707516289374553 0.5947714221041858 0.3399732748457609 0.5998298765471444 0.3320054333510143 0.5513533730578626 0.3627835302652329 0.5462949400975996
75 0.4877631057804592 0.6483913011656989 0.4797664722501622 0.648212088265009 0.4805711555763992 0.6123118767602969 0.4885677339701715 0.612491089042796
75 0.5091525871860085 0.6604114490608792 0.49775945556928036 0.6599953542058216 0.4993321844469847 0.6169391459319001 0.5107252205451687 0.6173552390396072
75 0.510575450755141 0.6199049678503339 0.5215643075661092 0.6200371137004248 0.5210228586016683 0.665056830656079 0.5100340018003635 0.6649246853887198
75 0.5687530230409266 0.6198787954184708 0.5822810782818806 0.6191376975132116 0.5848251052574369 0.6655707991859174 0.5712970502842154 0.6663118937115942
75 0.805497907851418 0.49532035369640565 0.8160767785946064 0.5061537125040996 0.7961023753663312 0.52565732152038 0.7855235284119999 0.5148239862631908
75 0.7557724787942561 0.638914764041259 0.7653861373637483 0.6374927883210527 0.7681389883324528 0.656101837244883 0.7585253303428772 0.6575238103256631
75 0.7583956412934185 0.6780552468087826 0.7439568814550057 0.6783647617825412 0.7431977763499162 0.6429547970622467 0.7576364335087646 0.6426452831880897
75 0.6905620455746657 0.6755496891010114 0.6981013271229131 0.6751123817816955 0.6995480520545243 0.70005070468423 0.6920087706054119 0.7004880108599101
67 0.41906991612904676 0.6529659581926265 0.4003864079226105 0.6920065656581651 0.3502160214650303 0.667999729015165 0.3688995770210113 0.6289593403626336
67 0.28970695306816197 0.5849887225697838 0.34403136544790414 0.5756141950777404 0.3591448997228781 0.663185644685462 0.30482050856392107 0.6725600930069434
28 0.29067776349688756 0.7621268822962837 0.2647591229825821 0.7526556094290843 0.30281093130713543 0.6485419817967336 0.32872900781251246 0.6580131406250149