75 0.2591534955897714 0.3947765689379752 0.2682623447635706 0.38587241108990866 0.2862854956454157 0.40430900348724835 0.27717666033436217 0.41321314735926634
75 0.31293768417094725 0.44699494921610067 0.30086991851624134 0.45127595159934725 0.28645910639340855 0.4106553948095275 0.29852680937494824 0.4063744046875162
75 0.347657420043447 0.4586319353670427 0.3408696129170039 0.4582038569229579 0.34247071070115 0.432817894241458 0.34925849439571266 0.43324597194320924
75 0.37470089469229606 0.47999650477677386 0.35804795494595965 0.47887126016475673 0.36257981065762124 0.4118081193200745 0.3792325966080625 0.4129333586668833
75 0.33998606459090297 0.45443251169642496 0.3325967982231077 0.45396650122971194 0.3343165261968579 0.42669960599339224 0.3417057655587996 0.42716561560613325
26 0.6304816785038838 0.4471560243942966 0.6040056858317939 0.4526348468651372 0.5889476512882084 0.37987133505525933 0.6154233994391234 0.3743925389835198
26 0.652111320169638 0.4716834411257556 0.6232771977383891 0.4729523339690329 0.6172004034530119 0.334865472417396 0.6460340300858434 0.33359659059952707
75 0.6871186804685294 0.4025358912808415 0.6969891496870559 0.40105015979459235 0.7040460690367354 0.44793035371122003 0.694175600837184 0.449416080637972
75 0.7617298729834374 0.3980489918985315 0.7384421000823522 0.3865730146095163 0.7640245564340375 0.3346618819239407 0.7873122004297102 0.34613782102519175
26 0.6577700603473886 0.5546856414835117 0.6835758686830786 0.5566277237097917 0.6777444530982848 0.6341057262636235 0.6519386462514376 0.6321636577057265
26 0.6362655781108515 0.5177805730985077 0.6596217300559601 0.5183778025946476 0.6566174990582567 0.6358544465637453 0.6332613473416586 0.6352572232222403
75 0.3550435327458672 0.5577011429886887 0.34169774930717267 0.5558071480455138 0.3476778647820993 0.513673121675728 0.36102355696698396 0.515567110047717
75 0.29209648713163006 0.5021373251025614 0.3046311920412563 0.5066986075244422 0.29290013176171215 0.5389336990860885 0.28036543316261486 0.5343724290597892
26 0.32463751125294493 0.6199757420810637 0.30674316708939386 0.6138064011910338 0.3322836528860762 0.5397336708840642 0.3501777696201316 0.5459029689565472
26 0.3138796546784306 0.6002693209536558 0.2917681240268166 0.5968951618545488 0.30010993295468325 0.5422359006732846 0.322221255314048 0.5456100436400488