75 0.23115954374999997 0.416128534375 0.23995825 0.416128534375 0.23995825 0.480912446875 0.23115954374999997 0.480912446875
75 0.2484011329961504 0.4205201200596663 0.25548659837579635 0.4214167741206832 0.2510431274891971 0.45652757224859297 0.24395766249995177 0.45563092031249963
67 0.2820127531527987 0.5065170175602206 0.24352237409709687 0.4978577490235157 0.26208623266359155 0.4153482687776095 0.30057616159842837 0.42400748403528765
28 0.2663433258179566 0.41930904150949644 0.26233089073843985 0.41988233645036455 0.2529782150435267 0.35442690201323485 0.2569906187500237 0.35385360937500004
28 0.27126318891839674 0.41477312816268314 0.2671812616005127 0.4147564646146287 0.2674361501133262 0.3523265443278807 0.27151804687503045 0.35234320781250017
28 0.2735569843749772 0.42131820156250344 0.27075920325296465 0.42097594350350487 0.2781503925726838 0.3605598941584263 0.2809481532231075 0.3609021509343732
26 0.29395232392096204 0.3544493148623941 0.3341737807587606 0.35388894727136794 0.33559570976865416 0.4559458795545942 0.2953742530105501 0.45650624364292325
75 0.4365060396081617 0.49931016230033043 0.4449803333517366 0.49971868929355573 0.4429301216028989 0.5422438681713507 0.43445582795834525 0.5418353425613287
78 0.5840452632694451 0.5516428867099095 0.5492703286748792 0.5511094753751223 0.550702057429703 0.45779537798686687 0.5854764896475899 0.4583287854500766
78 0.5839945718615809 0.44789272376226086 0.6158238651262309 0.446491717943347 0.6192948736495509 0.5253437138992169 0.5874655809496971 0.5267447115238553
78 0.6062578725950516 0.42983518108259183 0.6381634324235392 0.4263744126558456 0.6478084990724255 0.5152885365544214 0.6159029427890346 0.5187492826068884
78 0.6925521998261956 0.5053291049410413 0.6529330269345337 0.5147994677295422 0.6314858695619705 0.42508068958321293 0.6711045388789216 0.4156103901255872
78 0.7428897870277069 0.5020183803514382 0.6909470285551151 0.5102349394901221 0.676930504795564 0.4216306141604324 0.7288726235304921 0.41341410640646786
76 0.5917356117464578 0.6343646452251362 0.5607565367005236 0.6350939763967051 0.5594957066948609 0.5815384443390063 0.5904744790758514 0.580809116695946
28 0.597053403748987 0.7627105170941915 0.5912843447430305 0.7633628626369748 0.5770366364929487 0.6373813196477588 0.5828055421874296 0.6367289828125023
67 0.3917216043606686 0.6190453648776014 0.37296118408244183 0.5961687194614441 0.3998323851335499 0.5741349174852874 0.418592765103881 0.5970114911821919
78 0.3850523400678867 0.63725658268141 0.34875407369008826 0.633016643774927 0.3577498992273149 0.5560136106794661 0.3940476587918056 0.5602535196671083
78 0.34981176740291176 0.6411643197795629 0.2916255781763084 0.6317647218446688 0.30543538510482904 0.5462903804874348 0.36362068272853776 0.5556899050941032
78 0.3088487263976276 0.5425427903303555 0.30146053745556856 0.6210812277923115 0.23960779239985186 0.6152629173396504 0.24699636420109528 0.5367249104669372