0 0.5014236385492268 0.7191509832852231 0.4969613540956743 0.7642004580326176 0.33259246020134015 0.7479198001388159 0.33705548166074095 0.7028711456300929
43 0.5386522866733685 0.6858940412862334 0.5327829206936485 0.7333378095660285 0.3412720908220308 0.7096468299868255 0.34714228345524134 0.6622040378257551
57 0.5370021606784121 0.768730255273352 0.5378755212719852 0.7185782227187036 0.7021177503348781 0.7214368501254742 0.7012453400254799 0.7715879481170739
55 0.7295415440074748 0.6926151372631729 0.7213768973109609 0.7448651726793101 0.5325006779066825 0.7153531985393896 0.5406661889099951 0.6631042293240406
6 0.5711999999999999 0.6916 0.584 0.6916 0.584 0.6976 0.5711999999999999 0.6976
38 0.3634781144220369 0.3253227478468263 0.362977451290476 0.2818971592685053 0.5500970095040429 0.2797392433618438 0.5505980433553077 0.3231644577375823
39 0.36239992011405775 0.2847998451961578 0.3624002310095875 0.24519932395948946 0.5400000133881804 0.245200226429558 0.5399999876610764 0.284800462027603
41 0.7264003466357281 0.2595569932658223 0.7326890398935575 0.3123149132346816 0.5459119505025001 0.3345768909667079 0.5396237484229687 0.28181941278203876
40 0.5583997990790976 0.2747999972211228 0.5584000354616592 0.2063999363227065 0.6799999456111436 0.20640023060152154 0.6800000125474526 0.27479998958695767
6 0.5512996300608393 0.27759490765057365 0.5535102816375002 0.321804489713262 0.47155511730943545 0.32590223452793665 0.4693446403022108 0.2816928212134521
6 0.6086064312755752 0.2682291946370829 0.6210113668284976 0.32198204386220786 0.5499934651018066 0.3383706677985461 0.5375887369719976 0.2846179972408755
27 0.828125 0.08046875 0.853125 0.08046875 0.853125 0.08515625 0.828125 0.08515625