43 0.3434512245046335 0.5269323915066865 0.30243980631632894 0.5245201064255479 0.31278938252012267 0.348587703038763 0.35379982469419247 0.3509999590471901
0 0.3186316086594161 0.4177106268056953 0.27379219425313295 0.40051259398192923 0.3217366558261574 0.2755156209043327 0.3665754969952104 0.2927135309207172
55 0.31124822407969077 0.5487861332779521 0.36105606494106723 0.5579709164159514 0.33043789885084607 0.7239900597236342 0.2806300988000885 0.7148054246804848
6 0.3470096169170347 0.45828426684151924 0.39103723019354675 0.461952951635512 0.38374069546193823 0.5495115976738518 0.3397130853326189 0.5458429376242386
6 0.4980000826642481 0.6159999999999999 0.4707999371465803 0.6159999999999999 0.4708001504661752 0.5264 0.49799986735376933 0.5264
6 0.4967857415325625 0.5212004699559167 0.5230950467772573 0.5202609440116365 0.5264010225541824 0.6128286166821075 0.5000917177075053 0.6137681351008327
27 0.4757316438874568 0.42071306767673994 0.4964559846174552 0.4210200727437703 0.4947243406874122 0.53790700250057 0.4739999999999327 0.5375999999999994
27 0.6202973130511964 0.3755837605802438 0.6488121269269413 0.3749206648229423 0.6513148117857099 0.482536908912328 0.6227999980625327 0.48320000004505415
6 0.66240010677177 0.548 0.6155999058389625 0.548 0.6156001974333094 0.47119999999999984 0.6623998370334903 0.47119999999999984
38 0.6504197222235462 0.3635948681374736 0.6946446636563905 0.36241335982342654 0.6990941122019194 0.5289509687255927 0.6548691714294819 0.5301324635773982
39 0.6669689814551703 0.30439348775712954 0.7082310222741626 0.302806538347852 0.711885386458448 0.3978198147974591 0.6706233461861757 0.39940675616341664
41 0.7013782195040221 0.7221201636593899 0.6507406915972069 0.7308759786480243 0.6225037592487297 0.5675902845772262 0.6731397192496615 0.5588346057415633
40 0.7388597636040686 0.7211382859832464 0.6906572419329677 0.7302894740804707 0.6660574386768303 0.6007274960275724 0.714258728262962 0.5915764271313511
27 0.94765625 0.90234375 0.95390625 0.90234375 0.95390625 0.92421875 0.94765625 0.92421875