0 0.2823265131540893 0.5332964766467665 0.23882780717121932 0.5258312613166246 0.26704320113162794 0.36143878976977795 0.31054091524470095 0.36890391670340045
43 0.32489074297348 0.5722106791318529 0.28205988920274194 0.5719576406114819 0.2831189773431788 0.3928236631069927 0.32594867492707635 0.39307669815582325
55 0.328751383908525 0.7479668833991261 0.2772102573981101 0.7440006476046417 0.28942872965001243 0.5852544425830044 0.34096822126514326 0.589220615813367
6 0.2959488297334474 0.5816365672908325 0.3509586001579237 0.6024892111958707 0.32774084256311653 0.6637309854447774 0.2727311426610868 0.6428784716615301
6 0.3865224991956211 0.6185940073990394 0.37787916016316103 0.6859963614989067 0.32894887399538675 0.6797223079845955 0.3375924906557657 0.6123202803163227
6 0.37885117255370915 0.5371352050510138 0.3675718259050882 0.5991789178190526 0.3152788589989086 0.5896729274399048 0.3265584234393373 0.5276294993526678
27 0.33650648740501765 0.6630833909215025 0.3775889969134596 0.6728667888176515 0.35477768430075685 0.7686415430788838 0.313695211722802 0.7588582504857446
6 0.3781312794898213 0.6472579388359845 0.3932787192965179 0.6479961797557977 0.3920216789050528 0.673785105961935 0.37687423923580354 0.6730468669573052
6 0.40212590486203226 0.5791211928385664 0.3909391719018913 0.5748805666218268 0.4018962885693327 0.5459786959908203 0.4130829678842929 0.5502193108834594
38 0.6850919530021429 0.4211486528032634 0.7324351134650442 0.4240141359633511 0.7222199787508998 0.5927749288215884 0.6748768212937648 0.5899094833156039
39 0.6948141763222111 0.3752135973397518 0.7387383775748049 0.36946498781200715 0.7610951263546895 0.540279306247689 0.7171709388488807 0.5460278463716793
41 0.7237812335339413 0.7538551495578022 0.671987152102588 0.757931603103047 0.6595331986857218 0.5997077839562779 0.711325589806961 0.5956313973216255
40 0.7020190206343386 0.6706421859636656 0.7235519016462604 0.5680330264679613 0.795064185448723 0.5830385932386298 0.7735321312563883 0.6856470248487954
6 0.532916352571533 0.5496030394874845 0.5548472631411414 0.5488395556389444 0.5571062863634779 0.6137230022368225 0.5351753760135125 0.6144864816891968
6 0.5761860605130096 0.5551399344986936 0.6079844045342497 0.5534179376208054 0.6116000978609009 0.62017840911944 0.5798017546252368 0.6219003956968173
6 0.6028611859694593 0.5579824274241432 0.6326670142366311 0.5547542514109621 0.6389574572973515 0.6128281552832292 0.6091516316967045 0.6160563144610257
6 0.626686786451387 0.5432422079053766 0.6758729031423627 0.536050478916644 0.6852166938640494 0.5999489604608497 0.6360305859245727 0.6071406489739299
6 0.7331932310966067 0.57981909527306 0.6790063227521159 0.5930240856524007 0.6613161651224573 0.5204375034162178 0.715502421281144 0.5072325962251905
6 0.5956796667917388 0.7004060997345876 0.56266582356443 0.7030877356091103 0.5575024184591939 0.6395265249286436 0.5905158346042754 0.6368449064706909
6 0.6759158288698472 0.6811304499175174 0.6228168768585647 0.6922213694987321 0.6091239781526383 0.6266721534422349 0.6622222491791945 0.6155813070064613
6 0.6529760350998686 0.609983975777727 0.7055775294310251 0.5917904010737257 0.7271938159651654 0.6542804124125638 0.6745923774557241 0.6724738717424164
27 0.5540567592855723 0.5574924835388418 0.5359620747886993 0.5570478141164227 0.5387346367488135 0.4442406543908566 0.5568290164231939 0.44468532011990086
27 0.6324728464231839 0.5637630656249999 0.6090353175166001 0.563763065625 0.6090355145782951 0.45365853749999996 0.6324726583770826 0.45365853749999996
27 0.6837117389678724 0.4199734688817841 0.7164626116857562 0.4206385799048331 0.7141367414261595 0.5351598789931943 0.6813858687499987 0.534494773437501
27 0.5920212603655273 0.797100813152504 0.5712257510359677 0.7974443626546064 0.5695582399631576 0.6965107938449938 0.5903532609374906 0.6961672484375007
6 0.4753789349922499 0.613326495273459 0.45325477936114567 0.614674350548211 0.44892503704011233 0.5436096679620609 0.47104891565459184 0.5422618211534803
27 0.94140625 0.89765625 0.96015625 0.89765625 0.96015625 0.92109375 0.94140625 0.92109375