43 0.2955303910968041 0.5278542768415937 0.25301117424953645 0.5302597401772772 0.24290856468201127 0.3516855787569221 0.285426723438718 0.34928014620002895
55 0.2584865625 0.5581395359375 0.3125884015625 0.5581395359375 0.3125884015625 0.7420058140625 0.2584865625 0.7420058140625
57 0.1925435466793033 0.5722342191300155 0.2663773013775881 0.5645369569441075 0.27835643363187046 0.6794302912697903 0.20452269130566947 0.6871274687286848
38 0.7227724359967169 0.5334302328125 0.6796319609917418 0.5334302328125 0.6796324444209176 0.3452034890625 0.7227717869749313 0.3452034890625
39 0.7219243664887927 0.3819941240489643 0.7584933885962073 0.38249530649493985 0.7563898167120442 0.535974267802474 0.7198207946466937 0.5354730907613962
41 0.6658415843750001 0.5646802328125 0.72135785 0.5646802328125 0.72135785 0.7405523265625 0.6658415843750001 0.7405523265625
40 0.7758246850546584 0.6793220515161609 0.7037974544758754 0.6684758344067565 0.7210394086130236 0.5539944054297001 0.7930650791970493 0.56484050217819
6 0.6796322484374999 0.462936046875 0.722772278125 0.462936046875 0.722772278125 0.5356104640625 0.6796322484374999 0.5356104640625
6 0.6618069404878497 0.5688069837391033 0.7182002428655778 0.5611249291442164 0.7270658357382445 0.6261997113091984 0.6706725422476438 0.6338817203047081
6 0.29724681885932114 0.525866572656821 0.2560978961840874 0.530999921022316 0.24617162362278577 0.4514350661346689 0.28732004861933547 0.44630174967617114
6 0.29137185911326924 0.5566861320696774 0.2913720313420072 0.47020346697880055 0.33734079868293065 0.470203662369773 0.3373409388258324 0.5566860118823934
6 0.3084413394742569 0.6273817833962938 0.25426525549130474 0.6215246256267067 0.26155444774531134 0.5541133916944888 0.3157298913225759 0.5599705150634886
6 0.35644836463904994 0.6547985379223447 0.30372774883255715 0.6464043447337597 0.3154015843783782 0.5730964422042487 0.36812149722516097 0.5814905791417422
6 0.39772518989650507 0.5733804465157565 0.3595874135644408 0.5722889848380736 0.36166487350874377 0.499712610795475 0.3998021983486524 0.5008040660164788
27 0.94609375 0.90078125 0.95234375 0.90078125 0.95234375 0.92578125 0.94609375 0.92578125