75 0.30861446428889394 0.5403565928919926 0.29111087503645194 0.5537816712786552 0.25432649048912026 0.5058262256382079 0.271829967024928 0.4924012124985483
75 0.36037898169820437 0.5624046840679718 0.31673538155678216 0.5676214116522402 0.30923730495533164 0.5048956397861298 0.3528804609375129 0.4996789390624966
75 0.37708357126723513 0.5535456732890025 0.34399862463760655 0.5420662111276693 0.36657160071968065 0.4770146494856332 0.3996562169772915 0.4884940487214274
76 0.3731376259707986 0.5308422008421736 0.39954278196182713 0.5269846652348749 0.40946668114270324 0.5949082375065168 0.38306153008306865 0.5987657503806301
76 0.4392385674244679 0.5944861025525414 0.40970973154742296 0.5976059719575751 0.40224611256189746 0.5269700060822011 0.4317745941918929 0.523850155514446
75 0.6355529720285631 0.5118326835681513 0.6283779344399818 0.5130880225510799 0.6228843027058701 0.481690835923701 0.6300593062500184 0.48043550000000246
75 0.7039736908151326 0.5300633208585857 0.6840961650710824 0.5247005311770978 0.6992595443126675 0.46850110030359077 0.7191369079929473 0.4738638673016352
75 0.6776571776500759 0.6642506986334605 0.6590957761335403 0.6139167390830937 0.7065657283393421 0.5964136305317077 0.7251272376610132 0.6467473444262689
75 0.6565703837999308 0.6311707904455226 0.663202203782248 0.6807602215905105 0.619507416882243 0.686602701877522 0.61287583881915 0.6370134878323692
75 0.6571341674177802 0.6338042039969192 0.6654982034929162 0.6318797577877612 0.670049216397615 0.6516569238220363 0.6616851816038434 0.6535813662088489
76 0.6222903823791057 0.6947091207314096 0.5930172658145239 0.7001214000076318 0.5808007459460214 0.6340546716912445 0.6100734741426095 0.6286424292686306
76 0.5943132692475501 0.7102997393966987 0.5690566144099876 0.7113374365178119 0.5662559545347676 0.6431770588463106 0.5915122519356828 0.6421393691140459
75 0.41794482834097835 0.6832151325217557 0.42460080192859095 0.6826184802582405 0.4277429019424517 0.7176651162515144 0.42108692865565445 0.718261766277756
75 0.38438704547058933 0.7266398644777574 0.3682673793794038 0.7231336161859598 0.37975417252744137 0.6703325946729178 0.39587366117223155 0.6738388230712403
75 0.35447410827418935 0.640041721112603 0.37683763117104263 0.6455547339984531 0.35982563504671816 0.714554390270365 0.33746212647338325 0.7090414177629436