43 0.4404068797243781 0.35785006911706696 0.4404071057541614 0.31577079355856075 0.6315406033930913 0.3157712048442932 0.6315407903963433 0.3578500581183731
0 0.6453632355837726 0.30287976479367834 0.6393011670942315 0.3433715968698076 0.48131721173592723 0.31971955373602634 0.4873795340062088 0.27922801825612464
55 0.22957588648091587 0.3556797562682123 0.23276361014166014 0.3032742187584349 0.4112479057442897 0.31413006805769284 0.4080606849912556 0.36653513551894384
57 0.43209861749483025 0.2735927228791981 0.4098452227855205 0.33831286191071225 0.28102721449363344 0.2940205846101888 0.30328079820253606 0.22930081631385024
38 0.4440403618378923 0.6799858609769404 0.44404077598778713 0.6343703830981908 0.6039243253276254 0.6343710793403144 0.6039246409982297 0.6799858202580062
39 0.6415480545824721 0.6493666951438468 0.6497268643942107 0.6997853596881751 0.4992711662587226 0.7241868505286642 0.4910932568457156 0.6737689859506626
41 0.2555361218711596 0.6954202929081084 0.2514400801069314 0.6385867430816 0.41775219897294846 0.6266008821201525 0.42184912147274645 0.6834334926944137
40 0.4156975470649513 0.6870578016889018 0.41569793425753687 0.7415135310053018 0.29651139085399336 0.7415132936661609 0.2965117095338883 0.6870582722877006
6 0.4324307039356654 0.6435622513313151 0.42588151328232016 0.5897265166725749 0.49504176476966677 0.5813139980789848 0.5015912544756702 0.635149381459247
6 0.5102049891107754 0.6309021373605354 0.5147326306575906 0.6774206855912238 0.4457440465282616 0.6841339843415842 0.4412167542923271 0.6376157567633625
6 0.42285255045976555 0.6788980422175092 0.3603796245316744 0.699530422987377 0.34050091791289105 0.6393461388217914 0.40297310636037764 0.6187138900623996
6 0.3994909510748812 0.6303823439079712 0.34187286717497045 0.64666310325913 0.3260546457879627 0.5906871157872471 0.3836721500186968 0.574406442529688
6 0.4338662194591052 0.40205094731337476 0.43386630105612767 0.3585572287108864 0.49781976408496575 0.35855733076948126 0.4978198437457877 0.4020508866517367
6 0.405772175518905 0.3677241811277012 0.34413945063954543 0.36159522273709604 0.3493879332531833 0.30882059938077216 0.41102032074422823 0.3149495407545603
6 0.4053377201323656 0.3659468708077525 0.39539103348124627 0.4170520656051323 0.329782711123471 0.4042830260724129 0.339729546784838 0.35317803699166006
27 0.06640625 0.93125 0.08203125 0.93125 0.08203125 0.95 0.06640625 0.95