75 0.5226179120161305 0.6353089155632069 0.5242456512069111 0.6194665915456178 0.5662224703028187 0.6237789823606646 0.5645948007967263 0.6396212422830135
75 0.5721559171034869 0.60576332865659 0.5723275172116473 0.6134174593327889 0.5388713159006784 0.6141673754470047 0.5386997400984228 0.606513268568609
76 0.5341623333499683 0.6058986034988162 0.5341623922191729 0.5875126514440376 0.5821016468250946 0.5875127568103513 0.5821016680762341 0.6058986284183457
78 0.5451902134196871 0.2446932614104274 0.5951134007722203 0.21959948745859798 0.6337281952128251 0.2964207368487944 0.5838050663932108 0.3215144216249795
67 0.6236856614319777 0.22509920579968573 0.6407185423628334 0.26731646645339885 0.5758840575156228 0.2934737416208017 0.5588513128751629 0.2512565959447121
28 0.6137142424399826 0.2508838853689037 0.5923163507167146 0.2341747793792534 0.635282869852972 0.17915216018605995 0.6566806981857098 0.195861228388971
28 0.6708707604012716 0.20170709901122086 0.6786435654094021 0.21149761021683325 0.6217486581745106 0.256666395668405 0.6139758800568416 0.2468759093092542
78 0.5842828497969776 0.30588847654370666 0.6392553778463252 0.2955663354323728 0.6519408477724937 0.36312307441030484 0.5969683295205641 0.3734451794259126
76 0.6648419600726356 0.3471780484375 0.638429091324042 0.3471780484375 0.6384291322340232 0.31492750625 0.6648419150716336 0.31492750625
28 0.7641916522404699 0.290809634177059 0.7668364537444177 0.30202377941548225 0.6593112674333952 0.3273820004174842 0.6566665328124373 0.3161679125000529
28 0.7799263575091118 0.32640059186974024 0.7806311232626513 0.336689417575118 0.6549061819503095 0.3453005616827111 0.6542014864520524 0.33501180123864327
76 0.6007415398836429 0.3908216869660769 0.5978626340312303 0.369970985882092 0.6617035231913633 0.3611566250566154 0.6645824931639481 0.382007249010177
28 0.8020201972533414 0.3541711673365757 0.8029201125740428 0.36168494215088615 0.6632262758312208 0.37841452045758434 0.6623264250000602 0.3709008031249799
75 0.6399992075114369 0.668842088418861 0.6409399618286216 0.6596860502472969 0.6660342093503004 0.6622640406088428 0.6650934804977169 0.671420055342073
75 0.6761617178727874 0.6165010561810069 0.6756762582402871 0.6219153331993861 0.6487912074932183 0.6195049795359846 0.6492766794822273 0.6140907162508716
75 0.6304531973395342 0.7283648947520127 0.6313159523249396 0.7117490008373543 0.7040031361257206 0.7155223849364499 0.7031405205817691 0.7321381453739446
75 0.6673219484465562 0.6716031191403085 0.6666071644280009 0.6802996111668939 0.6394751517173063 0.67806983175691 0.6401899578124812 0.6693733640625558
75 0.522137364336686 0.24718178602196736 0.5198138124050047 0.27192037451769474 0.46243866202360095 0.2665314752903874 0.4647622638838129 0.24179294238341764