75 0.36469105109915745 0.5226179414121509 0.3805333784798677 0.5242452734162995 0.37622109448147967 0.566222293419306 0.3603787679697916 0.5645949671106517
75 0.39423664344064946 0.5721559359547969 0.386582510689891 0.5723274775395256 0.38583265620525253 0.5388712865244941 0.3934867455533322 0.5386997454268548
76 0.394101384375 0.534162371875 0.4124872953125 0.534162371875 0.4124872953125 0.58210165625 0.394101384375 0.58210165625
78 0.7553065660733864 0.5451899387828861 0.780403261918309 0.5951119873740206 0.7035799247385057 0.6337278205334755 0.6784836792963915 0.5838061567985321
67 0.7749014587716374 0.6236867583420083 0.7326832230542095 0.6407178078584663 0.7065257254295148 0.5758825466551905 0.7487434843968686 0.5588516050633326
28 0.7491149098412961 0.6137132293884009 0.76582557062261 0.5923164294952514 0.8208488804252738 0.6352839778259608 0.8041383740325045 0.656680635801175
28 0.7982930808153696 0.670870617664703 0.788501971695382 0.6786428172397023 0.7433331142277666 0.6217480934812307 0.7531241332769696 0.6139759493490823
78 0.6941110578001144 0.5842827938607232 0.7044349500089311 0.6392551513366966 0.6368776716154798 0.6519406232042982 0.6265541839877642 0.5969686224266434
76 0.6528218982699627 0.6648419459436775 0.652821958696336 0.6384290852330684 0.6850724812721865 0.6384291477311449 0.6850725053659517 0.6648419239787621
28 0.7091903814507532 0.7641917778587612 0.6979759638454652 0.766836108738935 0.6726179248800008 0.6593108325774187 0.6838320875000363 0.6566665328124986
28 0.673598952911675 0.7799263886954113 0.6633102848422823 0.7806309176075091 0.6546998801419477 0.6549061246774615 0.664988269009541 0.6542016052863607
76 0.6091783111943414 0.6007414415546144 0.6300290323507625 0.5978629513277048 0.6388434552554827 0.6617038444472739 0.6179927377559125 0.664582316847933
28 0.6458284271657249 0.802020257695435 0.6383145401383672 0.8029199350241786 0.6215855378889046 0.6632260887399359 0.6290991968750177 0.6623264250000012
75 0.3311578875674286 0.6399992616984782 0.3403139237937012 0.6409397370783064 0.33773600305687523 0.6660339558325075 0.3285799671874656 0.6650934828124984
75 0.3834989232304906 0.6761617160266401 0.3780846426614062 0.6756763628001364 0.38049504728053307 0.6487913059518439 0.38590929855922695 0.6492766578583289
75 0.27163497339881815 0.6304532157377444 0.2882508307234275 0.6313155523544736 0.28447797715068646 0.704002864623188 0.2678621203125431 0.7031405343749996
75 0.32839683967415567 0.6673219098373742 0.3197003448195801 0.6666072903879477 0.3219301880601506 0.6394753403055848 0.33062663593750585 0.6401899578124992
75 0.7528182315547838 0.5221372993228323 0.7280795558388036 0.5198139075217686 0.7334685847657738 0.4624387457407624 0.7582070493194806 0.4647621275991269