75 0.11759892810675865 0.47449403410432217 0.13566603897572804 0.4726506699940862 0.14101083162643135 0.5250319713663685 0.1229437218972862 0.5268753280833539
67 0.14156916610431836 0.5426634972345762 0.12834127543271734 0.5373850186079352 0.13991419878436773 0.5083857740614084 0.1531420304332869 0.5136642394470218
75 0.23636256789848176 0.5614948337416067 0.2207449156671828 0.5594103440322726 0.2289495166198776 0.4979449931540092 0.24456701343751774 0.500029472299124
78 0.26885013358707965 0.5776839502100448 0.23660078368220638 0.5758367609212552 0.24036280344967054 0.510166079231251 0.2726118044112127 0.5120132585343989
78 0.3040444160675406 0.594642849789028 0.2680126069438984 0.5964809530195317 0.2635652307117198 0.5093035903397513 0.2995965085234502 0.5074655007469345
25 0.2619013313155847 0.5510366866118093 0.2489526051200528 0.5506340554496194 0.2515562895662242 0.4669083214944849 0.2645048474854548 0.4673109500362412
28 0.2635888230246337 0.5047372032428972 0.2566422012282601 0.5046772023491216 0.25752595493656827 0.40237536011271996 0.2644724765026467 0.402435360567709
28 0.2541693463695083 0.4192946654099908 0.2582449899674657 0.41946341141727794 0.25644169356849034 0.46301504707301555 0.2523660499999778 0.46284630156249956
28 0.29057568593680116 0.5098244523727226 0.2816832999097869 0.5102667188028154 0.2752713936040436 0.3813526470321023 0.28416362656253114 0.3809103843749998
75 0.30439071163846165 0.5435109119955206 0.315316598505774 0.5443602320709916 0.3123640956671352 0.5823384303386206 0.30143820911848707 0.5814891130369967
75 0.33131033179552105 0.5749745814062099 0.3257951686599654 0.5748995555430366 0.32617235669010824 0.5471760993139569 0.33168749374999607 0.547251125
75 0.3350820530439478 0.5479442108891571 0.34189586308264097 0.5481446257323416 0.341141517831943 0.5737888237788074 0.3343277078124629 0.5735884093749996
75 0.3724222540951132 0.58329161875 0.36487874100180306 0.58329161875 0.3648787719117763 0.5423995203124999 0.37242223223188375 0.5423995203124999
75 0.3746852750969083 0.5479442108891684 0.38285990765643874 0.5482137960437761 0.38164969797946924 0.5849074659583244 0.3734750654622303 0.5846378816569817
75 0.4180602546208547 0.5673506275777798 0.41453036750124284 0.567990882868622 0.4096271085722947 0.5409605147390373 0.4131569796874146 0.540320260937509
75 0.419191753837481 0.5375479153266398 0.4259123724167466 0.5383790487499105 0.4220058668515776 0.5699644870940114 0.41528524868328986 0.5691333559016166
78 0.4470657778998657 0.48102274799550293 0.48403936882539256 0.47858406455781394 0.49072752419886 0.5799768893045587 0.4537539353379998 0.5824155527565479
78 0.4832465922128222 0.4795263416193995 0.5192355292156208 0.4775680038196306 0.5233875129013086 0.553864193902191 0.48739857687667154 0.5558225198763092
78 0.5549456285921224 0.5384413869585539 0.5123080632675965 0.5409272361827983 0.5081984087320279 0.47043944413184235 0.5508355134516023 0.467953608352021
67 0.48208171394992405 0.4714861545262758 0.5001205756253739 0.4699988992984315 0.505174158689897 0.5312890826512519 0.4871352978750565 0.5327763309102252
25 0.5385494595451519 0.5170078515099554 0.5206170145640954 0.5195286920741838 0.5076224949551715 0.4270956508999262 0.5255546953125076 0.4245748281249958
28 0.5217829551706927 0.3795242108595047 0.5264017420057598 0.37960989432210845 0.5252702258893578 0.44060149875981885 0.5206514390624761 0.4405158156249998
28 0.47679494250837706 0.37855341028112294 0.49434851962848825 0.37730361488650827 0.5013946453033213 0.47626240461889713 0.4838410690388173 0.4775121919684721
25 0.4787852393120602 0.5458649515625001 0.4569090482825686 0.5458649515625001 0.45690925467442867 0.4294264328124999 0.47878505106439206 0.4294264328124999
28 0.46412047242108656 0.42707716638602067 0.4593879547043116 0.4274119547850153 0.4520997069270152 0.32439084563091125 0.45683216718043695 0.3240560593126612
75 0.6357208079678003 0.5219933675190339 0.5904361442979962 0.5173730145820574 0.597754224151231 0.445655430274919 0.6430384120068311 0.4502757587977183
28 0.6038517334391145 0.31908651756897116 0.6349614442733582 0.3195567659180815 0.6325413719935113 0.4796516518631271 0.6014316612731818 0.4791814081398287
75 0.654799559122921 0.6161743499210939 0.6238782042175899 0.6231366060733631 0.6075812304366082 0.5507637853266987 0.6385021895181353 0.5438015756423696
67 0.5747898524256243 0.5701215316792275 0.6215060669717332 0.5535007501808112 0.6388695967893909 0.6022997157957696 0.5921534215750626 0.6189204203091917
67 0.5978715405182129 0.6271868562247641 0.5691774134860452 0.6568524158327378 0.5182998618618058 0.6076463783700342 0.546993806404771 0.5779810162234048
28 0.6030447999991111 0.7280016388331232 0.5974238899387956 0.7294798843615193 0.5761327368581988 0.6485338012917994 0.5817535531249405 0.6470555687500037
28 0.5579052199246917 0.7416785005048637 0.5452599872145356 0.7412632983018081 0.5485388742537225 0.6414216037403349 0.5611838406250627 0.6418368015625006
75 0.5654468391234104 0.5898541216130343 0.5562814384554713 0.5963491593951178 0.5357736827006647 0.56741280990587 0.5449390430933363 0.5609177924342262
67 0.5271854883175138 0.6093154714966977 0.5043579947003991 0.6101435558079817 0.5033817765586264 0.583233773242351 0.5262091586563429 0.5824056909554504
75 0.5040006457497839 0.631346542110195 0.4905339155478714 0.6346439890196011 0.482679788977066 0.6025714579503794 0.49614643902907574 0.5992740213167095
75 0.47213289163357786 0.6071156610298362 0.48199523331379623 0.6078311798057155 0.4793536972790662 0.6442364561927172 0.46949135586885404 0.6435209399098429
78 0.37685749205206776 0.6250115769348211 0.40342100412112814 0.6235661930817784 0.40775975424264743 0.7032941248725515 0.3811962431104803 0.7047394970729395
28 0.4101103099277452 0.7541345106249275 0.40217379284308663 0.7551159488089618 0.39458987814589364 0.6937972736011685 0.4025262874999953 0.6928158421875023
76 0.23626089858350952 0.6086304033967841 0.2241634537566597 0.6398981379498918 0.18984640672431397 0.6266223473988088 0.20194389539960866 0.5953547204832249
76 0.1820739049481972 0.5948146746458393 0.16893135437021556 0.6244797974230869 0.12844818532164481 0.6065463878312143 0.14159077031251854 0.5768813859375164
75 0.12545262753133102 0.5929376858877611 0.13491964642571475 0.5925084090686453 0.1359148596494606 0.6144538406875879 0.126447840816013 0.6148831166388012
75 0.14919542301379352 0.5610248511876841 0.10689791192385201 0.6082683707655988 0.05596787976799078 0.5626743853084021 0.09826518517604654 0.5154311406425721