43 0.31157578501097305 0.5472602506764905 0.2697570945157395 0.5407416193772024 0.2956816501276762 0.37444474371569536 0.3374993582312982 0.3809632963842467
55 0.298866672790723 0.5512983050404058 0.35616151293652365 0.5590201694279803 0.33334710858264316 0.7282790704495378 0.2760522934826213 0.7205573339202389
57 0.2675023981511231 0.523322218987088 0.32810817572783435 0.559217588290391 0.27101450766338075 0.6556041900236308 0.2104089938271727 0.6197091803046534
38 0.6654987090903433 0.39497751165135087 0.7079563956629045 0.39003782929632447 0.727455006754326 0.5576219544310368 0.6849973309343795 0.5625615754491187
41 0.7202334535728596 0.7203735231364196 0.6667138252296354 0.7265729272497566 0.6480665008398319 0.5656040910310993 0.7015844591330733 0.5594047841673487
40 0.7567845545399905 0.6570945958928015 0.7080761941055016 0.6633815565960739 0.6933290030876833 0.5491359000551744 0.7420363563719548 0.5428490046742587
6 0.6092646076147048 0.5959302328125 0.5781470093875214 0.5959302328125 0.5781471965215133 0.5268895359375 0.6092644224038395 0.5268895359375
6 0.6126383359347756 0.6899178828065028 0.579433496084107 0.6919371378939351 0.5755547435427388 0.628159401296741 0.6087591614784742 0.6261401590154916
6 0.4733382078749173 0.6030509428754744 0.4474477792724656 0.6012515074902042 0.4523219328492587 0.5311312076142477 0.4782120463306683 0.5329306319655124
6 0.32915136078577234 0.6092556482164241 0.3591720359572719 0.5727430446029836 0.42106835783886254 0.6236284954112317 0.3910479745717339 0.660140826301396
27 0.36074479651779257 0.7421224790394028 0.31298221090673906 0.7250630161023798 0.34794908125002166 0.6271802328125138 0.39571069073406306 0.6442395008532875
27 0.4756012048989078 0.5385174430460912 0.45397800880982686 0.5378066143607241 0.45743119525275233 0.43277470872445933 0.4790540647339867 0.4334855321386888
27 0.6036263392309138 0.5303053804161924 0.581481104358545 0.5305252625665916 0.5804143131189221 0.4230760245019336 0.602559207047193 0.42285614402917215
27 0.6338573189989347 0.7673202728547946 0.6130450007542549 0.7722381007221039 0.5905742555753477 0.677156147072286 0.6113861374999487 0.672238373437511
27 0.940625 0.9203125 0.953125 0.9203125 0.953125 0.9359375 0.940625 0.9359375