76 0.5770645073228025 0.34572746671046617 0.5758165551011416 0.37480788979472773 0.5080405863421902 0.3718992785191641 0.5092886413498263 0.3428189617813136
25 0.5262166046874199 0.3587767078124702 0.5273187205320937 0.3491052896229081 0.6003730521397301 0.35742982265401874 0.5992709787171862 0.3671012020864261
28 0.593423381249977 0.361272045312465 0.594078274304934 0.35630130239116536 0.6548005792758431 0.36430104338552677 0.6541457048581378 0.36927176935599787
76 0.559234954372414 0.4081467342065325 0.4844691188829984 0.4055072202506443 0.48592552694242386 0.36426063307669504 0.5606910007926444 0.36690014065528664
76 0.5368675515724135 0.4551191426470238 0.5366032752227738 0.4631436618096125 0.49046108305469716 0.46162405101448506 0.4907253843749686 0.45359955781253364
76 0.5470615527863174 0.44390310116048826 0.547640714354543 0.45371665284202795 0.48645663868774136 0.45732716729552275 0.4858775206566861 0.4475136571365257
75 0.4658519261921583 0.5325586621930688 0.4651976272900811 0.523781642119866 0.5259172069677334 0.5192554650155765 0.5265715451331516 0.5280324420177444
67 0.47138168107574074 0.6133963583865696 0.46725045238258645 0.5783968649162174 0.5390390475689628 0.5699239282514775 0.5431704729044213 0.6049231943907515
26 0.6102933894866283 0.6121226353754924 0.6084545821253187 0.629431904261836 0.5307367412424355 0.6211763826505854 0.5325756600375371 0.6038672413773799
67 0.4779968171310429 0.6603762082130861 0.4816469681820763 0.6294568777182828 0.5769124398445911 0.6407016287144486 0.5732626113327797 0.6716206651798046
28 0.6413733062358915 0.5889179169751252 0.6411372574877987 0.5980340184291516 0.5133948896764196 0.5947257524643424 0.5136310406248867 0.585609754687507
28 0.571509516051492 0.65799515409328 0.5702686356395361 0.6495476883527705 0.6691332273744592 0.6350266933037253 0.6703741756740556 0.6434740739251487
28 0.5782810703118457 0.663938592187456 0.5783535707907959 0.6610531612631829 0.6515716417036401 0.6628924246123193 0.6514991631096336 0.6657778340010456
67 0.4728423215128714 0.6246514632203458 0.47903179195259327 0.6692189021100419 0.4393945055628592 0.6747227850275234 0.4332052305395564 0.6301555216272229
75 0.4162665330092068 0.606938723913128 0.42382802137854014 0.6245543039800134 0.40760743621979145 0.6315161434896642 0.4000459823547544 0.6139005926613584
28 0.3531743406249461 0.6223838578125375 0.3529081707478099 0.6171486135949037 0.4035376994334001 0.6145746811717373 0.4038038929550112 0.6198099005158315
26 0.31232397063593 0.6341148144120418 0.3111506463881142 0.6102534069831989 0.4168455548909833 0.6050563004402012 0.41801910497486006 0.6289174701044624
67 0.438354034245549 0.39061140502023367 0.44341651403078686 0.37095382271542116 0.48178521173895206 0.38083457670083154 0.47672278518757594 0.4004921131386912
28 0.44009505749124855 0.3881848173868937 0.43950812549030616 0.39326836791655534 0.29572650299564884 0.3766679877667067 0.2963134718750098 0.3715844812499491
75 0.4987948107412876 0.3447640256977016 0.4869991792015753 0.3855273085507592 0.4127730712252742 0.36404918865159547 0.4245688034510522 0.32328607603908693
67 0.47754088512840553 0.3439498589223567 0.4440532251761624 0.3120319786709904 0.49226546996533216 0.2614501017904109 0.5257530152778145 0.29336787937916314