76 0.3457275789758114 0.4229355035584416 0.3748079069217738 0.4241834215618668 0.3718992740575686 0.49195931987406954 0.34281894645801003 0.49071140778635486
25 0.35877672093181445 0.47378339680733167 0.3491052919351887 0.47268142199322416 0.35742975327275417 0.3996269536804017 0.367101088317213 0.4007289230803738
28 0.36127204531260304 0.4065766187500074 0.35630130663912496 0.40592179785432586 0.3643009572658684 0.3451994264432068 0.3692716611177502 0.3458542449975366
76 0.40814676303182296 0.440765049793009 0.4055071871413247 0.515530784727605 0.3642604885427545 0.514074513348627 0.36690028048383283 0.4393090023787549
76 0.45511925534185593 0.46313245404334835 0.4631437179737077 0.4633967221089835 0.4616240203989719 0.5095388827881667 0.4535995578124812 0.5092746156250002
76 0.44390318932551054 0.4529383833476943 0.45371669867699893 0.4523593382422773 0.457327105794775 0.5135433991402752 0.4475135966713424 0.5141224416401288
75 0.5325587281149637 0.5341481210348975 0.5237816744063366 0.5348023560983819 0.5192553700420603 0.4740827716902204 0.5280323415341854 0.4734285397155676
67 0.6133965504217258 0.5286184822687625 0.5783968666858073 0.5327491787194049 0.5699238438295424 0.4609604836615658 0.6049231530091674 0.45682980943311663
26 0.6121228121999138 0.38970672246331406 0.6294319804947008 0.39154531751212046 0.621176284974581 0.46926309962265766 0.6038671182044482 0.46742451396215484
67 0.6603764016251716 0.5220026097566626 0.629456976808001 0.518353457695646 0.6407013538064348 0.42308800840712724 0.6716203558009965 0.4267371352437161
28 0.5889193991478123 0.3586267321427346 0.5980350528238887 0.3588628954332741 0.5947254082919926 0.486605120707708 0.585609754687539 0.48636895937500074
28 0.6579952081747251 0.4284906119754936 0.6495477584750233 0.42973132437769607 0.6350264460634207 0.33086660495963655 0.6434737950860381 0.32962590028936484
28 0.6639385924759154 0.4217189296947414 0.661053249169754 0.42164647401141586 0.662891980428526 0.34842836807630523 0.6657772984374333 0.3485008234374993
67 0.6246514902093168 0.5271574284108531 0.6692190599294463 0.5209693940517137 0.6747230317969297 0.560606722362211 0.6301554665361664 0.566794736204913
75 0.606938734375035 0.5837334624999891 0.6245549179921 0.5761734092032568 0.6315167096946652 0.592393859656639 0.6139005331028784 0.5999539009853683
28 0.622383894026143 0.6468256575339792 0.61714883160721 0.6470917963242478 0.6145746576862621 0.5964622562783446 0.6198096703125202 0.5961961187499986
26 0.6341152713273459 0.6876760001093433 0.6102540236760206 0.6888493354987151 0.6050562427833484 0.5831542761985311 0.6289170046705976 0.581980952739404
67 0.3906115017539378 0.5616456948014318 0.37095370707629627 0.5565838828388148 0.3808344752753783 0.518215182188911 0.40049214832947655 0.5232769777260394
28 0.388185820101171 0.5599050900100868 0.39326856685408984 0.5604918887823483 0.3766672265838906 0.7042733187745823 0.37158448125001087 0.7036865281250019
75 0.3447640992236529 0.5012055480470538 0.385527653023928 0.5129999397588629 0.364049253229382 0.5872265870541069 0.3232857309726569 0.5754322709910207
67 0.3439511263302393 0.5224599702710765 0.31203145243057406 0.5559461025577062 0.26144873045313943 0.5077333065966106 0.29336824213942236 0.4742473572056147