75 0.4270276339150314 0.7260698156938312 0.43398942450096456 0.7246509753607024 0.44017742492576417 0.755008471023465 0.4332156358194652 0.7564273063956388
75 0.43684539900664277 0.7213483713364286 0.44679106496835175 0.7203945028359001 0.4497476857267202 0.7512171540559608 0.4398020202419275 0.7521710192419077
75 0.3377865153449875 0.7375179135758053 0.33085650730913585 0.7370157345698746 0.33340654830112726 0.7018315308902691 0.340336502993523 0.7023337079567775
75 0.5463750268609147 0.7771755297058833 0.5395188788334053 0.7782714474615373 0.5353335418037659 0.7520922040214644 0.5421896483420596 0.7509962896428221
75 0.6471148761814902 0.7812131492743758 0.6550259422228919 0.7999738642111078 0.6232458013615769 0.8133722932134978 0.6153348280096225 0.7946116568766228
75 0.7438382203107494 0.7772717722674438 0.7166659521354859 0.7753027597547182 0.7229180908083208 0.6890425021181799 0.7500898387639836 0.6910114957673159
76 0.7399014005821982 0.7337522665679407 0.7785788736780432 0.7003672025371096 0.8140939693610107 0.7415058179911973 0.7754166876050022 0.7748906780165487
76 0.8280672177883162 0.7667262270478038 0.7928345189210404 0.7691577416431924 0.7891759319132916 0.7161509509075568 0.8244082095462772 0.7137194508983934
76 0.8225864318216054 0.6912206142050383 0.8442007207518145 0.6887288348715901 0.8513058695584732 0.7503510478192813 0.829691583558656 0.752842810166494
76 0.8374232239586945 0.6953632493151937 0.8686475075493263 0.6863126494725644 0.8865834698132176 0.7481816044252029 0.8553592131031564 0.7572321401161908
75 0.8946832463766441 0.7100387290912309 0.8886675767128054 0.7105291451677809 0.8869780604574089 0.6898077071290286 0.8929937035649118 0.689317292140951
75 0.8969260703125 0.6930184671874999 0.9005706703125 0.6930184671874999 0.9005706703125 0.70797566875 0.8969260703125 0.70797566875
78 0.824395657004402 0.8558826660569488 0.8049396052147131 0.7987850938650211 0.8678206994691209 0.777362680110246 0.8872769843577544 0.8344597777263351
25 0.8833706793236615 0.9194554085984208 0.8709721661176673 0.9226170368711059 0.8449235661189505 0.8204892946149306 0.85732174953705 0.8173277104375792
25 0.8566273327978706 0.9230689984868459 0.8447487052357019 0.9245181596674595 0.8343355559022712 0.8391823176336712 0.8462139125422254 0.83773317315853
28 0.8601034861131893 0.9638963959133282 0.8563486563189144 0.9647424416486935 0.846816596170811 0.9224496780275127 0.8505713812500062 0.9216036374999991
28 0.8842138634367984 0.943265789067289 0.881472302793668 0.9435236454303346 0.878949122558538 0.9167038381981464 0.8816906624999774 0.9164459828125
78 0.8177703684061726 0.8571329453124998 0.7600169010735272 0.8571329453124998 0.7600172123403581 0.800914503125 0.8177698599431551 0.800914503125
25 0.7890622014889459 0.8239851741119819 0.7996273116293651 0.8214588759606929 0.8245681363388258 0.9257390877223859 0.8140030387135084 0.9282653497848912
25 0.7905522791373869 0.9316463669752335 0.7799652241620834 0.9321160350470564 0.7760638930453752 0.8441927046880048 0.7866506968750855 0.8437230421874984
28 0.82421813281087 0.9504865061960918 0.8212841842267835 0.9507624563721949 0.8187610050096055 0.9239426491206482 0.8216949312500219 0.9236667000000016
75 0.46592585901385064 0.8695113195176803 0.45827390923886924 0.8673858954772141 0.46614521658602825 0.8390540659179339 0.47379711125938684 0.8411794818741476
67 0.41694971537799574 0.8140022928779043 0.46640312225144953 0.8123977823697823 0.46794884085988997 0.8600291475557845 0.4184954344389098 0.8616336483301743
76 0.41867462502955277 0.8038802115097796 0.41508722032142487 0.8589616244298472 0.3665473895684954 0.8558006483777444 0.3701351081633675 0.8007195750422772
75 0.35869263489905734 0.8231789349599604 0.3671745356059546 0.8229694120623156 0.36768293079546766 0.8435459234381399 0.3592010301094888 0.8437554457880353