28 0.30950174283520937 0.4318571930266181 0.2909316669083637 0.4290409461682542 0.29930781477514756 0.3738125502849715 0.31787776562498493 0.3766287874999923
28 0.31350038378820955 0.43700918084087337 0.3092083714242335 0.4362566733564288 0.31631743232321696 0.39571162330776616 0.32060942260966385 0.3964641288017068
75 0.3566672507425892 0.4888010659267704 0.33886277274677923 0.4864309894611011 0.342687133159302 0.45770394413830406 0.3604915375000246 0.46007401562500305
67 0.3268278848565842 0.44463267079970353 0.31503980952311395 0.4841769426027662 0.2736037166072265 0.47182560028571546 0.28539186045952647 0.4322814475738755
67 0.36643133336963274 0.45521414970432256 0.3953228772031707 0.45851067063951184 0.3894887887903451 0.50963854124451 0.3605972469391645 0.5063420327830428
67 0.403819571029544 0.5414000322013524 0.3911028308000368 0.5834780080198897 0.34193485686319036 0.5686197520911895 0.35465170073302943 0.5265419582553801
67 0.4420780356853129 0.6019398655417323 0.41598269546216216 0.5900303100852409 0.43546750669952417 0.5473412153550964 0.46156266250000044 0.5592507218750177
75 0.3430089640625056 0.5558308359374942 0.33861330668548817 0.5549834160249165 0.3424376352004401 0.5351480768401501 0.34683327818174803 0.5359954953234498
25 0.40240864786892416 0.6028827374112566 0.393552826330847 0.5994129983948919 0.4123316210437906 0.5514888975548732 0.42118737077919377 0.5549586208234617
28 0.352423126138774 0.5693519263527269 0.3577598859375257 0.5736142453124785 0.3321110886333827 0.6057251848472551 0.32677434290678775 0.6014628815662699
28 0.3686094073211734 0.5799426183470021 0.3770178113163638 0.5832434571242764 0.3607049779201361 0.6247934799617951 0.35229658125001606 0.6214926546875078
78 0.4342479054985233 0.5485105829287733 0.4232267736443873 0.5778519449627518 0.3927459106802189 0.5664038167592313 0.40376707714540316 0.5370625361003546
75 0.6453946463972215 0.5054916922420837 0.6348446035759707 0.5091029515510792 0.6281155674219008 0.4894459834278827 0.6386655798728498 0.48583472977225184
75 0.6902604664694536 0.4805054196749943 0.6990930137955047 0.48297450499290623 0.6950062678985205 0.49759277524683193 0.6861737216854635 0.49512369271877776
67 0.7186405793131598 0.48361874950534867 0.7290639894059723 0.5006308938653108 0.6972052322958007 0.5201493274282187 0.6867818779695654 0.5031372317462705
67 0.693023369928369 0.529178234639954 0.7053164016489291 0.5495159164493629 0.6709384358700845 0.5702935260471712 0.6586454823230952 0.5499559123667506
67 0.6204602001452031 0.588086259903818 0.6125004617837249 0.5527673302621497 0.6615395404772926 0.5417165508580235 0.6694993857062173 0.5770353279847017
67 0.58723347343755 0.5560461124999968 0.609610531917042 0.5468122592468728 0.6246765236332976 0.5833192103042203 0.602299483048796 0.5925530317885586
28 0.6218258726892145 0.6501710841374895 0.6161700364099261 0.6515547038876053 0.6014123731306427 0.5912367833739991 0.607068145499511 0.5898531718246873
75 0.5387984656130129 0.49746353331935306 0.5417901298111474 0.49813555715598445 0.538095940475273 0.5145797901504227 0.5351042765624925 0.5139077671875014
75 0.5576799164433623 0.5144216478318197 0.5550579560585902 0.5148243674683364 0.5530056262426797 0.5014634301542866 0.5556275812499507 0.5010607109375054
28 0.39349345639720923 0.6089759824448029 0.398952253716061 0.6101178161620738 0.3944371340945736 0.6317008704041182 0.38897833750002064 0.6305590390625072
28 0.4058074484374856 0.6485449187500177 0.4011928638118434 0.6458913628226279 0.4245408611865287 0.6052936867609009 0.4291554132892088 0.6079472308634527