75 0.19717993109100007 0.2925514172291854 0.23117257444664574 0.2936985717183491 0.22836324216052617 0.37694242752822094 0.19437059904691978 0.37579527789950384
26 0.23889216836118976 0.2287262929904021 0.265329651960883 0.22775651721382942 0.2699204765633567 0.35290606404414493 0.2434829932089997 0.3538758344180532
26 0.27559564000819137 0.23521365233321243 0.3117789711915293 0.2427791039895592 0.28122808422779144 0.388891056149105 0.2450447693689739 0.3813256579147999
67 0.32117988858726676 0.4322979904155306 0.2778137381737906 0.4327858123078046 0.2766517397745929 0.3294644343041709 0.32001735824894695 0.32897661544925355
28 0.317927259375 0.244035865625 0.3302412421875 0.244035865625 0.3302412421875 0.359985815625 0.317927259375 0.359985815625
28 0.32284572927949284 0.22025248882501158 0.3301474757112146 0.2210478784134965 0.31784061457642565 0.33402352014015446 0.3105388687499726 0.3332281343749952
28 0.306445866024319 0.35113374073332204 0.2988555181600532 0.35199173352313046 0.2885822706352883 0.2611106313471649 0.29617255468747317 0.2602526421875062
67 0.3326140893179854 0.410480498989422 0.35278148223744665 0.4098799891507565 0.35408852612386 0.4537730321789927 0.3339211332887544 0.4543735402799425
76 0.46506169801693886 0.4925373783109677 0.43843930245952834 0.4955694773084427 0.43105449446454713 0.4307326219758072 0.4576766452563561 0.4277005371550762
75 0.4582364479701937 0.43583133645728855 0.4696932558200615 0.4364757067119119 0.4670615561873319 0.4832639982677303 0.4556047485145882 0.4826196301266995
75 0.467662527506036 0.4321331666520185 0.4865757914186588 0.43249443850352065 0.48532491448065684 0.49797599648029184 0.46641165061100764 0.4976147263157254
76 0.4925285741223888 0.4386444520407502 0.5067666253744392 0.4399957926474721 0.5008018298242405 0.5028381926396146 0.4865637794309805 0.5014868581603682
76 0.5014056140625 0.43944801875 0.5157719281250001 0.43944801875 0.5157719281250001 0.5059368 0.5014056140625 0.5059368
75 0.5603955106801095 0.49840721464735155 0.5502063353421818 0.49754760601991543 0.5541896842006508 0.45033557370905947 0.5643787899791732 0.45119517938205006
67 0.631459176181238 0.43981489469389373 0.6547209821272872 0.43645063612737184 0.6612069890550174 0.48129460751289715 0.6379451853887304 0.484658855356664
67 0.6527389012553613 0.4213247709420242 0.6652108185840007 0.41941890104672236 0.673118888112981 0.4711658711212449 0.660646972298764 0.4730717342430505
67 0.6876078459163182 0.46187311206083154 0.6749736457071549 0.43884979566567034 0.6996917014923838 0.4252864054288941 0.7123259047217516 0.4483096783806761
75 0.7111538272940834 0.4402588502839307 0.7065863857976638 0.44125722505530957 0.6987875230951204 0.40558032240445263 0.7033549437500142 0.4045819499999907
75 0.7226287671212503 0.4363775964375888 0.7124917160309678 0.4371670347648285 0.7095267945617252 0.39909671550506415 0.7196637965436139 0.39830727910063946
67 0.7389064184767449 0.42472097295921224 0.7321216604649408 0.4258657830435137 0.7278872995344727 0.4007719370654669 0.7346720363284476 0.3996271288075382
67 0.7401169463593078 0.40220519830530577 0.7537668590315434 0.4031922776447034 0.7521512971129596 0.42553206367220414 0.7385013845895401 0.4245449857270282
67 0.6385418718358551 0.5040652988136066 0.6491584728007638 0.5032975944337564 0.6516625146102797 0.5379232299753243 0.6410459138695614 0.538690932240421
67 0.6090428358304507 0.5226488055958614 0.6214422278901566 0.5042121479241939 0.6502305658867726 0.5235718743201163 0.6378312313919423 0.5420084809019857
78 0.33958152286618315 0.47808642376531135 0.3782100329186733 0.4854188562280819 0.3659018554819795 0.550255345103195 0.3272733557663514 0.5429229504233699
25 0.3384671456335582 0.6259161608472512 0.31930687993815354 0.6222616685881975 0.34016570002847857 0.5129127492195216 0.3593256089504848 0.5165672067060098
28 0.33311448835127067 0.6226975863062505 0.33723857154620873 0.6233934023161153 0.33190252796885034 0.6550161154053622 0.3277784453125605 0.654320301562504
67 0.31982698662943676 0.46989506144126814 0.3383645575341916 0.46748904167849853 0.3434483469246743 0.5066551516140758 0.32491077740189667 0.5090611643206726
67 0.28021842056921287 0.44374023545146457 0.30586284857065493 0.44832175874478697 0.3000829543142345 0.4806718224824691 0.2744385290933451 0.47609030976391653
67 0.2583314490684643 0.4267968945476611 0.27450399191752695 0.4231345489655572 0.28439677496260174 0.4668174816089422 0.2682242357868745 0.47047981602808964
75 0.17603547133194297 0.3741158134324877 0.20708226025419663 0.38983170318759336 0.18747737655462515 0.42855929895974765 0.15643061540060899 0.41284345090176033