75 0.2925511504927272 0.8028200296154238 0.2936988212156848 0.7688271853519163 0.37694249432945526 0.7716369248827325 0.3757951740575436 0.805629428949349
26 0.22872621729993625 0.7611076329257994 0.22775673272963104 0.7346696802820062 0.3529060552093597 0.7300804139886578 0.3538759010182275 0.7565179930761889
26 0.2352132235322415 0.7244039886713702 0.24278070824323095 0.6882203842762414 0.38889109451190507 0.7187725887916496 0.38132429050540395 0.7549555973952264
67 0.4322977621178552 0.6788196663551251 0.4327861674083806 0.7221860567975484 0.3294645220393022 0.7233487689062772 0.32897659976833893 0.6799828584441948
28 0.24403586562505097 0.6820727406249505 0.24403607249757897 0.6697580514403382 0.35998585565619123 0.6697593481845449 0.35998579574572886 0.6820738908114633
28 0.22025245431746043 0.6771538820769767 0.22104812223165027 0.6698516620282133 0.33402366387838356 0.6821594068526367 0.3332280897266173 0.6894615410522645
28 0.3511334348949049 0.6935533955167863 0.35199172608804474 0.7011441128217287 0.26111085210084184 0.7114180883666814 0.2602526421873108 0.7038274453124719
67 0.410480513285961 0.6673859031668622 0.40987996297189966 0.6472184500895628 0.4537729757701072 0.6459115132180969 0.4543736119633195 0.6660788776889386
76 0.4925371293149965 0.5349382703350496 0.4955698239054982 0.561560569760078 0.4307330210466489 0.5689455700440514 0.4277004862238982 0.5423234169200368
75 0.43583126314854326 0.5417635378285336 0.4364757625709217 0.530306702189245 0.4832640015636116 0.5329384576626254 0.4826195483504989 0.5443952493530879
75 0.4321331587809709 0.5323374188223582 0.4324946174897377 0.5134240331169384 0.4979760300442422 0.5146751972513502 0.4976146719712915 0.5335884851279884
76 0.43864430173357505 0.5074713475112147 0.43999591044848785 0.49323325921985134 0.5028383282618734 0.49919824884428976 0.5014867940524255 0.513436268402709
76 0.4394479946838601 0.49859436255162104 0.43944804713441954 0.4842279915599632 0.5059367946311113 0.4842280999255371 0.5059368136654712 0.49859439952559875
75 0.4984072733573157 0.43960446617883175 0.49754758271865285 0.4497936128423141 0.4503355105728133 0.44581033421435523 0.45119523067421596 0.43562122021103833
67 0.43981514781796704 0.3685408050026244 0.4364505849555371 0.34527901606807926 0.48129431276788637 0.33879307046499957 0.48465892253568654 0.3620548031777873
67 0.42132486717014217 0.34726108043840226 0.4194188584154972 0.33478917576404904 0.4711657440611816 0.3268812203134492 0.47307178001597094 0.33935309148259085
67 0.4618733204953287 0.312392487211371 0.4388495398136456 0.32502585912969423 0.42528631819629936 0.3003081366004604 0.44831005042249217 0.2876747811460106
75 0.44025884334439525 0.2888461409636302 0.44125730783457584 0.2934135810243834 0.40558040587484356 0.3012124888002586 0.4045819499999652 0.29664505625004495
75 0.4363775374906709 0.2773712409695407 0.4371670480611556 0.28750827178747956 0.39909673016074976 0.290473221389039 0.398307237486506 0.2803362073376442
67 0.4247209000154726 0.2610935928615149 0.4258657978463134 0.2678783317513216 0.40077201292649534 0.2721126992619764 0.3996271229852937 0.2653279673596152
67 0.40220513440340255 0.25988304508778576 0.40319229791452926 0.24623313296771385 0.4255321134393171 0.24784871635352548 0.42454496251787077 0.2614986166498888
67 0.5040653543634335 0.36145812315646614 0.5032975732524392 0.35084151770442956 0.537923174235857 0.348337503968334 0.5386909736607777 0.3589540895478484
67 0.5226491409340497 0.3909566991352989 0.5042117491497038 0.3785584314742821 0.5235712292150083 0.349770337796992 0.5420085685638014 0.3621685811897668
78 0.4780856349050282 0.6604183022587198 0.48541973249257353 0.6217899570434924 0.5502562199194472 0.6340984332991698 0.5429224087918101 0.672726525580732
25 0.6259164160911723 0.6615321922283653 0.6222613687573357 0.6806922058888988 0.5129123346857796 0.6598343098335808 0.5165675444962972 0.6406745084089365
28 0.6226975890625681 0.6668854953125105 0.6233936012673666 0.662761438576041 0.6550162820460628 0.668097609529483 0.6543202850095895 0.6722216527695807
67 0.46989513757580426 0.680173001385583 0.46748870373494356 0.6616354397929196 0.5066548186072168 0.6565517952004114 0.5090613154171706 0.6750892819326484
67 0.44373991721590755 0.7197815105080871 0.44832249884484554 0.6941372392793478 0.48067264545488797 0.699917273197312 0.47609016703086127 0.7255614530587995
67 0.4267971077352968 0.7416684879724402 0.42313405800234705 0.7254960598876212 0.4668169442368253 0.7156034306191916 0.4704800501478985 0.7317757783683313
75 0.3741150915700473 0.8239641455542199 0.3898343072410171 0.792918924938968 0.4285597956370566 0.8125229812349392 0.41284077642239936 0.8435680339399542