9 0.3235717635642459 0.47321361363654474 0.30452550769234676 0.472351491101784 0.30816061906148207 0.3920509681414854 0.32720667194109865 0.3929130860516016
9 0.36716478962569 0.4836270854440385 0.35237388916436885 0.4824128279108704 0.3601984574610242 0.3871086527297117 0.3749891699192176 0.38832290246922796
9 0.3966010191817304 0.4987774498802803 0.3804517433533192 0.497862669976222 0.3857923970108459 0.40358881381322226 0.40194145781242696 0.4045035874999978
78 0.613226429915585 0.5917147251500152 0.5829249043408709 0.5938181328838809 0.5784046965238758 0.5287040886092707 0.6087058856986687 0.5266006925945497
78 0.6656749152315342 0.5677839780619593 0.636741335640977 0.5692472849172711 0.6336278083723528 0.5076869473321822 0.6625610961920074 0.5062236478722341
78 0.6416575705782179 0.5841544062706754 0.6129483035387011 0.5874670237462672 0.6052918323381391 0.5211162408792642 0.6340007781249142 0.5178036421875051
78 0.7151294549888689 0.5596928865678511 0.6658143114485711 0.5658554264567587 0.6567151788054844 0.49304470487813346 0.7060297522275505 0.4868822008992685
25 0.6188818953124837 0.5237450587828059 0.6188819481244536 0.4671957319443848 0.6268913140045242 0.4671957524754137 0.6268912953124754 0.5237450453124545
25 0.6948392074946241 0.446017925261928 0.7028626207845718 0.4478773604533153 0.6900905685515681 0.502984752613523 0.6820671578125257 0.5011253249999962
28 0.597523456640829 0.41158892617690135 0.604910840110847 0.4119466160363772 0.5995712801527588 0.5222177557795114 0.592183896875099 0.5218600687500025
28 0.6224416166146511 0.41630136947651597 0.6270381757309451 0.41663521401025766 0.623478454312135 0.4656446090514239 0.6188818953124837 0.4653107656249974
28 0.6967510562499228 0.4474034859374968 0.6909328651775013 0.4467696258773911 0.6949375937049354 0.41001258059993195 0.7007557565335674 0.41064643909338944
75 0.6736730758376552 0.4931769787095614 0.6582676302114123 0.49090425845084024 0.6636638841501963 0.45432903908462 0.6790692485175214 0.4566017532324963
78 0.684881143831376 0.6194552706861214 0.6395054961967617 0.6460166395369427 0.6055442880758619 0.5880057845355237 0.6509194937500524 0.5614445812499909
78 0.6104498157011449 0.6827350199496123 0.585631614439194 0.6875591201514971 0.5692075454193173 0.6030734317861665 0.5940253390292582 0.5982493723972314
78 0.6304822086667627 0.6805257681184641 0.6034905127356751 0.6830741156709198 0.5949756377780204 0.5928950274100699 0.6219668662369031 0.5903467019622771
78 0.5849672747804107 0.6941547547910167 0.5542474371801518 0.699525718807457 0.5376064259045279 0.6043564734758051 0.5683256959173377 0.5989855598709399
28 0.6544792265624437 0.630246232812505 0.662012237283534 0.6263619976276313 0.6936046612086102 0.6876238672311686 0.6860716687029935 0.691508075634762
28 0.6580390875955118 0.7169551496512626 0.6519499585933772 0.7176395323562892 0.6430505948702603 0.6384705163169201 0.6491396265624871 0.6377861390624987
78 0.39646301866628164 0.5948773000981268 0.4289495928795759 0.5972734965040501 0.4230736022261681 0.6769280737974485 0.3905870300529841 0.6745318958926778
78 0.32968388151573436 0.5829239447859312 0.3689127462816941 0.5856674272962912 0.36283051825591883 0.6726266731578265 0.32360165597310697 0.6698832134981795
78 0.36313831074835434 0.5889805821520159 0.39624070594732075 0.5900223402181952 0.39376515293838565 0.6686750871507934 0.36066275807206694 0.6676333369452659
78 0.27005992052852434 0.56861411323333 0.3148648618492871 0.554513553628564 0.34498816815437294 0.6502208962852323 0.30018328574340103 0.6643213241589644
25 0.3986051528193002 0.6216333959277668 0.4156535911578203 0.6220166273589075 0.41289861232246494 0.7445582030827869 0.39585017411934587 0.7441749764913597
25 0.3104946422266721 0.6175427465019081 0.3279495707087108 0.6235787682934155 0.2968272534969856 0.7135662433578281 0.2793723531250407 0.7075302796874974
25 0.2950797394463507 0.5936964405462932 0.30801897802041367 0.5982560030892451 0.28118740835486733 0.6743902725312302 0.2682481874999212 0.6698307453124824
28 0.3700918222674545 0.6746469165486267 0.37704838479726277 0.6756463316656889 0.3641980744752118 0.7650789880619653 0.35724151406247984 0.7640795828125038
67 0.3656130223141645 0.6340009454146645 0.3843152114716304 0.631593174046991 0.38929268767458325 0.6702504488808613 0.3705905003208727 0.6726582109429741