67 0.5218796594475634 0.7935452227704082 0.5051504931824411 0.7864442482984819 0.5142952263275902 0.764904295289572 0.5310243109374824 0.7720052499999852
67 0.5434839937499873 0.7295630531249865 0.5417531314179769 0.7155542006164627 0.560143285824779 0.7132823619171764 0.5618741725256768 0.7272911858948115
76 0.48167131302511734 0.7616683272183327 0.47848450328126546 0.7276674558362637 0.5672187443007033 0.7193517760225339 0.5704058592349384 0.7533523043557162
28 0.48172959979046936 0.7440998540957806 0.4829390311417683 0.7523130465103858 0.3976690717108795 0.7648669276048315 0.3964597312499336 0.7566538171875064
28 0.37740954272612726 0.7376680875328465 0.37725248229548924 0.7273528153877772 0.49431872598916016 0.7255699224829381 0.4944759188857688 0.7358850604102155
25 0.46348238611528814 0.7365437459722578 0.46421168370147825 0.7258132826188142 0.5342454522182152 0.7305720713890085 0.5335162439050691 0.7413024510715291
67 0.56421852513472 0.6986971922796691 0.5345857616038074 0.6954430061328557 0.5392017799778159 0.6534165066494786 0.5688342869028702 0.6566706785456092
67 0.5394076560664871 0.33055939971949055 0.5693282424241488 0.32662777370050183 0.5728962915329703 0.353780514379295 0.5429757063493525 0.3577121347820194
67 0.561568464534389 0.28766041438365575 0.5633970977469289 0.31008697715833244 0.5420526519709483 0.31182730444351003 0.5402240422148452 0.2894007634806011
67 0.5183607697997559 0.24855512967140542 0.532749871885585 0.24365308764796972 0.5379542642912156 0.2589293954055395 0.523565163675471 0.26383143437029155
75 0.5623299971156257 0.27544792677058216 0.5631402839316024 0.2963151305103985 0.4748567430942785 0.2997429345238062 0.4740465398640481 0.2788758112085743
75 0.6532090485764002 0.284493499191992 0.6544944298975679 0.29868118791033016 0.612625418081052 0.30247430005451265 0.6113400654604675 0.2882866379559919
67 0.5995619409316078 0.3021806059981975 0.6268312736655162 0.2953256658908346 0.63556266119474 0.330058596525947 0.6082933327786577 0.3369135248221023
67 0.6888879817206544 0.3370266043495883 0.6908061823710341 0.3817207939084866 0.6231154653960402 0.38462563933563004 0.6211974381377559 0.3399316165296489
75 0.6762442008717926 0.34001769741162685 0.6751684021251094 0.344965389101156 0.6613871614689515 0.3419689725336427 0.6624629627980312 0.33702128447338126
28 0.7925950232115611 0.35633640423395335 0.7934908699986636 0.3648897143565414 0.6845333683269246 0.3763007890236676 0.6836375785456994 0.3677475316199765
28 0.6860755389914175 0.35355633354162613 0.6843984045245861 0.3473855656109359 0.7782583326397798 0.32187637472238634 0.7799354861056145 0.32804711123599234
75 0.6659017001592247 0.4260147716364574 0.6659609593594951 0.43157324536193675 0.6361266623157462 0.4318912582042544 0.6360674140624951 0.42633279531249935
75 0.6646446483883892 0.5945519042129085 0.6650149829588372 0.6015910093096828 0.6443201207404172 0.6026796401852554 0.6439498001158199 0.5956405483775349
67 0.6204637481268946 0.6477191860226306 0.6501548475673644 0.6455519165722117 0.6526762446075054 0.6800899122119863 0.6229851459968359 0.6822571740696465
75 0.7035341958666095 0.651658811405555 0.7105499042888823 0.6762954956998523 0.6734445505214808 0.686860309086956 0.6664289554619245 0.6622237219292586
67 0.6060405151636132 0.7326118773090472 0.6086402109018536 0.7007336998912117 0.6445864152923377 0.7036647068546319 0.6419868545693816 0.7355427577240212