75 0.29021751457059963 0.568533025 0.27604862740349745 0.568533025 0.2760486985235957 0.5117738828124999 0.29021745354168615 0.5117738828124999
78 0.29011950230949424 0.5349622918531654 0.34147514400171985 0.5367088417635837 0.33963334188570116 0.5908601614991238 0.2882777005313528 0.5891136197123397
78 0.3750985026285889 0.6013873514453543 0.33630010640808905 0.6001206457793133 0.33814940632782964 0.5434892613051054 0.3769474185864965 0.5447559606883909
67 0.3064549696772474 0.5746313462217164 0.2829633012188424 0.5171082852964239 0.32024838496329266 0.5018829310028002 0.3437401221561913 0.5594058012096984
67 0.3705412078293193 0.5875395698902856 0.34278880892622965 0.5882586798344137 0.3405763054138333 0.5028728782237822 0.3683283088217877 0.5021537734235341
28 0.31907858707234027 0.4430871457433304 0.3277110183901186 0.4429036541694699 0.329239816212862 0.5148217102535118 0.3206073849257791 0.5150052008674574
28 0.30999450713113674 0.44045233946182405 0.3170382376613361 0.4404158359181384 0.31739456827074264 0.5091689229052987 0.31035083774179384 0.5092054262681561
28 0.31022583571927953 0.5097725068986517 0.3029657738077276 0.5108333204169384 0.29344238436556225 0.4456610254726117 0.3007023765625263 0.4446002171874967
28 0.3484328457288939 0.4378673381887655 0.355166835039995 0.4375286177794546 0.3587274207571909 0.508310808572136 0.3519934315778528 0.5086495272533483
76 0.4013708146198951 0.5941103562866461 0.3802783535149956 0.6008616893198115 0.3646843688895842 0.5521478020765384 0.3857766529077935 0.5453964998273593
76 0.650055603534156 0.6031230127171725 0.6184329568476414 0.6050349126545599 0.6147647197931292 0.5443660134943625 0.6463870279565072 0.5424541238889614
76 0.6770257425619093 0.5310406454085791 0.6967266098794198 0.570092114924383 0.6550269261811081 0.5911267629261358 0.6353262415424297 0.5520754496935419
76 0.7195888951226834 0.5698489579278873 0.6937536815649992 0.583295780904607 0.6689128319834481 0.535573662404387 0.6947478526855093 0.5221269004009911
75 0.7298357464566152 0.5589097161861949 0.7189309249628195 0.5597574031194505 0.7147942512281134 0.5065463720574434 0.7256989781360517 0.5056986888314148
67 0.7178315858267297 0.6449094694355535 0.6860759707044508 0.6295987129230317 0.7135675074603114 0.5725863098102182 0.7453228047228322 0.5878969753221118
78 0.6521058451515955 0.5999525983641152 0.6979230017346936 0.5911535970779231 0.71025232148736 0.6553459823529204 0.6644351805776978 0.6641449286544152
67 0.7075705273701942 0.6878398677403614 0.6732453910638014 0.6939458397005122 0.66031414819372 0.6212601132050105 0.6946387916225376 0.615154186080021
28 0.6994459139835953 0.6836604008982917 0.7072424693482162 0.6813359179282462 0.7233681422942482 0.735414930063801 0.7155715929645794 0.7377393988355482
28 0.6758940295968614 0.6880629745807437 0.6853396353041035 0.6868968969421156 0.6961061304789382 0.77409522153082 0.6866605268841113 0.7752612877686121
67 0.6295331094431731 0.6141360148196795 0.6612933710995321 0.6170163019050897 0.6572016217088503 0.6621295794379665 0.6254413618240733 0.6592493050140705
75 0.6169951802610285 0.6258849059420211 0.6291835760865752 0.6224247294519774 0.642258307732618 0.6684744171487725 0.6300699186178917 0.6719345772844743
75 0.6245506908451262 0.6689233282119625 0.6164188960641468 0.669169144111202 0.61544451997122 0.6369392788829417 0.6235762628268731 0.6366934637671273
75 0.38844084076799845 0.6343138752506994 0.40013022621349137 0.6352561682393296 0.3971413311278411 0.6723294278325521 0.3854519461048085 0.6713871383267519
78 0.3550822140099399 0.6144960205559551 0.39004129144734634 0.6165340998094807 0.3859222589417186 0.6871787845968395 0.35096318273247107 0.6851407196306633
78 0.3072611245377175 0.603552791797888 0.35914640841315304 0.6053742278080794 0.3568970820765571 0.6694406139653067 0.30501179878001494 0.6676191892975433
67 0.27185678226305754 0.5928000125713356 0.3131441273862947 0.5987602645643693 0.30239335738144746 0.6732231850966416 0.2611060216760279 0.6672629763587269
25 0.36752773042326226 0.6324192911701457 0.3789018434974878 0.6336823152324244 0.3670197938070032 0.7406708680231773 0.3556456830646084 0.7394078581478979
25 0.30225079385036224 0.7247990006710687 0.289113097048471 0.7194614589964158 0.32882136539979 0.6217388819457678 0.34195880828281133 0.627076365226802
25 0.336620864175984 0.7229172049390535 0.32708506377537105 0.7224699086543851 0.33168954575057796 0.6243241503932552 0.34122515468754955 0.6247714421874997
28 0.35674939932778216 0.7750088357727438 0.3504549977824354 0.7738233305582594 0.35845103770020614 0.7313762449771318 0.3647453785013113 0.7325617443183753
28 0.32989007534786197 0.7132948733868976 0.3352544922203151 0.714009045165538 0.327939073749576 0.7689488935251464 0.32257465775956007 0.7682347262201961
28 0.2970673342090322 0.735075618065365 0.29160138495660703 0.7321015605547299 0.2979333545731606 0.7204660799352611 0.3033992908495975 0.7234401330846433
28 0.2761943802203177 0.6646171908127069 0.285554230102548 0.6668340419061423 0.26415529531914217 0.7571697929144671 0.2547954531249843 0.7549529640624966
28 0.23184199218746926 0.7315202906249728 0.22258432344426637 0.7262847063499785 0.2630797262231681 0.654690566085666 0.2723372693683359 0.6599261060209121