67 0.23950637233269845 0.5285683542795674 0.25370786381142807 0.46932309687844664 0.28715082278051796 0.47733904788356646 0.2729495124950745 0.5365841480520124
78 0.2749867168746505 0.5472125716459517 0.2818470488481353 0.4902857747773442 0.32880497011763055 0.49594431696663543 0.3219448737501125 0.5528708988249613
78 0.3457471732765498 0.576274007496395 0.3163810549868913 0.5688988999532344 0.32993706719980764 0.5149272802617803 0.3593029273378079 0.5223023539146674
25 0.31239102605604785 0.48001364435103494 0.30583328576881286 0.4793274023992919 0.31021809311494053 0.4374290431635146 0.31677579527149646 0.438115283109117
25 0.3500771957280904 0.5455157282404306 0.338039493539668 0.5458796373102938 0.3354306184463667 0.4595849581703867 0.34746815937501196 0.4592210515624998
76 0.3799132266780134 0.584532095179199 0.35496558355043817 0.5866755312830245 0.34947225805046855 0.5227427224122917 0.37441963416688395 0.5205992977998667
28 0.3490514256983488 0.43283388127476874 0.34621610684268944 0.4328155135882679 0.34645031142929383 0.3966659339187444 0.34928561718754736 0.3966843015625004
28 0.2975296122474447 0.4766095887528626 0.29353688052822235 0.4767958196620351 0.29049126809184145 0.4115025035038207 0.294483964062465 0.4113162734374998
28 0.31720087324458746 0.37602739724374745 0.31872048225216076 0.3761420795072051 0.31427079021045756 0.4351003224694758 0.3127511812499506 0.4349856406249971
28 0.317903466534176 0.4281000057196701 0.32011937796062284 0.4282702377699653 0.3164928191316676 0.4754743037575664 0.3142769077689991 0.47530407226258675
75 0.4415053362090475 0.5511411191112812 0.43276761140600684 0.5499524708586487 0.4365871631741811 0.5218776738252998 0.4453248481166838 0.5230663193309678
75 0.5506934 0.553332478125 0.559827009375 0.553332478125 0.559827009375 0.5825964234375001 0.5506934 0.5825964234375001
67 0.6392222236871703 0.5473641474984751 0.6579727612399893 0.5592675752067776 0.6366893469579509 0.592790335936371 0.6179388413781908 0.5808869492146707
25 0.6484750262738999 0.47216139109448313 0.6602575405831885 0.47125977957618737 0.6666709397580917 0.5550654080525929 0.6548884261477497 0.5559670136309499
28 0.6435763181336824 0.4212772853163863 0.6474934225980178 0.4207757485402463 0.6540093090962955 0.4716631331306703 0.6500922049658584 0.47216466815215624
78 0.7264169686842479 0.5593589048028161 0.6830543688317903 0.5706437919233363 0.6680891325834182 0.5131437970818378 0.7114513281250083 0.501858965624987
67 0.6865463913787835 0.4859566698168207 0.7100608053186761 0.4851668334916123 0.7119726328469369 0.5420798595350605 0.6884582190739366 0.542869692332152
25 0.6899706552381986 0.4572752936668426 0.6959424590686467 0.4568639529398409 0.6986875182797121 0.49671375304734555 0.6927157145731826 0.4971250925828247
28 0.6895017460469717 0.5011761545378459 0.6822356205497044 0.5016925877632731 0.6756464003261726 0.4089889812909043 0.6829124296875762 0.40847255156249646
28 0.6881382703124928 0.40989520312499944 0.6903640841414926 0.4097644978097317 0.6932673200990394 0.4592016456628007 0.6910415063080109 0.45933235054711335
28 0.6980093031249908 0.4198537656250004 0.7022470779221521 0.41981616737767213 0.7028311398148617 0.48564297025075215 0.6985933650198604 0.4856805683265307
67 0.7504634357850364 0.5387676722771995 0.7210036258881019 0.5417206719304347 0.7140010832116559 0.47186561128750865 0.7434605764578919 0.4689126276450021
28 0.740897069235757 0.47467283922809367 0.7361012464654095 0.4745193278266355 0.7388661065051565 0.38814915617860796 0.7436618727464293 0.3883026666521562
28 0.7311801995423366 0.47322351252699046 0.7249497691071838 0.47425305546621815 0.7074626172875469 0.3684328013104892 0.7136929624999766 0.36740326562499465
28 0.7165267234374824 0.36167527812499856 0.7213689614444547 0.36102733370711937 0.7341208098492871 0.4563202207646208 0.7292785726115198 0.45696816129062306
25 0.7372131846350385 0.47363138429906193 0.73124018738838 0.4746470894708623 0.7276462249221822 0.45351362704549436 0.7336192044814425 0.45249792340980344
75 0.7315422191253447 0.5681144557081707 0.7406558183564584 0.5651254433330275 0.7525682968379215 0.6014432794778247 0.7434547023419782 0.6044322816862869
76 0.696137191875664 0.6365290733869985 0.6701465210653623 0.6118127670207347 0.7198968586847059 0.5595032790911126 0.7458873457721893 0.5842194217744487
78 0.6796783646469748 0.6003769692576534 0.7115847890948999 0.6609059759659808 0.6635543314636152 0.6862205201958607 0.6316482787306086 0.6256918314574905
67 0.6970223107094853 0.6604358887370101 0.6690312762976873 0.6714357902973074 0.6565882539364338 0.6397763650231647 0.6845791205026899 0.6287765002997985
28 0.6810817667735591 0.6635150373688846 0.6879087955053365 0.6609898120150706 0.719374305268957 0.7460453461363438 0.7125472891982554 0.7485705469367996
28 0.6942380281446958 0.7653932411760762 0.6846888874249544 0.7677240600105504 0.6642499255048051 0.6840010559927358 0.6737988921875058 0.6816702593749903
67 0.3723057564232022 0.6816681270269793 0.338771089643501 0.6551025583179966 0.37930316526433216 0.6039442490032484 0.4128375554377044 0.6305096479324751
28 0.36555549891386363 0.6782391677746793 0.3718753781377018 0.6793947965895557 0.35121986454191756 0.7923374614958638 0.34489998934532196 0.7911818474485467
67 0.3003396808906018 0.6316502232672769 0.3195566330393831 0.5842482161986687 0.3738976759276511 0.6062757844262697 0.3546810329617074 0.6536775294361892
75 0.34906830062220706 0.6971746831832787 0.3249726290734998 0.6939355084478579 0.3329260911385745 0.6347803106883301 0.3570214764561115 0.6380194659939542
75 0.3091653528757661 0.6339910544432507 0.3194511212445832 0.6361858505521288 0.31324098042273363 0.6652855740396154 0.30295521406253556 0.6630907843750018
67 0.2742436955577432 0.5559493634846797 0.3246701698456036 0.5758189144739486 0.30490026291874983 0.6259871412954529 0.25447384283154406 0.606117687403978
75 0.31420929675471143 0.6140910328215635 0.2990674841133796 0.6391255125222649 0.26917981279711967 0.6210503345569306 0.28432162052433796 0.5960159369373382
28 0.2550866152405433 0.7445313500087872 0.23212144426076975 0.7374934800091338 0.26919548133241733 0.6165362593720951 0.29216009811545973 0.623574039093966