67 0.4007262372387004 0.7650791483278683 0.3781514610166141 0.7825688508823231 0.35071582841999316 0.747162468724816 0.3732904514058646 0.7296728564388408
67 0.3029041717961718 0.7336318135577333 0.32310182581102254 0.715929114376904 0.36004216890842144 0.7580686897101375 0.33984462136811544 0.7757712759478153
78 0.45242062965724017 0.818108700020318 0.3947369695480347 0.8126397272731626 0.40283531397005845 0.7272454787958914 0.4605178251546249 0.7327143969501514
75 0.2995935876040221 0.7254848826539495 0.3168413022854111 0.7264660478350061 0.31432223456556585 0.7707407961537668 0.2970745203125489 0.769759635937501
67 0.36185436485834543 0.7717963474143114 0.4144010605366475 0.7784690228933021 0.40323949601111053 0.8663476344144833 0.35069281414837405 0.8596750328782079
75 0.3922017528907418 0.7166599671740923 0.40345962260892065 0.7175272123439362 0.3996795234691035 0.7665892892702666 0.38842165430628484 0.7657220489185572
28 0.3726063502191437 0.8602149993230392 0.38358353813930535 0.8631774746896094 0.35262813903818824 0.9778513716051892 0.3416509703125712 0.9748889453125125
28 0.3090441234375021 0.9631704546875212 0.298033964866363 0.957574271257205 0.35698448128732707 0.8416220560563624 0.36799432069653903 0.8472181427332094
78 0.4461506224643017 0.9006888673356508 0.38262995315903936 0.8725053054905775 0.41076604801355643 0.809107428774487 0.47428572182980133 0.8372907355151374
28 0.42847206382964487 0.8931843732071436 0.43773559103533444 0.8948080627681481 0.41937938500564087 0.9995066335688972 0.41011586421620905 0.9978829688850124
28 0.36972073508627545 0.9926591397398834 0.3576080721836661 0.9870534681116706 0.40714213350281625 0.8800503492581734 0.4192544540358085 0.8856559291161119
28 0.4328675161251567 0.5764602166710993 0.451533964532814 0.5773019767521033 0.44480791164710354 0.7264370876725587 0.4261414640982366 0.7255953401404739
28 0.4062763625250909 0.601678119366043 0.4146076980359794 0.6011907734758706 0.4217999058968189 0.7241281001244216 0.4134685709296946 0.7246154399403812
67 0.48618434756883744 0.8321517533415919 0.44961213844385384 0.8261416559177475 0.45796172999962437 0.775344836762481 0.49453348518329676 0.7813548960163906
67 0.4885880819092563 0.8401263105225013 0.48858824493561315 0.7940893184952963 0.521194990302206 0.7940894765123212 0.5211950142778505 0.8401262809943995
75 0.48373086726576275 0.9113331565934544 0.45633362514001874 0.9100468270431548 0.4590957792154313 0.8512352302828685 0.48649259022545266 0.8525215497148033
75 0.7431318100125281 0.799037202647562 0.7575907682077059 0.8004080284338569 0.7537706441225964 0.8406931130932119 0.7393116869052392 0.8393222942325985
67 0.7736713065406775 0.7917859696867132 0.7931386237744391 0.7956249285966912 0.7825353224903893 0.8493832070659398 0.76306801280532 0.8455442745192426
67 0.7980282423741301 0.8350892807766362 0.7876347504906107 0.8356121435935127 0.7849714746918153 0.7826806905928945 0.795364831009465 0.7821578311938745
67 0.831026841586322 0.7753171420466808 0.8547181252768041 0.797754798904485 0.8129977531004897 0.8417971743997082 0.7893066328201712 0.8193596852722835
67 0.8274550495169706 0.7261114005381006 0.8720920344826482 0.7221102009839004 0.8801552363897827 0.8120467726787439 0.8355182570248871 0.8160479298956563
67 0.8831552406250012 0.8057317546874858 0.866954370305848 0.7865623510270039 0.90387863316721 0.7553619531110362 0.9200794347884766 0.7745312468755381
28 0.870192881695175 0.6175717756746083 0.8742251601399857 0.6180106948231914 0.8626274901739635 0.7245424487022125 0.8585952124999494 0.7241035343749994
28 0.8578558421788784 0.733610834166628 0.8407224316013071 0.7339198832310597 0.8382539508857008 0.5970750145633703 0.8553868778586775 0.5967659699122785
67 0.84074041731526 0.8995593746826693 0.7990432601109205 0.8853656010573201 0.8278055065625267 0.8008911582961389 0.8695017815211941 0.8150847686050938
67 0.7586259326398022 0.8488068147945457 0.8121592759509895 0.8379796458035965 0.8267046810716465 0.9098808036345399 0.7731713686335979 0.9207078664585752
76 0.7776248696509356 0.9250236224775215 0.7450817470114544 0.934503711012959 0.7274529523552928 0.8740018342730245 0.7599955502163311 0.8645218268185486
25 0.7439416342538152 0.9035345711919499 0.7586773764611507 0.9020444507069678 0.7668017160699492 0.9823644371572903 0.7520659764520587 0.983854540368707