67 0.7650774053100804 0.5992752249103104 0.7825702578550136 0.6218475040737781 0.7471639036687066 0.6492830190795823 0.7296711561654092 0.6267108362109771
67 0.7336339667875791 0.6970940342710956 0.7159281825161088 0.6768991037387476 0.7580661733311445 0.6399599922569313 0.7757718769385065 0.6601548076654835
78 0.8181090473048016 0.5475794528720007 0.8126389207736793 0.605262695492777 0.7272446812858107 0.5971649599394793 0.7327151924295094 0.539482143627827
75 0.7254845795168876 0.7004063501234981 0.7264661480912764 0.6831585985810579 0.7707411179017072 0.6856778387676348 0.7697596342201223 0.702925509867521
67 0.7717961666782003 0.638145528375087 0.7784715392785984 0.5855988590740502 0.8663482708859647 0.5967609997598254 0.859673380786603 0.6493072336132025
75 0.7166598454159612 0.6077982110741337 0.7175273878115149 0.5965403016163285 0.7665893342417576 0.6003205524712466 0.7657218462981064 0.6115784109035498
28 0.8602151312500155 0.6273931609374693 0.8631790463930429 0.6164155656459898 0.9778523795974934 0.6473727949428126 0.9748886124202727 0.658350262682631
28 0.9631711191536851 0.6909545696923578 0.9575737780456848 0.7019633914926844 0.8416218519132599 0.6430158029721452 0.8472192182193794 0.6320071222586823
78 0.9006906972774686 0.5538502125001955 0.8724999093135466 0.6173671038426018 0.8091065088985943 0.5892335669742196 0.8372974085176565 0.5257170555253672
28 0.8931838324222099 0.5715276373278053 0.8948082620645437 0.5622639595273736 0.9995070213691406 0.5806211186180332 0.9978826893888026 0.589884709971055
28 0.9926596174460656 0.630278376837318 0.9870524627425539 0.6423900523037704 0.8800502586096854 0.5928578696850859 0.8856574488720526 0.5807463233416588
28 0.5764602203124696 0.5671324031250514 0.5773025728893799 0.5484651615693057 0.7264370971560083 0.5551931677259608 0.7255949924250444 0.5738601747501052
28 0.6016781132032065 0.5937234049176409 0.6011907218673969 0.585391870718306 0.7241279738267394 0.5782001751458841 0.7246154510013412 0.5865316181142022
67 0.8321520607402135 0.5138157135355951 0.8261404800249466 0.5503874755155324 0.7753445038798645 0.5420383132002489 0.7813562048856966 0.5054667037546642
67 0.8401263642863341 0.511411840625 0.7940893262821191 0.511411840625 0.794089450885167 0.47880499218750006 0.840126261826299 0.47880499218750006
75 0.9113333656169971 0.5162691757562661 0.9100467425515717 0.5436662065773137 0.851235025218557 0.5409043025824978 0.8525217716173756 0.5135074010576253
75 0.7990369856428288 0.256868148339159 0.8004081413345148 0.2424092131825557 0.8406932398553408 0.24622939971947616 0.8393221084187417 0.2606883124115503
67 0.7917854650982008 0.22632850527598283 0.7956252942086621 0.20686135081182866 0.8493835854214922 0.21746479212443484 0.845543797290361 0.23693191098896327
67 0.8350892772040197 0.20197176054186025 0.8356122683212561 0.21236518364815213 0.7826807590257658 0.21502857854990026 0.7821577862032427 0.20463517292763253
67 0.7753169588448827 0.1689727042399296 0.7977570902909292 0.14528391680620836 0.8417978531961126 0.18700287629641765 0.8193577611057208 0.2106916247594305
67 0.7261118643706368 0.1725449543598128 0.7221099804903588 0.12790799447683968 0.8120460944779779 0.11984485738674203 0.8160480589143617 0.16448172849344495
67 0.8057317708345408 0.11684474573091531 0.7865609588077405 0.13304381404079338 0.7553613004478166 0.09612064164291628 0.7745320947083201 0.07992158561938373
28 0.6175717890625947 0.1298069953124589 0.6180108021467277 0.12577457881977575 0.7245425130070089 0.13737260812962562 0.7241035094972403 0.1414050160105924
28 0.7336107836217707 0.14214418887266808 0.7339199191413854 0.159277433873938 0.5970750446222155 0.16174630326070683 0.5967659643442857 0.1446131151080269
67 0.8995598766837247 0.15925973606640104 0.8853634603377714 0.2009555048742969 0.8008887967176861 0.1721939962628078 0.8150852604413785 0.13049831763237688
67 0.8488091202261785 0.2413736642886912 0.8379794354251544 0.18784081543319747 0.9098803881768163 0.17329542559930788 0.9207101636859534 0.22682815149686092
76 0.9250225788026682 0.22237568154824586 0.93450491680494 0.2549178363083106 0.874003424644684 0.27254668488204825 0.8645211762852796 0.24000460609658922
25 0.9035348440406779 0.25605833832975267 0.9020443431965077 0.2413226166827571 0.9823643467196916 0.2331983907567282 0.9838548866862311 0.24793406812546626