75 0.5329465238216926 0.6832938394757119 0.5329465966794942 0.6610581398232506 0.5749589340420016 0.6610582606651335 0.5749589569354612 0.683293864012494
75 0.5758009814065872 0.6350306188464867 0.573916457086284 0.6488972158268754 0.5175914987969463 0.64124319329092 0.5194760872229836 0.6273766728113478
75 0.5266859897657241 0.638215564169875 0.5256457138600581 0.6214703200964369 0.5739186088025008 0.6184717203578775 0.574958956949672 0.6352168868598137
75 0.5971137398469182 0.5210277970741891 0.5986975837984119 0.5326816546062372 0.553709237661792 0.5387952805281283 0.5521254410779193 0.5271414658229809
75 0.5954133709204825 0.5062098328057778 0.5961933641450514 0.5169706827328221 0.5512743950946515 0.5202262508949185 0.550494442182071 0.5094654388854933
75 0.5545743484732384 0.5095429997035791 0.5536370209790675 0.5014962327709304 0.5975448481715375 0.4963819564440627 0.5984821992080924 0.5044286962168479
75 0.5926483647758687 0.4819710754274407 0.5926483781249772 0.4885816953124993 0.5572695197153053 0.4885817237828335 0.5572695236521668 0.48197112129188546
75 0.5583715092924422 0.4824341177433076 0.5561767875768737 0.4719369136746252 0.5909408592249292 0.4646690154999034 0.5931356005066846 0.47516619275001676
75 0.5738533598722597 0.3858169002487758 0.5741687852446375 0.3991613107873606 0.5266123638682529 0.400285278013425 0.526296977307652 0.3869409054831587
75 0.5015365282308721 0.3842616218999372 0.5027324722113917 0.36776166843176067 0.5668248280823036 0.37240691473616816 0.5656289492335418 0.3889068067116845
75 0.5261843022757375 0.3575289764515255 0.5281866903009131 0.33419997062025025 0.5789790849686369 0.3385594105866466 0.576976764725373 0.36188835355534893
75 0.6101025283919626 0.3841696707100776 0.6231771405906557 0.3550540405349548 0.6745267748829065 0.3781120212931212 0.6614522749312073 0.4072275561259303
75 0.6437045513000612 0.3872830961728904 0.6669045150867987 0.40100121682885553 0.6456501409134034 0.4369445438197741 0.6224502039390245 0.4232264592196
75 0.6818294218943493 0.4552309781970847 0.6818294351629675 0.4622089146899441 0.6410522816423736 0.46220892492896815 0.6410522882479199 0.45523100831715546
75 0.6789163978980923 0.5326042164364423 0.6795955131841538 0.5369765698550139 0.664291460660138 0.5393533791426646 0.6636123515625059 0.5349810312499479
75 0.6656718031250648 0.5547580343750532 0.6658253479436098 0.5488271097954324 0.6904932485128938 0.5494656582516154 0.6903397163148384 0.5553965704943101
75 0.6650189767733536 0.5628368705152323 0.6642333669356049 0.5585013974058104 0.6889467890799779 0.5540236006234607 0.6897324060583969 0.5583590644901439
75 0.6415739216628253 0.5782597362606661 0.6428676198703442 0.5647747651119283 0.6743415237775707 0.567793922267069 0.6730478658444099 0.5812788562906908
75 0.6388989296871159 0.6107306874999546 0.6426278275126833 0.598883058602779 0.6748203908530286 0.6090140974007555 0.6710915365478058 0.6208616893005593
75 0.6339246628310775 0.6251968221871126 0.639798390238866 0.6098904418270057 0.6685205206056253 0.620911074607985 0.6626468458969157 0.6362174103198165
75 0.6168688877653494 0.6595357285416155 0.6253279224716835 0.6313800777123714 0.6731069610647182 0.6457328449317573 0.6646480898150458 0.6738883563933437