67 0.5101282096065916 0.31521408865478373 0.4662402379302648 0.32272021911768445 0.4588775618095724 0.27967170454623674 0.5027653643309122 0.2721655888237241
67 0.4386297838225346 0.356492565559142 0.44383478436532187 0.3111067030676705 0.5093890295476058 0.3186243957186035 0.5041841975139505 0.36401010447946003
67 0.4963170662936136 0.36606419647163424 0.48744430211593226 0.39993378498747273 0.4280468171450593 0.38437401618189476 0.4369196577413277 0.3505045445565122
76 0.4850978563777062 0.39359392773327895 0.48198427529700894 0.41758750668858413 0.41323963854597423 0.40866695561842475 0.41635330535746107 0.3846734783933327
25 0.5096089115324958 0.40476434850303306 0.5090653322101844 0.411378657920479 0.44697429445852777 0.4062759964809168 0.447517896874956 0.39966171250005045
25 0.44192458495092524 0.40231381002641026 0.44202911240176945 0.3955332841671499 0.5056289289270808 0.39651357057235226 0.5055244281215892 0.40329407018580066
28 0.567213920450854 0.40329371418681914 0.5672592123883078 0.40815912311246016 0.518460050562112 0.40861328025540217 0.5184147734374847 0.4037478859374985
28 0.5156525578124729 0.40056975000001155 0.515338024339826 0.39699770258043954 0.5668993922297432 0.39245767763453654 0.5672139357423021 0.3960297137295838
28 0.6353485859567627 0.42054493441220225 0.6353281734461689 0.4277884597665717 0.47511956907169406 0.4273360361153508 0.4751400562502113 0.4200925843750179
28 0.6049642213315565 0.4446086304003295 0.6048824802004447 0.45004182061228964 0.48426565718114034 0.44822670084989086 0.48434744218741344 0.44279355468747644
76 0.40680962977171475 0.4324598192681089 0.4074014834419586 0.40485994512588236 0.4983472712698358 0.4068099436889886 0.49775558171677403 0.43440965552637745
76 0.39188157411308566 0.4563950581177352 0.3918817115531965 0.4334474881644039 0.48369762131926564 0.43344782220483263 0.4836976266913098 0.45639524940344867
76 0.4801344413647257 0.45286656181908963 0.48215262460121266 0.4835581488417254 0.3873369336428141 0.48979206374985046 0.3853189719558259 0.45910068523015146
76 0.4887507710177488 0.4883922461275147 0.4887158309023789 0.5181667721357801 0.3862001618068689 0.5180459447378035 0.38623533571910684 0.4882716521600607
76 0.492463945121699 0.5112617594854834 0.4944794767345684 0.5378255049276582 0.39480918029414624 0.5453868229587602 0.3927938764719556 0.5188232898335738
76 0.49646894912427797 0.5388145733239118 0.4981235627113847 0.5683367359468072 0.3984970184578742 0.5739193298319037 0.3968426669961218 0.5443974150109595
28 0.4815176392180547 0.5550052884118072 0.4822274236851172 0.5494830276482523 0.6016927458865666 0.5648362317259062 0.6009830242355747 0.5703584348399848
28 0.47428277030644495 0.5475010395853188 0.4745492956722046 0.5398924543625901 0.6012495675887521 0.5443299328507467 0.6009831252229105 0.5519384356566696
76 0.41160349719314127 0.598275427904829 0.40764623530287736 0.5670206575680153 0.4852205736541464 0.5571996016147929 0.4891780182176717 0.5884541553735634
67 0.48567645884440935 0.6403894364512395 0.42896810872980495 0.643900579334422 0.42539633295007206 0.5862153658141479 0.4821040754069372 0.5827042417399079
67 0.5049141664204626 0.6861807944460959 0.448755375130645 0.6917355940474843 0.4438892036055222 0.642543417758668 0.5000474396089203 0.6369886457549958
67 0.32175210742332183 0.6812106784767709 0.3474256832193987 0.6443896418845171 0.4173110206685351 0.693110597747893 0.3916378140162351 0.7299313046633498
67 0.36529016762438005 0.5992856220274303 0.37474659124370646 0.6582836246173084 0.2843713763153346 0.6727668768605382 0.27491554060259205 0.6137693999454573
76 0.3049194826440953 0.6090154457291315 0.3014415293072261 0.5751619395202009 0.3514490179512677 0.5700248912700392 0.35492710620496837 0.60387824510012
67 0.2743968558824008 0.5862879232912954 0.26970155273647833 0.5577240055929833 0.335692495133344 0.5468774088154336 0.34038792984392785 0.575441162966771
76 0.26090495061441743 0.5323092862759546 0.2617589118229944 0.5119653719301336 0.34547237921049145 0.5154788164746081 0.3446185594243616 0.5358225954356406
76 0.33699712126895065 0.5295382292045473 0.3408981606216912 0.551803794523077 0.2471263280600624 0.5682311578684135 0.24322548914392428 0.5459657704120005
28 0.26340210698742794 0.5185078028766297 0.2628151500355216 0.5246579906791665 0.17703624962086906 0.5164718692940489 0.17762324374996297 0.5103217234374736
28 0.2723949265467809 0.5454543723094339 0.2726421515699258 0.5525360658560381 0.1259880347950002 0.5576544868374589 0.1257409000000962 0.5505728812500112
76 0.3463710272865228 0.4083678902241867 0.3433960179031601 0.43174612845005145 0.2587650256853067 0.42097668365224233 0.2617401415700442 0.397598572745611
25 0.31666795200089837 0.41139902445247245 0.3158574898287725 0.4217444590841511 0.22885493243745714 0.41492874956156517 0.22966544645248632 0.404583371494974
25 0.24124829198910902 0.3771215665848515 0.24403968933165743 0.36569179383723155 0.3243993669016163 0.3853163314016308 0.3216080330407749 0.39674604947443154
78 0.2725998569346757 0.39774348203075593 0.2777710355006775 0.3652360302571279 0.3579272280579744 0.3779863497664761 0.35275622448546073 0.41049364513762754
28 0.23503972038213305 0.40662362064108043 0.23477627153761205 0.4097910863606367 0.17735978470420832 0.4050157214786576 0.17762324374996297 0.40184826718749844
28 0.23365620220999972 0.36944253690846485 0.23299132614647533 0.3726335620654428 0.18387600653340996 0.3624003458326593 0.1845408890625322 0.35920932968748026
78 0.27905391635147225 0.3650936266922877 0.2894811918833966 0.3122311781305534 0.38074009838146594 0.3302315426408658 0.37031311965085933 0.3830937314253113
67 0.2936912848842894 0.3516897980937981 0.304594476342686 0.32773680560147794 0.33398344851013917 0.3411139285810057 0.3230803052132387 0.365066880063979
67 0.4148270836443544 0.27834620769514984 0.40869924353614806 0.3316051035672738 0.32316465238216097 0.32176370293397816 0.3292926731338639 0.2685050152753612