78 0.34370837170615687 0.5159411034559213 0.39575671238139876 0.5232733690295117 0.38536410499568774 0.597038854437346 0.33331577418357483 0.5897066351898417
78 0.44237435957643356 0.6214567570279265 0.38621389080549307 0.620501926038617 0.38807371431312276 0.5111582805510516 0.4442331263435335 0.5121131025690907
78 0.44120840809409856 0.5438004746648007 0.4846058737552994 0.5462458712883177 0.48045247713798744 0.6199471407094052 0.4370550127707702 0.6175017600730489
75 0.7823653622471056 0.6271920357307176 0.7649932102557386 0.6262403373486444 0.7675846063755216 0.5789442686522751 0.7849566070505034 0.5798959628712363
67 0.8366637704134519 0.615734438491295 0.8644401008155 0.6200141098055052 0.86012330402923 0.6480280119629178 0.8323469762684681 0.6437483523175221
75 0.8639877242416105 0.5778887291661019 0.8704430558901777 0.5773990677864382 0.8729897820820725 0.6109696500969586 0.8665344506008523 0.6114593099839545
67 0.8809368552513206 0.569317077465594 0.9100200022498939 0.5664491872385642 0.9153542572365723 0.620537958992516 0.8862711123632607 0.623405835116018
26 0.8817697439809535 0.6427901363428694 0.9055821298443334 0.6344272528227027 0.9392919337975627 0.7303989380380146 0.9154795916667808 0.7387617326936042
26 0.9001391894943254 0.7490147067785285 0.8799692192318389 0.7515007873341388 0.8719004872219784 0.6860469445968599 0.892070168366331 0.6835608821258471
26 0.8477833945333941 0.7214805727861784 0.8688499736966833 0.7171074087770933 0.8768676747070003 0.7557242725628361 0.8558011014420117 0.760097417150022
67 0.7809741410203515 0.6697230059699991 0.8047697954907562 0.6681587577349215 0.8102438771093148 0.7514191624130979 0.7864482240428288 0.7529833965346548
67 0.746516060077056 0.6675716019706872 0.7647455824975395 0.6598678172645733 0.7789251907730659 0.6934164731978687 0.760695685236783 0.7011202287564653
28 0.7897854030611597 0.8485148723932637 0.7809820055375667 0.8480519209496872 0.7861434091114461 0.7499250137354738 0.7949465996316576 0.7503879597802675
67 0.4081684171418374 0.6341847476102349 0.45872796370667857 0.6356091908773893 0.45612861012091344 0.7278587017363952 0.4055690640634566 0.7264342720852974
67 0.4196289046926722 0.6372372569558669 0.3984577929356874 0.6785732237484968 0.346145845287424 0.6517837269146467 0.36731699043082244 0.6104480002110959
28 0.4400591628393613 0.724398727932567 0.4495981491963903 0.7252619035107731 0.4405498927727649 0.8252367747187074 0.4310109078124924 0.8243736093750029
28 0.413701331352172 0.721644498965359 0.4305007385969475 0.7259039760948471 0.4081173250276606 0.8141688725106919 0.3913179343750244 0.8099094406249988