75 0.533871791566412 0.30654309649025036 0.534714428841994 0.2892901307227689 0.5994843137591488 0.29245334732976713 0.5986417298173592 0.30970626204343277
78 0.5836032292957043 0.3189707838624339 0.5775873712731254 0.37313093353632054 0.5059836523737431 0.36517756399784246 0.511999687354546 0.3110176147598661
25 0.5176208401649092 0.34931504013117576 0.5158099624721899 0.3243806919600551 0.6097799904695194 0.3175561410347682 0.6115909777994375 0.3424903677771731
28 0.655685972839251 0.33763404754583626 0.6559515732010368 0.34340010488310707 0.5784819221763655 0.34696827328449 0.5782163461267373 0.34120223925667853
28 0.6569836115914995 0.31882028381234756 0.6575646695515616 0.3229407711063954 0.5845756146303529 0.33323298937280726 0.5839945734373941 0.32911251718745116
28 0.6840530866259087 0.3339818398122241 0.684065146025091 0.33739960155143195 0.6149525535292923 0.3376433153549287 0.6149405062499227 0.33422556562502975
67 0.5430502669995576 0.6675053866659783 0.5356536405032557 0.6876460484581478 0.49849246566520833 0.6740004226787 0.5058891286000744 0.6538598418492418
75 0.5301151606767007 0.6733950390854954 0.5284569252723941 0.6535507331212612 0.598494258965161 0.6476988278780473 0.6001526214535033 0.6675429941076815
78 0.45944475366036386 0.5903194604398911 0.47818775695986915 0.6472725504533697 0.40704972513617577 0.6706803968361397 0.3883072020904592 0.6137277142038807
67 0.4496345700802067 0.6110772168736356 0.4568339829047545 0.6403673821155876 0.4052439490086499 0.6530462371186757 0.3980447092457098 0.6237562208460478
28 0.39692461988465766 0.6409180378021395 0.3978753727384401 0.6445304457921013 0.3329702201156124 0.6616105447218276 0.33201949531246555 0.6579981609374633