78 0.3987080616860794 0.5505512548576013 0.3659092154848622 0.5444712997450069 0.37968097395935274 0.47018559763919004 0.4124794476593934 0.47626551749704965
78 0.4436729210685826 0.5540481831543597 0.4097150115954946 0.5640626171545183 0.3911187607232023 0.5010095581964246 0.4250763326407423 0.4909951773645852
25 0.3889550203125 0.42465588906249996 0.40849626250000004 0.42465588906249996 0.40849626250000004 0.5109277718749999 0.3889550203125 0.5109277718749999
25 0.4261308886459574 0.5461129772667246 0.40683232917581336 0.5448121076890692 0.4150272681391698 0.42325063168878596 0.4343254773954186 0.4245514893292199
76 0.31664736108132274 0.5036393525412214 0.2840175169576469 0.5058653876671443 0.27859979134154855 0.42645351754810923 0.31122926537921103 0.4242274951672537
28 0.3158474249948995 0.3465805589162942 0.3233770168499177 0.3474438995687743 0.31459233207078796 0.42405582532811825 0.30706274086594476 0.42319248861870956
28 0.306650525208056 0.42174393368329804 0.30228296031555146 0.4218911546763769 0.2993058783138167 0.33357411747056587 0.3036733982179385 0.33342689724336577
28 0.4044684253532296 0.3568877901908809 0.4111543253217178 0.35704556105381186 0.4084681749287711 0.47087169003682405 0.40178227499995955 0.47071392031250026
28 0.4016285671875721 0.4157263531250041 0.39879729726601454 0.41533047313675087 0.4030955994210217 0.384591294787995 0.4059268587599263 0.3849871740242629
28 0.4246631314874776 0.42441841418615484 0.42022677213742554 0.42438693201049427 0.4208578865761865 0.3354604679971741 0.42529419843742744 0.3354919499999996
76 0.5899375970998335 0.5371339098056063 0.5641105958790149 0.5382418697842896 0.5614562170740101 0.47636892271671916 0.5872829706348739 0.47526096807284307
28 0.5748109615049088 0.3419304265215594 0.58693221961164 0.3420177558733596 0.5859516978715646 0.4781069376245933 0.5738304397700631 0.4780196090262688
67 0.6510605337832658 0.5222107549979049 0.6352911460372752 0.5246912382016333 0.6306741821681499 0.4953415114026158 0.6464434981386376 0.4928610339732021
67 0.6710032951330049 0.44758454688386334 0.6909104650283098 0.44724294153316657 0.6917538695086023 0.4963893820110904 0.6718466996439929 0.49673098615525474
75 0.7209006569150915 0.46107656547532727 0.7041203052385754 0.4652080531350106 0.6933766333602307 0.42157427671103875 0.7101568879668321 0.4174428015635503
67 0.6709986591406505 0.5915405197287467 0.6408156139234507 0.5806253159837337 0.6692029806949904 0.5021356877896652 0.6993856473208098 0.5130508164520073
76 0.5901651620271195 0.5615658367702651 0.6055736801536113 0.5574758946029789 0.6125087784045036 0.5836007394671148 0.5971002639912513 0.5876906720043897
75 0.5933275798074646 0.6125619977229539 0.5858782863485885 0.6132650286417329 0.5835215246149801 0.588295436026916 0.5909707840638703 0.5875924067256969
75 0.5846909192204066 0.6103488580642689 0.5789811274921703 0.6104660028910028 0.5784572964361132 0.5849358515399737 0.584167061709536 0.5848187069841484
75 0.2917785575001517 0.5250731240232703 0.30863014365513664 0.5276291345192641 0.30037164673649386 0.5820718090200535 0.28352006321824774 0.579515810387489
75 0.293214848241405 0.5498033812500002 0.2786112179128395 0.5498033812500002 0.27861126021207383 0.5188589828125 0.29321481737440536 0.5188589828125