63 0.4913671106126003 0.5650762063145568 0.4506739870663523 0.5663046058721906 0.4427255455685781 0.3029906636177589 0.48341723915916646 0.30176228579430087
62 0.44661559577343724 0.5553183310428134 0.4129570352808969 0.5539328116997678 0.42255991527292736 0.32067573471885114 0.45621740996080007 0.32206123184347
61 0.3600444348300016 0.2952585986404679 0.40546549416910693 0.29302304390919437 0.4185749484246344 0.5593623309140326 0.3731538923432254 0.5615978465230693
60 0.3685053288152176 0.5494282097716755 0.33080565322097755 0.5491581045627144 0.33244022041549215 0.32109478659572993 0.37013878404718525 0.32136488788808026
59 0.3270178806619697 0.5460073702109388 0.28830663844587434 0.5437601112913729 0.3026169604700044 0.29727679839529336 0.3413268956691127 0.29952401769636183
54 0.287546869506059 0.5285505866386464 0.22903371646793858 0.526097335056623 0.23748095374082823 0.3246527308325107 0.2959925414048712 0.3271059490748644
43 0.2255124496341523 0.5038266022446466 0.16993401522790919 0.49545695947871704 0.19753347058974668 0.31219853155903365 0.2531106316317846 0.32056807605388793
0 0.19917449788317754 0.3844999179378526 0.14582483155913906 0.3744341129532203 0.173466766104184 0.22793624332018353 0.22681570118345462 0.238001976910809
64 0.4856812831899333 0.31664111267697825 0.5271222586271733 0.3152195389346329 0.5355355340183223 0.5604663828570932 0.4940945597755899 0.5618879334536361
33 0.5714604650196407 0.5504839303975074 0.5377173472501227 0.5519997113543735 0.5280185639910542 0.33609673306243915 0.5617607166955167 0.3345809735423505
34 0.6162734259993385 0.5572315890624999 0.5705672167509874 0.5572315890625 0.5705682731990009 0.27151730312499994 0.6162728460764129 0.27151730312499994
35 0.6584628395013397 0.32120667131589026 0.658463127432924 0.5501332340465654 0.6167754347640084 0.5501329118287026 0.6167757777681118 0.3212069792630202
36 0.6534591089945252 0.2951325952598829 0.6920083241889188 0.29382343588952786 0.700239060132958 0.536172263075738 0.6616898460243874 0.5374814019298902
37 0.693931230020894 0.32574558956387417 0.7551847385701649 0.3230263573020477 0.7641977545483769 0.5260435577877925 0.7029442483067214 0.5287627536628914
38 0.7384313665393165 0.31924736101544704 0.7981731978155722 0.30966206465645113 0.828039915798513 0.49580243174124533 0.7682981116573728 0.5053876144695013
39 0.786849478460681 0.22270160681612622 0.8440193560326179 0.22124722815034992 0.8481231081814258 0.38255685656117894 0.7909532313008185 0.3840112244702595
48 0.49632496423726025 0.592864177966203 0.518331217502805 0.5918086902511768 0.5267683332157276 0.7676939474915605 0.5047620813949152 0.7687494159589529
47 0.5181368352372147 0.5831315080057075 0.5516431292047628 0.5824481485728723 0.5562392307658683 0.8077725068499014 0.5227329373510656 0.8084558500829906
46 0.5513912268746708 0.5828640155467076 0.5909575392776105 0.5813196488029618 0.60064696737345 0.8295259095028473 0.5610806573994296 0.8310702350776021
45 0.6459161983370905 0.8018996827333514 0.6061311985215525 0.8051749040538437 0.586878420957305 0.5713296016127652 0.6266615340349517 0.5680544568188945
44 0.6881566607169134 0.7936173832207705 0.6487987849749288 0.7970205769750849 0.6293636611155762 0.5722757369715376 0.6687197010925274 0.5688726229843357
42 0.760440452231137 0.7684882079850346 0.6908355991803319 0.7752630609474342 0.669795240631629 0.5591107126560501 0.7393971429456769 0.5523360016244564
41 0.7398348397698555 0.5287686228833567 0.8078500604996179 0.5221961683337865 0.8280477500018151 0.7311893707480297 0.760032547144192 0.7377616934026494
40 0.9083347143065339 0.6694423578857526 0.8388667377342927 0.6895585685573283 0.7944777955118525 0.5362825518646659 0.8639438739622847 0.5161666317685099
49 0.5016699616265896 0.7762372478153146 0.4791864947845852 0.776900009138611 0.4735853450176819 0.5868991716851955 0.49606793050702436 0.5862364233073326
50 0.4749512069023467 0.8066198649962691 0.4450567262424556 0.8062003748298616 0.44838106805150346 0.5693841955617447 0.4782740818242246 0.5698036755130345
51 0.407835259375 0.5714285718750001 0.448016071875 0.5714285718750001 0.448016071875 0.8305235140624999 0.407835259375 0.8305235140624999
52 0.37113164488050643 0.565684666436568 0.4112174631146672 0.5682881747440818 0.395685404685878 0.8074014530431689 0.35559959230624827 0.8047980095025915
53 0.3290705307249482 0.5626251387923308 0.3710172266506788 0.5671523562239567 0.34576696288286257 0.8010766738936103 0.3038202835454058 0.7965495667695596
56 0.2623918337720852 0.5532994055321813 0.328750649534868 0.5627477281125278 0.298862899648384 0.772633464949729 0.23250412598304138 0.7631853436597605
55 0.19179201823476433 0.526510360363542 0.2609030698637298 0.5309989853734253 0.24765871236309067 0.7348988369825481 0.1785476691884469 0.7304102990441588
57 0.1378435720384914 0.512959810454846 0.21015356185182554 0.5334230737413522 0.16807663270128614 0.6820926249534935 0.09576675413347857 0.6616296469582577