63 0.495106234031482 0.5630006046614244 0.4580245112473449 0.5622135374936201 0.463412876195207 0.30839691806037794 0.5004933373732001 0.30918397174522505
62 0.45553800283312285 0.5477411224333997 0.42147018821162874 0.5456182263464305 0.4360147830730057 0.31223365735986586 0.470081550988084 0.3143565206072053
61 0.4084666307514908 0.2871176308255378 0.44343943398200736 0.29007458124832747 0.4212115731065751 0.5529581984617451 0.38623877548593555 0.5500012978904208
60 0.3693998604481976 0.27914507993334425 0.4043505457135552 0.2815122245423063 0.38684288390891197 0.5399996743394965 0.35189220218137507 0.5376325680829145
59 0.3495911231924538 0.5320103436106576 0.31879161509721143 0.5287174343334433 0.34308013496377043 0.30155934302022197 0.3738786894665509 0.3048521984918267
54 0.2728380158426944 0.32294333597375346 0.3309378447252129 0.325445481849417 0.32240652777943524 0.5235329949383143 0.2643067005848252 0.5210308808356278
43 0.21978616215506008 0.290585655510588 0.2749030196636113 0.2925354753317222 0.2670562767825686 0.5143344946486421 0.21193942102365781 0.5123847019886566
0 0.22972750473968517 0.4114250811496717 0.1907306913622051 0.40774623384784736 0.2033470723223445 0.27401769893074696 0.242343324049898 0.27769651898493347
64 0.5351609159412192 0.5619227131089575 0.49581592076253855 0.5614048168515232 0.49949673045102827 0.2818509883692988 0.5388402557883865 0.2823688747041149
33 0.5339805931204182 0.3123760067837631 0.5659069643123757 0.3118199865771176 0.5701013297967847 0.5526457034051169 0.5381749588914317 0.5532017146636415
34 0.5502468881854838 0.3109302159216376 0.5880470840158978 0.3071265953588376 0.6129408028757553 0.5545064265584841 0.5751406162370358 0.5583099837741975
35 0.650536721922208 0.5426684394997526 0.6129561868107203 0.5459920879111807 0.5905223304828269 0.29234057264078683 0.6281016045087426 0.28901698180702773
36 0.6822868765760859 0.5389426274578046 0.6522925131426973 0.5424378918431272 0.623242823845203 0.2931618189841162 0.6532362003938488 0.28966661431670837
37 0.6597210164803755 0.329209856726373 0.7149536723827623 0.32285970775307954 0.738780082377616 0.5300879017198689 0.6835474410679581 0.5364379638922852
38 0.7553992968750001 0.3141082515625 0.7564038171874999 0.3141082515625 0.7564038171874999 0.3176574984375 0.7553992968750001 0.3176574984375
39 0.7639573405948568 0.2720437832519228 0.8055709860703928 0.26851061963004175 0.818361009637897 0.419146768364486 0.7767473678400165 0.42267990394430804
48 0.5234399056021175 0.7534368976760385 0.49942638903553416 0.7529682405560291 0.5029719982985625 0.5713444395989699 0.5269846350897751 0.5718130881326341
47 0.5294868533693489 0.5757370770713391 0.559938361705008 0.5768801827029092 0.5530431617894465 0.7605399020248955 0.5225916544688971 0.759396817759333
46 0.6124328878092911 0.8062044659618529 0.5787280318334069 0.809504526839888 0.5558074830877331 0.5754352397560946 0.5895106802145165 0.5721352607457127
45 0.5912230613113252 0.570578864733466 0.628188086483874 0.5679480738869217 0.6456031960295832 0.8126138436142787 0.608638178013166 0.8152445668881116
44 0.6268652890323665 0.5696873742486817 0.6585311041109208 0.5647675431421676 0.6948347472937257 0.7984005887814801 0.6631689604198527 0.8033202995018585
42 0.7590915667466334 0.7817173097005832 0.6954651268390535 0.7926771902837992 0.6549086880663708 0.5572583586021992 0.7185321603847115 0.5462987359045459
41 0.8244708943923342 0.74749580585776 0.7604520711446412 0.7599186847102781 0.7181335473766239 0.5418601597408291 0.7821497206400636 0.5294375410758948
40 0.8807318680138678 0.6475742329681352 0.8158116081674507 0.6706460332044012 0.776374769406516 0.5596877430189161 0.8412937586317639 0.5366161889860299
49 0.4761530876545521 0.5705075885519997 0.5008205900874145 0.5705795525346179 0.500271689547958 0.7587055600099037 0.47560418712396313 0.7586335973997272
50 0.44550477187500004 0.5696539484375001 0.47413360156250006 0.5696539484375001 0.47413360156250006 0.7684117125000001 0.44550477187500004 0.7684117125000001
51 0.41337704577370005 0.5670279529037571 0.44793232660936155 0.5698783524086526 0.4276240002669738 0.8160426205197971 0.3930687283826728 0.8131922945986046
52 0.39724947651075126 0.8040125017576923 0.3627386578006053 0.8019346181709899 0.37739888170813174 0.5585042348849845 0.41190798553896 0.5605820672330804
53 0.35159819872126263 0.7929221499507244 0.31560847455079966 0.7887557554604134 0.34255553866887567 0.5560272717407162 0.3785435946280131 0.5601935704607005
56 0.3010978445032606 0.7841449740620667 0.24353605398641776 0.7728133725885357 0.28846608610706426 0.5446188760990989 0.34602529501694335 0.5559502192993292
55 0.20745316628153887 0.7150336858133709 0.20905347033487942 0.7152601116361947 0.20704443212514434 0.729457096219704 0.2054441281468371 0.7292306707538369
57 0.22299196529286291 0.6413044020519055 0.1498720156747595 0.6574546371813988 0.12478334204229213 0.5438750825136192 0.19790181420057706 0.5277250162787307