55 0.49334514188319645 0.5128074125967459 0.4933456450976337 0.5575087504529026 0.25199625707989526 0.5575089769587946 0.25199663157775376 0.5128085350963858
56 0.49068306043989196 0.5595175840442402 0.49068341676138516 0.5951782470020978 0.25732010995818655 0.5951784490597649 0.2573204857712881 0.5595185447330749
53 0.2227151734375 0.5966850828125 0.48979591874999995 0.5966850828125 0.48979591874999995 0.6338523359375 0.2227151734375 0.6338523359375
52 0.24170761061213852 0.6586592025209091 0.24422105670350902 0.6195014360942176 0.4858161318808243 0.6350041576696824 0.48330367414916964 0.6741610018964226
51 0.23461783341281262 0.6919288226878509 0.23754726958736683 0.6557151403970335 0.48174758825757635 0.6754632996327665 0.4788191408288185 0.7116760741374489
47 0.43478260937502 0.7363134105510513 0.43478260952497294 0.7368156687733245 0.43300798598750134 0.7368156690598169 0.43300798593747913 0.7363134109375217
35 0.43691595020288787 0.767717087445575 0.43223779992729305 0.8251844270912984 0.21065073561180725 0.8071458434495884 0.21533027288342055 0.7496800349575712
0 0.40147385184377526 0.8250039492402128 0.39120409340432616 0.8850587781593867 0.19052635703383203 0.8507457604131231 0.20079733667114397 0.7906924923164058
57 0.24667258281249999 0.4640883984375 0.48979591874999995 0.4640883984375 0.48979591874999995 0.5082872921875 0.24667258281249999 0.5082872921875
43 0.25199645 0.425916625 0.4906832296875 0.425916625 0.4906832296875 0.46057257656250006 0.25199645 0.46057257656250006
54 0.4930900612135929 0.3831757203357899 0.4936701911149157 0.4232629628954838 0.2213729428035549 0.42720123451736325 0.2207934968259906 0.3871146984079115
59 0.2734752780497729 0.38507821115846436 0.2730409064037076 0.3497502992368067 0.48784877927766956 0.34710770028254334 0.4882835692067147 0.3824352191936258
60 0.48041865354775837 0.307646096621676 0.48346084102706754 0.3433087239942915 0.24195344030431443 0.36390846184759124 0.23891173053959847 0.3282463033200561
61 0.27669940398084236 0.3263466115071845 0.2707895063840624 0.26892065143087857 0.472817285269457 0.24812899129907476 0.47872763657790074 0.305554462771123
62 0.24630017392644277 0.2691270443120323 0.24034570058120153 0.2118526872169737 0.44172861922106677 0.19091585120611215 0.44768345366890117 0.24818980971606325
63 0.20102383447340344 0.21366463861421922 0.19650842732642104 0.1564127423745597 0.39739927916207307 0.14056822143431696 0.4019149781215674 0.19781983875141002
40 0.5304685550900103 0.5122527160870083 0.5285282223873082 0.48482840768494234 0.6923569009526318 0.4732373727657558 0.6942975450492668 0.5006613341295398
39 0.5102039345244975 0.4761426259585442 0.5102041534689761 0.4445001495742183 0.6867789868750833 0.44450071641300565 0.6867791592075037 0.4761427906906381
38 0.5015349224115653 0.44453249968043496 0.49976998319436916 0.4071135799815649 0.7170093929152017 0.39686667670267617 0.71877482594698 0.4342850531981921
37 0.7023644032466336 0.3456816717637667 0.7062308887036579 0.38438356006688057 0.4939053249498784 0.40559299834913576 0.49003934922404824 0.3668915609435211
36 0.4865790270165462 0.364581983220456 0.4835363950780902 0.31679718409625035 0.7039986024670952 0.3027591871270963 0.7070417328112626 0.3505434342659656
33 0.6311520698122877 0.1522676652464697 0.658968913284184 0.2182035407416318 0.47300589565963946 0.2966550467183973 0.44518957272487114 0.23071960675757677
64 0.4942324749999898 0.20743344989112533 0.4942324750422813 0.20793571089713173 0.492457853139058 0.20793571097784713 0.4924578531249608 0.2074334500000136
41 0.516845150103677 0.5393449094705692 0.5183297589426274 0.5111563173287854 0.7055739875638665 0.5210166315636638 0.7040898284368495 0.5492047726458074
42 0.505900250147306 0.5813555736651316 0.5052898251858551 0.5479096050292019 0.6960711461171059 0.544427264599556 0.6966821082604611 0.5778726621066268
44 0.49446805005106853 0.6172663811398962 0.4955196591921549 0.584867809419617 0.734817761421823 0.5926324716120719 0.7337668902239329 0.6250303107455302
45 0.4826920652751596 0.6576943609701259 0.4864098729306079 0.6204847349630717 0.7082157259944779 0.6426422185807676 0.704498811092094 0.6798510088715913
46 0.7182175980653938 0.6774207314280346 0.7149791701323238 0.7212944545590895 0.4822167645037325 0.704112030637061 0.4854561843146712 0.6602393456124366
49 0.44308613593079826 0.7749853220522566 0.4591368196681742 0.7141406965423255 0.6735578515596217 0.770692802339551 0.6575090203682521 0.8315358326823551
50 0.3983056216824252 0.838393142230617 0.42198630262475945 0.7676564124049382 0.6028265938394952 0.8281832613456355 0.5791479286665435 0.898918277851823