55 0.39683761838580267 0.502735431153543 0.39581154326026535 0.4610293074334255 0.6658475319192121 0.45438440169529093 0.6668744078576765 0.49608967597011583
56 0.40461392342695035 0.4570567145806038 0.40461434862413626 0.4183824921312232 0.6734691794797527 0.4183838732951584 0.6734694490941138 0.4570573729316376
53 0.7395042830032708 0.41248306811895485 0.7327749299499828 0.45468262605132087 0.4220880700700036 0.40513783594764896 0.4288180904325145 0.36293908480733167
52 0.6943342660821372 0.35861929922639024 0.6899576354963983 0.3989996735193071 0.4417207177243654 0.3720936550248052 0.44609783709995554 0.33171384630151807
51 0.6959345947134352 0.30363116263420664 0.694390903830481 0.34636414563280316 0.45762238034456004 0.33780978418913676 0.45916654773941445 0.29507730076874716
47 0.4693986483248409 0.29102954462768266 0.47613649700133465 0.22754944685188067 0.678257341357039 0.2490017388082797 0.6715200676325139 0.31248131516373945
35 0.728600564747353 0.19205790741915965 0.722448878622572 0.25183322861742413 0.5017608510646596 0.22912052465264618 0.5079129201349133 0.16934556786980828
0 0.7732620828943482 0.14902731341951397 0.7822173098337544 0.2024206796143627 0.6761513539610178 0.2202098121295231 0.6671963066038415 0.16681660365353124
57 0.6626151698490048 0.5237566743528789 0.6584683116320775 0.5691816473818151 0.3948705137380557 0.5451158550841914 0.39901825190565887 0.4996918132758797
43 0.6557233771775373 0.584128578125 0.4019516587858334 0.584128578125 0.4019523101908362 0.5534907078124999 0.6557226779181065 0.5534907078125
54 0.4130127254367153 0.6358311571670234 0.41045072311271724 0.5913552880758539 0.7172129076458305 0.5736832162725031 0.719776089849006 0.6181577963314617
59 0.44615037118956025 0.6962700073494106 0.43546493310657297 0.6406138731514416 0.6738690907003502 0.5948462283303875 0.6845555304550999 0.6505010330871701
60 0.7055722552895531 0.6469545022773797 0.7124461599211145 0.6840880664901181 0.4627891246045692 0.7302920994740466 0.45591633928461306 0.6931595147519718
61 0.6734701719351506 0.7875439484374999 0.4693868788533564 0.7875439484374999 0.4693881778400737 0.7212456046874999 0.6734683553568175 0.7212456046875
62 0.7090405083791893 0.7752046442889258 0.7138834500617577 0.8405589471576503 0.5056879439059685 0.8559795670986377 0.500846800770546 0.7906269245538096
63 0.7417915133089537 0.7927718625603393 0.762191609814181 0.8521739062123947 0.6614120154454213 0.8867754655880188 0.6410128696404627 0.827374227517888
40 0.3797692779388626 0.5047713391898117 0.37976950590928027 0.5323957497246521 0.23247554018553274 0.5323959626709609 0.23247563328288834 0.5047718736953705
39 0.3871527129899732 0.5330429983821747 0.3882250915903569 0.5658676160063162 0.1957523263533858 0.5721535170879891 0.1946804963639579 0.539329440093189
38 0.1457144627446496 0.6104543914460164 0.14526530778164215 0.5707197806655047 0.40789237947228685 0.5677480784312258 0.4083424599356249 0.6074817838687369
37 0.19162638677732957 0.6706744848210974 0.18693251591480475 0.6300410698466434 0.40078047910515124 0.6053386501009446 0.40547508890790596 0.6459712372420768
36 0.16942331487189222 0.7240765592909 0.16310815158840342 0.6836309637481081 0.3940120136821861 0.6475800745898411 0.40032798112758883 0.6880247040144769
34 0.2179209842487353 0.8072877102968887 0.20008487319523738 0.7353186365832687 0.4191656156654062 0.6810306812095197 0.43700295031624137 0.7529979486865703
33 0.2650628122721628 0.8825581744169748 0.24128497461890674 0.8115122884854543 0.4470009939304873 0.7426752457918798 0.4707797961327742 0.8137192032619472
64 0.4329199545196616 0.8232815922904727 0.45714594079902326 0.8914244369397869 0.3339020345466679 0.9352278429595442 0.3096774551748922 0.8670861918015589
41 0.38314941442934014 0.4774629493056833 0.3820822858330075 0.5038603958173499 0.22638699269748486 0.49756574125870107 0.22745441333927374 0.47116859951936824
42 0.38812661214217314 0.4435399874703833 0.38700545021811195 0.4752370770662821 0.2122991139806345 0.46905679727494454 0.21342064585530807 0.4373600992882042
44 0.39732671600722824 0.40440224830238614 0.3948795430133032 0.44380313184518916 0.1305890941287089 0.4273867648427365 0.13303688149198933 0.38798656252871394
45 0.3928287674987132 0.3625443076055997 0.3877289315677217 0.4030883201505456 0.16662221963792945 0.375275989614793 0.17172248629117348 0.33473249152579243
46 0.1661091120531637 0.31877005030218486 0.17415263299210437 0.2781732403624852 0.4027706513357998 0.323467117002137 0.39472764967513285 0.36406348648976267
48 0.4302664065104409 0.2578526721773331 0.41744085988557345 0.32413843409487686 0.19318343738177646 0.2807468905256313 0.20600944340912974 0.21446176870079986
49 0.4721430378255036 0.19961390960735603 0.4507312368530165 0.269197433498486 0.23767971081417727 0.2036385317361505 0.2590917606627272 0.13405550424472162
50 0.32199729682554334 0.16424927076508955 0.33548359795793203 0.09674523397381182 0.4613131649418847 0.12188388650065407 0.44782707632759866 0.1893877409965547