63 0.5949984037447393 0.4945910499774496 0.5962489285718675 0.5404022768892435 0.3386401637413883 0.5474306093581681 0.3373906002533431 0.5016203181148216
62 0.3249712205376909 0.5841067229164144 0.32455590226732056 0.5444129979936011 0.5819739303877896 0.5417172944281312 0.5823901163889786 0.581410150268943
61 0.28991081128992846 0.6356927450775959 0.2880916640522173 0.5909963774611036 0.5848200816087683 0.5789169096812218 0.5866404075176206 0.6236120694055471
60 0.3454834442943593 0.6768928476403607 0.34339582394306944 0.6363164572320996 0.5705402242414266 0.6246294336966727 0.572628709523201 0.6652049094905673
59 0.3669826677552237 0.7000341864864963 0.3682977159919574 0.6623773074018257 0.5658567872030744 0.6692740303984211 0.5645425422743529 0.7069301251884572
54 0.3362908651115504 0.7664494637054701 0.3362918372602053 0.7056748127914361 0.5545694877848746 0.7056756984750704 0.5545700029728096 0.7664488985209436
43 0.3913043484374157 0.807132093326388 0.39130434860180685 0.8076343538822465 0.38952972505489925 0.8076343541962913 0.3895297249999885 0.8071320937500173
0 0.39719899373938006 0.8082812607491219 0.383158955330714 0.8687312079736965 0.272983371063674 0.8431459809942049 0.28702400354904967 0.7826968813563966
64 0.3376043342555022 0.4982321382081996 0.3366132584352499 0.4526826513349866 0.5982237833521822 0.446988900626986 0.599215698082503 0.4925375231384019
33 0.3294467672852761 0.44838151543961463 0.3290906541390086 0.4105807943357569 0.593405174320651 0.40808846396485376 0.593761932957932 0.44588856016376227
34 0.5961267196709059 0.36803305120224444 0.594778388027521 0.4112276089422367 0.2856362654285931 0.401574899853589 0.2869853543497811 0.35838112701350416
35 0.583729936922964 0.3258408023791619 0.5839340689320807 0.3650319385922645 0.34889664472461845 0.3662544729225174 0.34869299890090133 0.3270638241107502
36 0.5735856969448605 0.2854701388114964 0.5750471191238375 0.32418957331236 0.35304235553292074 0.3325672536742726 0.35158135097753984 0.2938482184954855
37 0.31468731006305006 0.29327748596464137 0.31252176244845487 0.23332981861453903 0.5638105945957932 0.22425133792012844 0.5659767181226698 0.2841984292115496
38 0.3112158835591572 0.24663150647313434 0.3052748690337239 0.18365578367450153 0.525017596258067 0.1629253510757748 0.5309590030356048 0.22590063577355282
39 0.30612240578068395 0.20592667082155705 0.30612254717982523 0.14615765468818076 0.42058561768931213 0.14615780823655647 0.4205856574099016 0.2059266504864313
48 0.8012023194653466 0.4498587405688392 0.801366597703236 0.4753479602330873 0.6069691882370307 0.47659923221094974 0.6068052613831014 0.45111036045353636
47 0.6176622834829004 0.44905899113301556 0.6173831172545761 0.4174582788270031 0.8268652693890317 0.41560654057245894 0.8271448675488955 0.44720681759919334
46 0.8454151685357374 0.3768150756319606 0.8462538660890004 0.4134664609186973 0.6268003339890811 0.41848630754415 0.6259621331425933 0.3818354084139874
45 0.8380555906926475 0.3197437742863271 0.8430434772558328 0.3559667744659167 0.6249007904536938 0.38600229779475564 0.619913378497813 0.3497797248554753
44 0.6115594327781082 0.35052824374116365 0.6059772872062013 0.31022262768845993 0.8276386986855186 0.27952344966507986 0.8332212060317943 0.31982863255188404
42 0.7920028088178697 0.2017789141777468 0.8069079659851468 0.2674424376364295 0.6007388204535573 0.3142394104665913 0.585834295494692 0.2485764418677221
41 0.7419521146567831 0.12399265305683073 0.7644315169532092 0.19708560095343203 0.5677184356489988 0.25758239665913807 0.5452395418774358 0.18448987997721292
40 0.6859133365927619 0.11291049124049339 0.6793673460463197 0.17073300411118744 0.5627581114599707 0.1575317148413936 0.5693042243140098 0.09970933329151296
49 0.602484471875 0.4781516828125 0.800354925 0.4781516828125 0.800354925 0.508789553125 0.602484471875 0.508789553125
50 0.609990782170371 0.540158378595156 0.6085287534340296 0.5087282485972827 0.7927379991027692 0.5001592096404198 0.7942004637915261 0.5315888716196157
51 0.606119349394362 0.5773388353383881 0.6090506181769797 0.5333348974271214 0.8358140669904515 0.5484376854042238 0.8328837093175707 0.5924407473774489
52 0.8409062159265659 0.5963961401134825 0.8372052735680882 0.6394957085785902 0.5949195718858391 0.6186898318476699 0.5986213885017833 0.5755912279663408
53 0.8233982873318837 0.6488274945198504 0.8167649556316974 0.6944012225621741 0.5874619779053774 0.6610267956255311 0.5940961785998979 0.6154541039292534
56 0.5686085217590744 0.7262301060518781 0.5824994269640911 0.6588526423433727 0.8135161042797563 0.7064710686681771 0.7996271785982572 0.7738468072116135
55 0.5361166150137251 0.7950363962611419 0.5538614646931137 0.7198216592774986 0.7584584706585247 0.7680807343206679 0.7407158036992314 0.8432935741942041
57 0.6892317096369425 0.8308403322341253 0.6749528971648715 0.8840848222953283 0.5681898626872908 0.8554587596331786 0.5824691508746582 0.8022150176660436