55 0.5104398837520421 0.5766822390647194 0.466329275176804 0.5770389130074597 0.4643065290533741 0.32680095546267657 0.5084156142474967 0.32644428769120404
56 0.462502079462638 0.5606255396879429 0.4283347371884929 0.5573704261002672 0.44788466330430765 0.3521845592032555 0.48205104155908884 0.355439626815025
53 0.39480277445875345 0.34149274514189704 0.43453651105210156 0.34177742291732116 0.4329341638258484 0.565411606202342 0.39320042729218585 0.5651269328117456
52 0.3905893416794015 0.5613300709863452 0.3547686460404975 0.5604329574123801 0.3593954111186122 0.3757238883365408 0.3952151669715249 0.3766209901732112
51 0.35570450590512337 0.5586158722244676 0.3167591297785748 0.5596178348153196 0.31257814451532795 0.3971018975862742 0.3515225818146064 0.3960999472298671
47 0.3174078637354114 0.5602929539172236 0.2545750239851259 0.5651982546307824 0.23956929252733516 0.3729896362161679 0.3024003566481497 0.36808440671062637
35 0.19478921502513913 0.32450145264204566 0.25549880995208696 0.3257741287370967 0.25061789424000835 0.5585924916332344 0.1899083000499786 0.5573198357621185
0 0.196696194632068 0.4667490209070357 0.14434611789465635 0.46304512329556186 0.1555689175521593 0.30444071260369365 0.20791802405051385 0.3081445758376468
57 0.5567635662278008 0.566753983468244 0.5120689293729583 0.5673039234959123 0.5092434357167122 0.3376239125079511 0.5539366449335148 0.33707398132029415
43 0.5564440547638014 0.33395040310861873 0.5887122632218507 0.33356180589330225 0.5914669492802886 0.5622916775778973 0.5591987409203512 0.5626802686175805
54 0.6316152565965467 0.5640036603926355 0.5930161355109931 0.5645544357115656 0.589436185502791 0.31363255570896004 0.6280339738060547 0.3130817900817026
59 0.6697679328194681 0.5564751817967009 0.6340459469174675 0.5583622885617368 0.6232890284909445 0.35474280805076697 0.6590099479504943 0.3528557305224362
60 0.7040395061228537 0.5524517705970817 0.6664771921291504 0.5515216109180753 0.6712799981066837 0.3576096351954393 0.7088412714183505 0.3585397817247996
61 0.7666327270554802 0.5530949574688659 0.7061958316114669 0.552299421789157 0.7086952789333054 0.3624939456208613 0.7691304804624224 0.3632894697369212
62 0.7572038050607262 0.33439498450485516 0.8178796975150817 0.3307153595659932 0.8309285715336046 0.5458757782556012 0.7702526842472253 0.5495553493504194
63 0.8094555204656899 0.3111612800694561 0.8675152051247323 0.30980610296686717 0.8708948392941238 0.4545934553569902 0.8128351552272761 0.4559486210167456
40 0.506684539845196 0.5795613009986558 0.5331890262347088 0.5791954231046963 0.5360817673296197 0.7887204606834765 0.5095772810964263 0.7890863306595007
39 0.5354093421874999 0.5776397515625 0.5650426921875 0.5776397515625 0.5650426921875 0.7684117125000001 0.5354093421874999 0.7684117125000001
38 0.5996985548183602 0.5811888108114114 0.5996990742480648 0.8092282415004014 0.5655447083802301 0.8092277931232291 0.5655450058228553 0.5811891648890151
37 0.598046881762798 0.5734316696236588 0.6333968316733944 0.5713256394811173 0.648030904725033 0.8169273195449298 0.6126809597626561 0.8190332952656567
36 0.6875086986774477 0.8072866606770129 0.649871117737689 0.8098739249942809 0.6338411478394619 0.5767049342799578 0.6714769195548342 0.5741177314879122
34 0.7534712457960495 0.7782691374978015 0.6891693800586154 0.7834681458069117 0.6721236847512273 0.5726571641147264 0.7364227689723748 0.5674582686928968
33 0.8173446328188447 0.7536083119273547 0.7502047091599024 0.7574081806893204 0.7390357249619228 0.5600623064741523 0.806173046817662 0.5562625106049931
64 0.8888675643266879 0.7316224227344824 0.8249212656249938 0.7414572026127227 0.7993862122223163 0.5754425311036568 0.8633304338490007 0.5656079125815042
41 0.5097980908691397 0.7753336464925112 0.4857353975280603 0.7760380682001132 0.48014178266600993 0.5849740569779366 0.5042035283328232 0.5842696491046341
42 0.48800476487679134 0.8036804869877161 0.45608707658050207 0.8051584876938105 0.4456971718956311 0.5808044638498592 0.4776133549245287 0.579326497989551
44 0.40587332343329763 0.5888643389133115 0.44440607818023636 0.584847031958869 0.4657324751666465 0.7893758351478428 0.4271997341068072 0.7933930557293697
45 0.4025115856611592 0.7775221456547636 0.3673040422983149 0.7749230554642742 0.38137344705228315 0.5843765457607665 0.41657959721203497 0.5869755842276169
46 0.3432388672910065 0.5826156452516181 0.3826698968900928 0.5872950207729876 0.3569884330734112 0.8036718939056018 0.31755742246150476 0.7989926256984361
48 0.28528377663212723 0.7701863359375 0.2847815171178354 0.7701863359375 0.28478151725710177 0.7684117125 0.2852837765624372 0.7684117125
49 0.21994969327420222 0.7424955272150645 0.20730129139883502 0.739512814851387 0.223360920086634 0.6714217056634206 0.23600914139683482 0.674404396011395
50 0.15402409772002557 0.5716999158333809 0.22176858556315437 0.5947831317612555 0.1700764987333514 0.7464693400163542 0.10233218770622443 0.7233864935078504