55 0.45962700305233284 0.4912104214924934 0.4596274902824007 0.4535408093173395 0.6983140080020576 0.4535422579429044 0.6983141672113788 0.4912112192254468
56 0.47039334134785804 0.450025554875904 0.47251258807841623 0.4168061585935674 0.7002973418611873 0.4313355602191487 0.6981786339961218 0.46455444404285473
53 0.7082654731513003 0.3932392277128379 0.7078260663271294 0.424517527490713 0.4761703028523243 0.42126140477726726 0.47661015168137055 0.3899835517090864
52 0.6977989222152701 0.37502212463923834 0.6968810885759922 0.3977306505275616 0.48121058376148085 0.38901249697270546 0.4821286900614723 0.3663042528473621
51 0.6953357186666835 0.3413783193496551 0.6936575889702681 0.37432713809859053 0.48607895108125376 0.3637539297648067 0.4877574278995098 0.33080547856457204
47 0.6870402227968953 0.28409056601725957 0.6849355923386611 0.3369000637704359 0.49549186792319233 0.3293491619458578 0.4975969454645792 0.2765401169634325
35 0.5168219634271054 0.27416411274256236 0.5203932920068155 0.22243271281564583 0.7341039229390844 0.2371858060944223 0.7305330570575279 0.2889167391132724
0 0.7533273631390784 0.19136106289648785 0.7533274606337272 0.24510297436566983 0.6619343023315878 0.24510293859564328 0.6619343691066888 0.19136119494383605
57 0.7141209028607136 0.491582968900903 0.714528422501985 0.5304023244560095 0.45371334490994286 0.5331367933099558 0.45330662275534905 0.494318213792171
43 0.6891862698678324 0.5280519419589298 0.6897201497675951 0.5582099660948974 0.471358559467717 0.562072772551966 0.47082523539609156 0.5319152879184825
54 0.4759545160718517 0.6021295503468204 0.4733683614169877 0.5657190330295431 0.7351903587225479 0.5471215011592532 0.7377772858369553 0.5835311889114846
59 0.48696288154951617 0.6347545394667217 0.48473304041999654 0.6006709618945342 0.7071855725989735 0.5861174833761531 0.7094160684637245 0.6202003424153611
60 0.49389518614191275 0.6732233448432565 0.48953397386344477 0.6370514277782412 0.6971323413129085 0.6120231466857071 0.7014941883119263 0.6481943111073819
61 0.5085346786100899 0.7219199491179625 0.5057064619626317 0.6702769273363012 0.7020658161303572 0.6595234122737449 0.7048950376353105 0.7111653649980696
62 0.7380268015446063 0.7059248721935031 0.7426465984716515 0.7589565766715265 0.5340351815783606 0.7771233846008627 0.5294167346460199 0.7240929356257144
63 0.756950412897254 0.7634305605314115 0.7550201675749122 0.8118610766755423 0.6521550772923774 0.8077610923637143 0.6540858938052452 0.7593311703791988
40 0.4230999854244146 0.5081602672754613 0.4219875371522903 0.5310109080891021 0.2539746168043848 0.5228309106241928 0.25508735084565615 0.49998057293798004
39 0.4402559230109091 0.5290357183951855 0.4399656280237423 0.552148461623226 0.2490910145362477 0.5497497592045612 0.24938166727497446 0.5266373825276456
38 0.4502853336408634 0.5529450115498376 0.4495287193110471 0.5857187081381219 0.19122647987489927 0.5797533711601488 0.19198380631178225 0.5469804249033328
37 0.45572875955940617 0.5841250879175066 0.45486650138207096 0.6139155678581258 0.20784797532962784 0.6067638783710251 0.20871088114267877 0.576974079558847
36 0.2128957011059356 0.6427480168372041 0.21309090941008435 0.6116772249916828 0.4445847296146894 0.6131291693070826 0.44439021411210433 0.6441992748661926
34 0.4679161865684591 0.622722928638904 0.4863926458865535 0.6829413079341927 0.27575950128414206 0.7475570291870567 0.25728467302417357 0.6873400478936821
33 0.4936611886010951 0.6826933287988131 0.5091039553873316 0.7446838611978229 0.30818266883557044 0.7947249876339918 0.29274157425402336 0.7327358959813626
64 0.41232783830173503 0.8731516816244492 0.3594898859530531 0.808988242537162 0.4625704585589574 0.7241198349572303 0.5154078128632591 0.7882822252309057
41 0.2521775626487397 0.4941249444313741 0.25394291732084184 0.4742837939493483 0.42870052452474283 0.48983038671104473 0.42693545034921954 0.5096712813866803
42 0.25775742541338786 0.477145281832644 0.2594011657104147 0.4496451351712162 0.433818482313427 0.46006873572432155 0.4321751036841306 0.48756854220484713
44 0.4469634581248556 0.4272456732715878 0.44563016297581726 0.4597580229027153 0.21680011381886288 0.45037257520660967 0.2181338846185099 0.4178607265630047
45 0.24023571808231736 0.41360592870295393 0.24191461728435115 0.3856224127221359 0.4329464632161262 0.397082069469998 0.4312679133765869 0.4250652532405049
46 0.2227603729600105 0.36901064580424364 0.23029688707242713 0.3274936982291462 0.45393332588525936 0.368087350692493 0.44639741194589533 0.4096037712086588
48 0.25668855447042915 0.32414189187631165 0.27006442068886827 0.26449055957482326 0.4762559367667336 0.31072357766174613 0.4628807651324678 0.37037431739655147
49 0.4879915040913829 0.2505726604623897 0.4777510472767972 0.30985188162729727 0.27460110094978063 0.2747576358301695 0.2848419327301599 0.2154789269450987
50 0.4969892252460113 0.20352470937885217 0.46407842997621174 0.2699718587779359 0.32959251918873633 0.20336242489807674 0.36250335925331 0.1369155945492483