55 0.46385554158678133 0.20733290191619022 0.5005045036899674 0.2060851330950281 0.5096367689629915 0.47430657977641144 0.4729878078233014 0.4755543316770656
56 0.4708299922365313 0.4737018852980581 0.42919847799373656 0.4740589187344162 0.42709057472507084 0.22821419494554168 0.4687209944047481 0.22785716620406343
53 0.43502718043976074 0.4819969712862311 0.38627393254978415 0.48635413595088267 0.3566750354227679 0.1551699348518248 0.4054267130848075 0.15081284094645359
52 0.33330861561421443 0.22370043631518166 0.3771572155303602 0.2223215895180718 0.38509674321687726 0.4747977605074083 0.34124814390213487 0.47617658868273116
51 0.31492155784565057 0.2035189883326927 0.35517832216760326 0.20633908324145028 0.33738863653195494 0.4602790026771461 0.29713187574714084 0.4574589438019725
47 0.24354968754016681 0.20985455243018192 0.3080748591635256 0.21221673463237697 0.2995185624398573 0.4459330691160799 0.23499339275178954 0.4435709148407751
35 0.2349246975004462 0.42287109883630897 0.1748162225650276 0.4212509476497061 0.1807525832088004 0.20104633306318798 0.2408597938258481 0.20266646713572434
0 0.16923641509197296 0.3856787297268907 0.10972051707881292 0.3737647054300996 0.14744387934820224 0.18532859550067513 0.20695878373112464 0.19724251525050454
57 0.5526013529334932 0.4719480917968809 0.5104221205215254 0.4723153876017298 0.5079568451536716 0.1891489219813654 0.5501348770230834 0.18878163139794782
43 0.5899440613846991 0.4674280278404321 0.5508309690424085 0.4660804260232426 0.5596264646728741 0.2108252121981237 0.5987385062975363 0.21217279567211936
54 0.6327484775159746 0.4721125001380391 0.5892067326730057 0.47052245988402003 0.6011106125508832 0.14458019154564009 0.6446510110803274 0.14617020702153358
59 0.6760422591047472 0.4569653953125 0.6358612841755757 0.4569653953125 0.6358618153942643 0.21206743593750005 0.6760417340996128 0.2120674359375
60 0.7160668930691827 0.4381741638455959 0.6789657586313069 0.44136815525287953 0.655862755046428 0.17300907276783103 0.6929629311219969 0.16981512377319696
61 0.7782144513292906 0.41068406993715656 0.715180252003961 0.41637208030626605 0.6956368808376965 0.19979256656105682 0.7586698123067208 0.19410461372986632
62 0.7575656283673879 0.15773077908489214 0.8194802324991315 0.15243317323162678 0.8391775465540832 0.3826369531521484 0.7772629508190221 0.3879345084700592
63 0.8349068618224464 0.22439576721671492 0.8293924426457124 0.2246358739519504 0.8268040242646748 0.16518936645049254 0.8323184237195846 0.16494926014925573
40 0.5614501515027541 0.663036993803448 0.5372293625308657 0.6675002764365925 0.506905352230774 0.502957881890765 0.5311254416463953 0.4984946652283265
39 0.5836090143653792 0.6836503726454923 0.5493751129226894 0.6865516130735396 0.5323924490638774 0.48617497563086026 0.5666251516123566 0.4832737856782166
38 0.6501532331787985 0.7341974673937564 0.613820139632935 0.7422289443227802 0.5574531437737278 0.4872618645330826 0.593784521270436 0.47923058519670425
37 0.6711293355664338 0.68487704158505 0.631137839004964 0.6914894716400158 0.5959123940718882 0.47846728810328215 0.6359024289074569 0.47185497935034854
36 0.6337413526767932 0.46551703345399004 0.6710385437744435 0.45628126971568234 0.7273581465958614 0.6836987965803205 0.6900610237281626 0.6929343731067084
34 0.7845039725178822 0.6448714881608802 0.71404203536963 0.6591879909893532 0.668280550983809 0.43397807015876977 0.7387399914813386 0.4196618235207382
33 0.8513289413009488 0.5934799813895769 0.7848649467773612 0.6100063115468867 0.7335377107224303 0.4035961499644711 0.7999996607398998 0.3870700852901692
64 0.8852678344240985 0.5511549138864499 0.8133348669955467 0.5546835502774226 0.804308207519739 0.37066447798788094 0.8762393689133887 0.36713588513336215
41 0.5339691387691801 0.6715780220649226 0.5048681035456184 0.6751840882422403 0.4827145984198751 0.49642152509067866 0.5118147107389177 0.49281551680323593
42 0.5111472576745655 0.6771455828909481 0.4759265160053019 0.68170511263514 0.45073837006998474 0.48715265006110897 0.4859579105583407 0.4825931986681737
44 0.4231776128887077 0.49398980648104585 0.46181352934274855 0.49608668720887195 0.44966665203924094 0.7198749339295922 0.4110307390383241 0.7177780966219449
45 0.40960138853949957 0.6881408345139015 0.37018637453195424 0.685566772089403 0.3833228153564505 0.48444733870191353 0.4227364718078661 0.4870213578933902
46 0.35624419783425765 0.7024203789300626 0.3152017284634212 0.6973098450110383 0.34383599679631516 0.4673834453103712 0.3848768254566721 0.47249387724134595
48 0.30097994412267326 0.6843011276267371 0.22870761537512863 0.6682837681928965 0.2783488911851464 0.44432578311534693 0.35061856985873874 0.46034284477494547
49 0.20434819613478794 0.4253495515075552 0.2784404439090622 0.4401361965564042 0.23515058279065215 0.6570333023806172 0.1610584123591252 0.6422469239256631
50 0.13944202033303554 0.40729530779301576 0.21828326458512493 0.4287151528507706 0.17472866714592783 0.589017582373592 0.09588753022660512 0.5675980052772399