55 0.45385193351728503 0.28141977191997963 0.49824645320018135 0.27904920794666666 0.5120411199037562 0.5373761979903737 0.467646602845889 0.5397467240205652
56 0.4652466496999068 0.5273227785783863 0.4233315901719834 0.5296705409986716 0.4080072735076783 0.25608354491128354 0.4499209573962162 0.25373582125578303
53 0.3796237077456226 0.19333292083895867 0.42864081888012606 0.1945392092368441 0.4205072000685277 0.5250342728319891 0.3714900895840856 0.5238280072462155
52 0.3725044755536828 0.5152515948674163 0.3302106854067688 0.5142359935375718 0.3363724216067112 0.2576735417059468 0.3786649988400086 0.2586891289815476
51 0.3093931113199915 0.24767148781438358 0.35256305130633336 0.25057056583395954 0.33583717211308795 0.49962506247160693 0.29266723582452414 0.4967260255437035
47 0.294377537700484 0.2488162494499479 0.3018343919608242 0.480939866433502 0.23613438601364578 0.48304979312875485 0.22867840612195778 0.2509270212563601
35 0.1910604398393616 0.20507399883643498 0.2517815989557448 0.20862950260081164 0.23803213176950067 0.4434374986579312 0.17731097563819276 0.4398820358179123
57 0.5610242357992092 0.28039020262135456 0.5610246986102538 0.5448095100397446 0.5107984921020261 0.5448091081238375 0.510798864950516 0.28039064032012817
43 0.5581948775626415 0.27275130340717846 0.5967258673105107 0.272080254705024 0.6012101024433605 0.5295499086297465 0.5626791128696595 0.5302209468196291
54 0.6472970342467761 0.5303889614517868 0.6004498028848957 0.5308541628393233 0.5974031050257054 0.22395945051936222 0.6442486761100099 0.22349425740354967
59 0.6872891941396801 0.5124502168932265 0.6467103540932158 0.5133252095313822 0.6414131141796133 0.2676433405629337 0.6819907629750332 0.2667683608215414
60 0.7278951430469078 0.4984212598247588 0.6827982782049276 0.500410297297789 0.6713227493876275 0.2402241153605337 0.716418272655801 0.23823510783498103
61 0.788548706490019 0.480922803125 0.7227522204857451 0.480922803125 0.7227529507476902 0.2537710734375 0.7885477248638608 0.2537710734375
62 0.7568233237072945 0.1936373008361332 0.8176702721593756 0.18625705946255827 0.8460626998410135 0.42033470652015603 0.7852157665707864 0.4277148648627256
63 0.807001952449923 0.18066905283285195 0.8409007632088787 0.17456377423017028 0.8579651113445834 0.2693101679105356 0.8240663057731581 0.2754154263873346
40 0.5077850328125351 0.5661047031249994 0.5353938046944222 0.5646654653239435 0.5445207868432362 0.7397260535508686 0.5169120168944801 0.7411652661179385
39 0.5742981912006826 0.7456618856900182 0.5402649355411313 0.747062761683742 0.5327227917405253 0.5638427959923296 0.5667548111603082 0.562441945379334
38 0.6227813214150046 0.7955508918595476 0.5806117590176427 0.7981310953937872 0.564905607880064 0.5414566880296064 0.6070730180847477 0.538876549504889
37 0.6017157674610871 0.5424738485542979 0.641635196165339 0.5349000051175448 0.6853840989499531 0.7654599330186189 0.6454647208173583 0.7730336004594749
36 0.7215933517433086 0.767120796973857 0.6762536651733626 0.7737430816331213 0.6405255198809527 0.5291555310866201 0.6858631010350109 0.5225333992106437
34 0.7999294753740287 0.7462593021075379 0.7284931861541963 0.7591671554783093 0.6825937400737985 0.50516941614829 0.7540267116319228 0.49226186356745055
33 0.8766065986067133 0.718514143020131 0.8000356585120016 0.7336374192843568 0.7512221336169205 0.4865095259145844 0.8277897417227678 0.4713865815799911
64 0.8446342043981758 0.4907633041463656 0.9252967591926335 0.5036402517045391 0.9040336529984643 0.6368222092470961 0.8233711331587301 0.6239454108097351
41 0.5094373799881851 0.7373072221267201 0.4832730410039403 0.7374456175485721 0.48233921994972206 0.5608383861967283 0.5085026582482897 0.5606999931341784
42 0.48691083774474464 0.7512427980795089 0.45382078121781433 0.751735645303312 0.4508744306327799 0.5539015990306518 0.48396320386837033 0.55340876127607
44 0.41280930946027183 0.5417753006639721 0.4551179606453388 0.5451808533791448 0.4362712474081718 0.7792927740233196 0.39396260583532694 0.7758873020317215
45 0.38117445410989603 0.5313633872582959 0.41853701224135875 0.5381058160265308 0.3788453541939134 0.7580278608710933 0.341482836726982 0.7512855791379759
46 0.32868475352563564 0.7773714624336282 0.2836622487945988 0.7672051447319493 0.3390636421514728 0.5218944947188746 0.38408406695293706 0.5320605738314004
48 0.27125579878827466 0.49134843791186 0.33978818375908304 0.5048934698332186 0.2918276075248514 0.7475283349749215 0.22329531473974384 0.7339836180921695
49 0.19799143461045787 0.46414067653337177 0.2716144224892787 0.4775105839456975 0.2277826794191924 0.7188514627340145 0.15415976852477797 0.7054818502907203
50 0.11104752995618128 0.6269904511624971 0.10612245945776522 0.487589943668023 0.1866652077898152 0.4847447920879991 0.19159119612800168 0.6241443469775574