55 0.4823694210830354 0.5080393021152182 0.4809624776715964 0.4694964395095109 0.7991674213925535 0.45787895720180927 0.800575231132143 0.49642088723628813
56 0.4856067461643079 0.4742407181080516 0.48304114120435315 0.437658202510547 0.777763619699499 0.4169877136926432 0.7803298977701161 0.4535694751368761
53 0.8108550508618464 0.38608565979285425 0.8121334391336177 0.4222037244287937 0.49469385076304206 0.4334342070041174 0.49341619662402536 0.39731678900117523
52 0.525381133967926 0.39435179186947744 0.5251052983903719 0.3567820613140735 0.8028996773581412 0.3547414213104366 0.8031761048362114 0.39231050688298585
51 0.8022011532752913 0.3290486721622279 0.8019401353709554 0.36541740025758446 0.5499635731514445 0.36360671364167757 0.5502250711717807 0.3272384392728738
47 0.5465355214222427 0.3253595279190927 0.5471255203727878 0.26532608965694643 0.7971894883568211 0.267783029339765 0.7966001788248604 0.32781572533573755
35 0.5604457289107359 0.25847766397236477 0.5721877583057449 0.19801546012596472 0.8289913289681863 0.24788645500981468 0.8172500153546025 0.30834799808089175
0 0.8612749725795084 0.239825032971324 0.837246343437414 0.2964248532529334 0.6273043974609891 0.20729736564002496 0.6513331997291516 0.15069793393965253
57 0.7692511000318518 0.5074810096725477 0.7693638092919173 0.547175234678008 0.48190353755387605 0.5479881636231498 0.48179174588631213 0.5082948814371372
43 0.48914930877549523 0.5793347573952811 0.4899495863980974 0.5429973577252032 0.8011311253245594 0.549846038369061 0.8003318423063774 0.5861824763252914
54 0.4904947062567544 0.6133519356555155 0.4909236596416804 0.5788572018271306 0.8078002465231293 0.5827927332565588 0.8073723019685985 0.6172864863565326
59 0.7969699562511323 0.619130609727372 0.7965178025201567 0.6555036024268394 0.5117593869111943 0.6519581761230049 0.5122125317923292 0.6155861228281628
60 0.5327483638584454 0.6863648464718732 0.5299201393652311 0.6538867694441113 0.8039576427637485 0.6300247817400265 0.8067866674211928 0.6625019015158817
61 0.7933716300917695 0.6606872406792408 0.7993210410213578 0.718475579153612 0.5548671394409439 0.7436339891643196 0.5489193720918593 0.6858471291938393
62 0.8176536207956815 0.7208817195083485 0.821931065937747 0.7767692489104867 0.5479707563504235 0.7977281544843495 0.5436952043700103 0.741842389594803
63 0.8386558670067643 0.7487344420494594 0.8482543276921888 0.802553959885458 0.633258572257887 0.8408855712074096 0.6236617039039629 0.7870674307802772
40 0.278012035283723 0.5703881809622295 0.27397049448745747 0.541534711074981 0.47069343112400475 0.5139804293865217 0.47473536615370904 0.5428334320223632
39 0.22981366406247616 0.6172777499999776 0.22361634291939936 0.5854779107959481 0.46917181427136256 0.5376242482796523 0.4753696722149243 0.5694234359612872
38 0.24312333593752555 0.6454043187500307 0.23640051527183914 0.6112713223801907 0.4829138179046595 0.5627201775586335 0.4896372394834998 0.5968524302226443
37 0.2906228945356588 0.6730978920930522 0.2836189863568279 0.6313358538014439 0.507653136461272 0.5937654891028536 0.5146577712241651 0.6355266230150697
36 0.28781964704410257 0.7085847042795954 0.2825715136065128 0.6712846618423127 0.5279433510910394 0.6367623528483413 0.5331922761431542 0.6740614685935569
34 0.3349594012581747 0.7793481145293523 0.3218076905559428 0.7157589310688173 0.5470835813509893 0.6691714586629492 0.5602364787876013 0.7327590733651591
64 0.5743760180089339 0.8045754942679557 0.5725577109212736 0.8656392115326145 0.3620570751731975 0.8593688144022814 0.36387695721987257 0.798306723070343
41 0.47808078570983525 0.48528379016903217 0.48084438199680335 0.51457289003423 0.3006990953191462 0.5315681719027484 0.2979359444794909 0.5022794936391638
42 0.28009571117104315 0.5047475266066921 0.2771032925486452 0.47443387177089114 0.482019187817059 0.4542051892560964 0.48501201271665195 0.4845184102813264
44 0.4619636673660352 0.43538273500357527 0.45630391371412315 0.476880135577027 0.2477599537687638 0.4484371046264413 0.25342019642585 0.406940284794029
45 0.5039306371855901 0.42157586834884625 0.49212319558660056 0.4563403358220888 0.2908560577461685 0.3879842271404979 0.3026637079592547 0.35322025281174546
46 0.5268543456086263 0.37026958887421296 0.5176138825598855 0.4227760555339636 0.27562736580875935 0.38018943954699713 0.28486839363824856 0.32768371754186465
48 0.2914755648522487 0.3201454183625876 0.30949932277690095 0.253572651909211 0.553962707888104 0.31975471813282824 0.5359398758071166 0.38632672330473605
49 0.4356699203125345 0.2621798093750111 0.4356699203658536 0.2616775483628244 0.4374445437678105 0.2616775485122956 0.43744454375007535 0.26217980948891034
50 0.6031399684923144 0.18989865068427308 0.5884514706618802 0.25641772942670144 0.37852369691108834 0.2100621817947218 0.39321248301951073 0.14354361355768336