63 0.5092970577175038 0.5446578852278898 0.4654124379839004 0.5431967619853372 0.4739933876661553 0.2855099429811087 0.5178765480483207 0.28697104157559283
62 0.45473446574828813 0.28510174607799743 0.49708527126017543 0.2907521076027128 0.4639430566127203 0.5391493672700776 0.421592267635333 0.5334990950380052
61 0.4021460866788402 0.24239529331570028 0.4458102181798722 0.24518566350841545 0.4277365983288064 0.5279931090073036 0.3840724706672063 0.5252027857511378
60 0.36018426604243814 0.278820064307828 0.400348304012482 0.28144315956156213 0.3852444324645603 0.5126993990332513 0.3450803979204693 0.5100763401146449
54 0.2908280747901699 0.2963392490948034 0.35407539367213303 0.297954254102597 0.34867936193654714 0.5092659087834229 0.28543204403911204 0.5076509248164393
43 0.28392956258210233 0.4849506583869129 0.2217103837834884 0.4829941606120697 0.2283755357367454 0.27107312062815336 0.29059309182093784 0.27302959177087466
0 0.23355481396833966 0.3821146396654869 0.1761484351756053 0.3718534918773424 0.19992893479502527 0.2388192711292188 0.2573346015617517 0.24908035392761554
64 0.5536416586538735 0.5465057842236513 0.5082263093496522 0.5469138062395764 0.505859198239591 0.2833539413351099 0.551272996963462 0.28294592639767746
33 0.5583397122354654 0.2993488964764233 0.5953933229448012 0.3000479926653819 0.5907661726180322 0.5452850732289236 0.5537125622905705 0.544585988148066
34 0.6441296636594416 0.5328300772413532 0.6009711053731053 0.5340828163760646 0.5923695648936018 0.23773721801799486 0.6355266635242742 0.2364844996825865
35 0.6360903644936116 0.2833059427756683 0.6687558769920088 0.2819911538483693 0.6783479957828149 0.5202940499148577 0.6456824845779465 0.521608819711506
37 0.7393271736715405 0.51020408125 0.6755397217700647 0.51020408125 0.6755405086497603 0.291925465625 0.739326200310984 0.291925465625
38 0.7967956625308261 0.47478960426106476 0.7392970932938852 0.48024757226102144 0.7188921863910309 0.2652885296307877 0.7763893240925199 0.25983063131430645
48 0.5338577423683546 0.7240947779258656 0.5023656668446392 0.7233149833678579 0.506380700553791 0.5612105143657431 0.5378718070265904 0.561990297169211
47 0.5386622013238593 0.5559559441284603 0.5705055162222834 0.5565950411576106 0.5669375700637147 0.7343486059167937 0.5350942554495077 0.733709520024443
46 0.631620385902238 0.8214594313019672 0.59328751718067 0.825667566150273 0.5635700484018571 0.554996844725315 0.6019007867249684 0.5507888264833908
45 0.6057091827661907 0.5623599362287186 0.6443807186799404 0.5590768385975315 0.6628865425375352 0.7770290986957424 0.624215016008975 0.7803121232333187
42 0.6374194480730466 0.5417716625051974 0.7009242560475286 0.5291919559482612 0.7458198986722664 0.7558079048281471 0.6823151757835149 0.7683873275766322
41 0.819005099224114 0.7197039068531467 0.7536256272873061 0.7368520656247585 0.6957016462926049 0.516032126484017 0.7610785321176081 0.498884317840259
40 0.8519385321086475 0.6417033360715664 0.7853513648161652 0.6468425146681354 0.7762843942369955 0.529366309930781 0.8428701727440284 0.5242271850384866
49 0.5113083543648145 0.7335273404605355 0.4826550698074925 0.7347512751562852 0.47532182768316034 0.5630839734245717 0.5039741429810647 0.5618600594321534
50 0.49161449372252264 0.7425270964042028 0.4595917658707549 0.7458748718960794 0.44039387473412717 0.5622603197242818 0.47241544845883254 0.5589126046783577
51 0.4059829860350419 0.5612905725565054 0.45027032236873765 0.565355272676546 0.42744234633346423 0.8140467593745508 0.3831550243340871 0.8099821652024854
52 0.3872462011361222 0.7699075238349334 0.3480023105142891 0.766366639546432 0.36613413823363317 0.5654499583713363 0.4053764459689546 0.5689907713191552
56 0.2991764336045435 0.5291632553895442 0.37534753430782075 0.5444316774662075 0.3315062140234204 0.763121445447503 0.2553352136517333 0.747853355539723
55 0.23488374415057933 0.49871325480301176 0.3091689661022201 0.5231360010917578 0.2456291360998648 0.7163804068566187 0.17134412409347988 0.6919581200888204
57 0.13298487355359612 0.6348933738632787 0.10801845772539309 0.5272790399819468 0.19913711059803063 0.5061417230881448 0.2241041313485539 0.613755183494778