55 0.6086955482986696 0.5087892458866867 0.6086959664455662 0.5489703051917652 0.31144612915943526 0.5489709489704365 0.31144667460716846 0.508790935798587
56 0.3289784005776255 0.5692004470845239 0.3302115289501444 0.539804364315784 0.5934247344096093 0.5508416541725996 0.5921922912793889 0.5802370937952239
53 0.2798144083412808 0.6166803149858463 0.27937382344123307 0.5819837126322452 0.5890079296315207 0.578047915631947 0.58944948079386 0.612743560105884
52 0.2963779326044005 0.644405205382717 0.29869001570330056 0.5990806760432054 0.5856370130067035 0.6137127140324983 0.583326233112075 0.6590360241761527
51 0.30422741836241585 0.6667604454845484 0.307897632892832 0.6292233139870925 0.5728839810821 0.6551258294727882 0.569214855275959 0.6926619651443929
47 0.5638244132622958 0.689865874745114 0.5596306636196005 0.7454346537325673 0.3420448035616346 0.7290128948363457 0.3462397534909769 0.6734454258901367
35 0.3071022773731329 0.7275954167143269 0.5328825074075212 0.7452414359648565 0.5282508481614059 0.8044928571914037 0.3024706405008146 0.7868469607894586
0 0.3016250361350785 0.8213676137084424 0.29982057943891505 0.785899741854025 0.4019218616933813 0.7807058943487988 0.4037267355423637 0.8161733230392615
57 0.3141079426895885 0.5072827870422187 0.3141085531431145 0.4701149895785687 0.602484316463233 0.4701156924480549 0.6024845059846484 0.5072827552192731
43 0.3155069347380959 0.478976230928616 0.31403377942376665 0.4418751654477121 0.5902099005653554 0.4309070358372675 0.5916837380783591 0.4680074189472201
54 0.33984028437510005 0.3997990951026552 0.33984028445638614 0.40030135617218976 0.33806566096473034 0.4003013563277581 0.3380656609374455 0.3997990953125156
59 0.5917843046469216 0.3517497272991191 0.5945124344528949 0.3964637954901713 0.3006197813841709 0.41439165302488346 0.2978924677802297 0.36967838189110885
60 0.5755298569713432 0.3144767805158053 0.5780360440923005 0.3555332854913908 0.31572652948375435 0.3715430990646254 0.31322094062511496 0.33048719218748224
61 0.3487735390198168 0.3291134125848574 0.34489766897638674 0.2688514127637278 0.5628236930209596 0.2548342910958426 0.5667001132403584 0.3150957525167278
62 0.30328456052859565 0.27417990822895094 0.29720696882816355 0.20821896292152806 0.5255903973450131 0.18717535005930117 0.5316684736443449 0.253135795978098
63 0.27747411560835644 0.23705069346499538 0.2699778468919476 0.17840184986898291 0.3858179548648195 0.163595732931084 0.39331440286173347 0.22224435612227536
40 0.836947184116525 0.4844077820682853 0.8358481309415993 0.5066038253342326 0.609127870965267 0.49537557450352404 0.6102272816024197 0.47317988228024765
39 0.8205557202226146 0.46308130895297933 0.8192367223402925 0.4845212509768145 0.6182994463451905 0.472158667592374 0.6196187312763186 0.45071903186316115
38 0.874016255030142 0.42772672480990176 0.8718866886034675 0.4649650126709413 0.6095259170533609 0.4499587684142081 0.6116561012854618 0.41272108932968576
37 0.6126270559199156 0.4213634315018446 0.6105009508241892 0.38692990980235537 0.8553213873063896 0.37181309155579667 0.8574479655230789 0.40624607051622
36 0.6091889153316288 0.3914419405258211 0.6037364731948855 0.3529115414678629 0.8608465987812224 0.3165281067430759 0.866299480648081 0.3550579307733254
34 0.8117682417214382 0.23165699635527234 0.8296036546507821 0.300049056489407 0.5976798743446352 0.3605271181296479 0.579845311369354 0.2921357738455887
33 0.67879325625006 0.22400803581985157 0.6787932562956485 0.22451029683135795 0.6770186328276395 0.22451029691851543 0.6770186328124055 0.2240080359374441
64 0.6704427576986518 0.12095817599982563 0.6894756697903404 0.1873648721866106 0.5569718081937935 0.22534130666402927 0.5379391837786898 0.158934861343963
41 0.6122446411309284 0.5223505641499253 0.6122448984397124 0.49773962308213554 0.8331854186704959 0.49774017015618127 0.833185583436375 0.5223506916831193
42 0.8490854603229536 0.5191185321839576 0.849379780016875 0.5406640432302673 0.6087299065122806 0.5439476714830975 0.6084360122615635 0.5224025566898545
44 0.6152772411708156 0.567173980271317 0.6171074427369376 0.5395202464769883 0.8541779135284742 0.5552068659706249 0.8523483072337967 0.5828600327356666
45 0.870646263853132 0.5894374817186309 0.8676880893029875 0.6234112906652747 0.6072495626531236 0.6007319903144163 0.6102084698643466 0.5667589276507412
46 0.5969672080287864 0.6344667367324694 0.6030636171523156 0.5967783240541951 0.8498598206704173 0.6366933757079222 0.8437644463577954 0.6743808441150807
48 0.7142857140624983 0.6941235558856825 0.7142857142039247 0.6946258154899787 0.7125110906720238 0.694625815760047 0.7125110906250711 0.6941235562500188
49 0.6903283046875686 0.765946760535486 0.6903283048435469 0.7664490201634733 0.6885536828643808 0.7664490204614859 0.6885536828125396 0.7659467609375088
50 0.5315767454422939 0.8425403744916923 0.5333216875535527 0.7770913029074491 0.6670629664137095 0.7806556941967023 0.6653191336995405 0.8461036857982694