55 0.5107874964498933 0.5789475369381702 0.4714821193969101 0.576262521425901 0.4915107702149726 0.2830976358556476 0.530814634460512 0.2857825994832866
56 0.47142714686549425 0.5642657938024855 0.43412473021749065 0.5609815060207403 0.4585501956667031 0.2835875776981112 0.4958512694382762 0.28687180574024973
53 0.408811645364608 0.2853117695513538 0.4542724901642714 0.2888435184094729 0.4326356952773267 0.5673391372101404 0.38717485751749336 0.5638074545974663
52 0.35218045519195584 0.31886641368182567 0.3964722177531712 0.3201858656470475 0.38970654930403725 0.5472856600510276 0.3454147876869911 0.5459662285292716
51 0.3429929944193191 0.5429408497025142 0.2990900772523446 0.5401098581988578 0.31427450431442594 0.3046559489823564 0.3581760230775899 0.30748689386512046
47 0.3006057964349793 0.5335631037982642 0.2395281109336338 0.5324479302842088 0.2435391399950504 0.3128347364252105 0.30461497364456136 0.3139498922811344
35 0.23438374865509104 0.5017495623205577 0.1642449256545433 0.4888739415475121 0.20199497958981283 0.28325149809692374 0.272132113414159 0.2961269605901946
0 0.169713698442024 0.22995301510402005 0.2353365333773354 0.24759662948107256 0.18917933075135807 0.4192664639149424 0.12355656056695352 0.4016230051984099
57 0.5573509068518661 0.5854264641740141 0.5127497594769466 0.5837605655051421 0.5225989092394911 0.32010916353800434 0.5671985301465838 0.32177503484649417
43 0.5909141338479458 0.5883217526669409 0.5557676115512322 0.5870192134125325 0.5660045939697511 0.31083046778250284 0.6011498444469225 0.31213298414992285
54 0.5885761391907636 0.30137942734508927 0.6340431140613418 0.300408309421622 0.6401415569370101 0.5859172583618237 0.5946745825831385 0.5868883572150013
59 0.6777813386664775 0.5750992048192898 0.631728635898412 0.5747214334137554 0.6336725035902191 0.33787878030684876 0.6797236291805575 0.3382565450776311
60 0.6717632673734215 0.3492901697473341 0.7136884385813573 0.3479718313300626 0.720582640247585 0.5672052644155583 0.6786574699762014 0.568523582538931
61 0.7200264232743621 0.3522343881348221 0.7826410428716599 0.35278243424821765 0.7807165594001617 0.5726429787939257 0.7181019398481112 0.572094941188666
62 0.7505689366450952 0.3174210791456 0.814387618882165 0.30756960286024704 0.8468361735257304 0.5177639095203561 0.7830175225715266 0.5276152499708244
63 0.7895200482091695 0.2826680996072176 0.8558101464358288 0.2704735081278366 0.8883254047386799 0.4472209245341736 0.8220353423986353 0.459415393303514
40 0.5123220842658611 0.5988496454732314 0.5381186364113546 0.5990813946882312 0.5363253457770725 0.7986697478587913 0.5105287936941068 0.7984380034826597
39 0.5379492791026905 0.5987188271077539 0.5752237507980453 0.5992551715644457 0.5724666722201164 0.7908386315524711 0.535192200700294 0.7903022978445097
38 0.572576595372766 0.6672582078125 0.5720743343147205 0.6672582078125 0.5720743344353423 0.665483584375 0.5725765953123982 0.665483584375
37 0.6068614663407743 0.5899876612866725 0.650323130986294 0.5876224477355015 0.663300607335259 0.8260550288548819 0.6198389481155573 0.8284201818465039
36 0.7168003626097743 0.8269966327486364 0.6678254054934314 0.8309563780086751 0.6472629377672092 0.5766611012361655 0.6962353489437874 0.5727014564052487
64 0.8007610547512058 0.5210783035949069 0.9130992204236463 0.552456500117642 0.8806584878523154 0.6685863524698213 0.7683204587161754 0.6372084978486731
41 0.514651557008392 0.8118127819249581 0.48500221882000005 0.812406786323239 0.48053205035989777 0.5892881126922396 0.5101800056626189 0.5886941219595901
42 0.4916000087694101 0.8175628906818274 0.45567551660246863 0.8193309035034176 0.4443345804288583 0.5889136221602415 0.48025734841235135 0.5871456510598625
44 0.4275305662189339 0.8544239769950386 0.37902947401471465 0.8489340637083481 0.4099073435847913 0.5762032145902191 0.45840561816169156 0.5816929688623016
45 0.374243237063979 0.5674592584392888 0.41929790962183233 0.5738342955308641 0.38345965022256223 0.8270826453270899 0.33840501554414004 0.8207077772690369
46 0.32100342868989173 0.551695938315451 0.37300903126549656 0.5570205986559892 0.3477593173013247 0.8036014669441771 0.29575373474722255 0.7982769413247626
49 0.21592639149696424 0.5028156522954741 0.29425381751866553 0.52766851701721 0.2240729880869594 0.7488287789987447 0.1457458095497941 0.7239764595652682
50 0.15848974914320024 0.4757094172783743 0.22585775008099063 0.5021461610164816 0.15625471433395433 0.6794961763055118 0.08888695384337097 0.65305987481008