63 0.5111009295628719 0.5317779887506519 0.46203859360946353 0.532525170689435 0.458449379231638 0.2968150620552323 0.5075102166890701 0.2960678917278428
62 0.46144152793260673 0.5262993692438175 0.4235504145519826 0.5285383478302834 0.41038503636184487 0.30574046017823864 0.44827504572367616 0.303501514986381
61 0.4197972335762188 0.537768453654257 0.3692425694088115 0.5376624716850286 0.3698648617407798 0.24126068855046487 0.42041772986203796 0.2413666686244262
60 0.38009211427947776 0.5346654655894022 0.33758582124175973 0.5384134085751161 0.31630183361676245 0.29703394204756944 0.3588068325502718 0.29328605635405425
59 0.3152297308215566 0.26334998885153893 0.35416941624760057 0.26661525360675736 0.3329426108358575 0.5197434938639682 0.2940029306986389 0.5164782789911714
54 0.2939049883783582 0.497720017602691 0.2262648303660626 0.49182999989504816 0.2463477908945606 0.261221800318114 0.3139860870319353 0.26711173473686656
43 0.22797419907965377 0.468225114793136 0.1750971917631432 0.4641721598100928 0.1919641761563753 0.2441375789024898 0.24483983579671076 0.2481904797719098
0 0.177669593467499 0.4295472390758323 0.11979596208209387 0.42724032854649485 0.1278464826190202 0.22530064611865905 0.18571892876707352 0.2276075327275301
64 0.5605226428522201 0.5341614906250001 0.5113006518037082 0.5341614906250001 0.5113013926574013 0.28926353125000015 0.560521880338797 0.28926353125000015
33 0.5600435307483167 0.2893930262650142 0.5935152146513474 0.2889811670468951 0.5963430815760375 0.5187909414788351 0.562871397872641 0.5192027948379091
34 0.63327067912644 0.2138418257121929 0.6815992398110211 0.22091111388744825 0.6355591459938523 0.5356486784352257 0.5872306128007949 0.5285795173578135
35 0.6508276259883132 0.2678094705083852 0.6960307240269685 0.2700343133921034 0.6837320970311112 0.5199006444470807 0.6385290023084735 0.5176758346453288
36 0.7210357934814056 0.511406486131491 0.6850140455024984 0.5109413327494572 0.688340596322746 0.2533850755887695 0.7243612516975872 0.25385022186408573
37 0.7117438642846992 0.25400113128387924 0.7729113499856339 0.25094626060965447 0.7852703354640198 0.49839999128932894 0.7241028527964772 0.5014548178838749
38 0.7764786684052751 0.23608925324600624 0.8300111198193463 0.23388557763921433 0.8399187798690946 0.474557682596461 0.7863863303135759 0.47676132897991047
39 0.8216975408486178 0.3726708776396505 0.8216980700881322 0.18544789466701647 0.8799598784127056 0.1854482287374415 0.879959815648931 0.3726707420991579
48 0.5404505341844015 0.7387716241432278 0.5087031411735552 0.739849726529649 0.5021537963463061 0.5469968189289393 0.5339000185234681 0.5459187361250659
47 0.5361690244390047 0.549639870765889 0.5717981892173611 0.5483388587816307 0.5788783300840805 0.742211157076721 0.5432491666024362 0.743512144521326
46 0.6562246210468174 0.8158957381426569 0.6176057900489695 0.8228645574026034 0.5670709152251447 0.5428544793345936 0.6056875847031051 0.5358858565324613
45 0.6800147266508247 0.7759823507533736 0.6364723744254661 0.7809111420713567 0.6095887018769872 0.5434380286405567 0.6531290005572146 0.5385093540011822
44 0.7302478060449857 0.7646320412898726 0.6913982849575859 0.7713975857000219 0.6504254004435097 0.5361483104437498 0.6892731391836833 0.5293829239507366
42 0.6897985128426853 0.5201417105916565 0.7634834343241437 0.5085569557704915 0.8016974171520133 0.7515906296738337 0.7280125606432648 0.7631751114231662
41 0.8272225015625001 0.6069210296875001 0.828227021875 0.6069210296875001 0.828227021875 0.6086956515625 0.8272225015625001 0.6086956515625
40 0.912475295065974 0.6366216995428491 0.8467001701568506 0.641089098234879 0.8365572672590815 0.4917548897680987 0.9023307294944516 0.4872875472087387
49 0.4941028024117031 0.7421960950905016 0.46682134502020745 0.7408875577590112 0.4761051264586058 0.5473689414503636 0.5033855619782344 0.548677454463636
50 0.4364640890625 0.5456965390625 0.473631340625 0.5456965390625 0.473631340625 0.7275953859375 0.4364640890625 0.7275953859375
51 0.4043928930814218 0.5384618088291877 0.4519529054384748 0.5508853445311522 0.38821936140629987 0.7948407178097231 0.3406594703488963 0.7824174981274007
52 0.3633039756148264 0.5397672634201428 0.4020003794337299 0.5482539646275634 0.3503908171819603 0.7835468766212944 0.31169447870934164 0.7750603788057921
53 0.29382220000002235 0.790594498437493 0.25570829148409757 0.779764288887437 0.3248767845165048 0.536383114107449 0.3629889461142284 0.5472130678121369
56 0.2564424568212189 0.4993416009695517 0.3265842071463112 0.5119733648280715 0.2842479466963823 0.7470328050436954 0.21410627209684208 0.7344013256423039
55 0.19655991514366633 0.46479105294603124 0.26210241612034224 0.4821030370112341 0.2092088058959689 0.6823373112958826 0.14366642093818882 0.6650256386719441
57 0.1290390381936959 0.435655931171577 0.19490592147656116 0.44538129619401917 0.16860810665980352 0.6234739264890005 0.10274125366856879 0.6137487030050309