55 0.43034582148345635 0.2836967269160296 0.4671516750858018 0.28126625700748786 0.4831416533306765 0.5234000583054653 0.4463358032941187 0.5258304916878835
56 0.4442331875694663 0.5236381537905235 0.41221833792542384 0.5256818938540984 0.39660156459194695 0.2810538930255408 0.42861547880568196 0.2790101824116794
53 0.37962211930084777 0.2438787381017065 0.41712564680256037 0.24484701698825906 0.40985588653256855 0.5264093982253281 0.3723523597042231 0.525441135452444
0 0.257015232011895 0.4850702141828969 0.20093416486872684 0.48314640631190864 0.2080382379049297 0.27608657909155804 0.26411787057043057 0.2780103613244616
57 0.4855703879813973 0.27576272518963024 0.5267476793378592 0.27633820489753197 0.523253061368905 0.5263778214406254 0.4820757700573495 0.525802350521262
43 0.550490779614961 0.5197875036282994 0.5236679733511664 0.5200124241856983 0.5217261959554662 0.2884235733217163 0.5485482665156951 0.28819865576824577
54 0.5500666301280717 0.24336935353211886 0.5835208132967864 0.24307577875997607 0.586042900967982 0.5304676299166612 0.5525887178108633 0.5307611996405899
40 0.5130709767734061 0.7350217543425335 0.4845431052067397 0.7368349677338865 0.4720774785143931 0.5407268262276433 0.5006042350579492 0.5389136489904157
39 0.5285557738745865 0.7188226133476514 0.49945171754893636 0.7184439369126574 0.501785937345403 0.5391066893779287 0.5308890000000019 0.5394853593749993
38 0.5672399797969092 0.761223382867695 0.5342185051407569 0.7619286451637183 0.5293182231663422 0.5324847802090352 0.5623382732994742 0.5317795326446452
37 0.6046168730417776 0.7487039725985576 0.5681632827188423 0.7496209553770039 0.5625546850709497 0.5266552134081341 0.5990067746123486 0.5257382488621741
36 0.6012054249999892 0.5332741796875002 0.637019256893268 0.5329418808827707 0.6385435905807526 0.6972108440821988 0.6027297587381781 0.6975431378046739
33 0.7655813732665138 0.6782975334939151 0.7059867482140589 0.7029113836372965 0.6277071591900949 0.5134012394741476 0.6872998711025957 0.48878783143066024
64 0.827885475059702 0.6226218498400462 0.7609815221341023 0.6533894536124667 0.6772722084699581 0.47137955141228477 0.7441741999867872 0.44061247783362123
41 0.4756403812499457 0.5403726141675942 0.475640628809856 0.7151731146073026 0.4525362762842633 0.7151729417888149 0.4525364158738512 0.5403728312365711
42 0.45364560353050365 0.7229568647374259 0.42549576836222514 0.7234445892703942 0.42237428674638977 0.543278729070523 0.4505231518214714 0.5427910128974529
44 0.3913981985923556 0.5411468446204895 0.42800646177340695 0.542891657163088 0.4182148917610675 0.7483067463420572 0.38160663115581883 0.7465619686630023
45 0.37834493727041263 0.7343396403104886 0.34049703555422184 0.7320156323355149 0.35351153281703773 0.5201067368816112 0.39135792093145483 0.5224306986071662
46 0.33582760026740743 0.7188951876550307 0.2950074956154367 0.7150266705541254 0.31430758178487395 0.5114107583363018 0.3551261626565747 0.51527920365457
49 0.248618784430505 0.6149068328125 0.2481165249444075 0.6149068328125 0.24811652505559323 0.613132209375 0.24861878437502583 0.613132209375
50 0.1752888000527264 0.5829636203124999 0.17478653900980134 0.5829636203124999 0.17478653911518904 0.5811889968749999 0.1752888000000894 0.5811889968749999