63 0.7568350121443927 0.4747152790164384 0.7585914833257448 0.5078033650328834 0.5161317822966112 0.5206706308853755 0.5143759493063271 0.4875831478914698
62 0.5193607033406806 0.484666449762532 0.5178119493510849 0.4545648138614166 0.7731637382005374 0.44142589000632954 0.7747130045434005 0.4715269672988216
61 0.7798433947555168 0.4152900476819967 0.7802698130977888 0.4487674863343191 0.4989285426875085 0.452347252434771 0.49850275240976316 0.41887039853563257
60 0.5047444378816408 0.41575283879127195 0.5049504681117014 0.37858668870872975 0.765906247240423 0.3800311257650014 0.7657008089295232 0.4171967066923476
59 0.7405782840891106 0.357749328673011 0.7375711444527724 0.39472079115335057 0.5007256255963739 0.3754554927689467 0.5037332094292424 0.33848451722009454
54 0.7344051713938597 0.3038120683486888 0.7310964156512227 0.3540897874421272 0.5252059865531464 0.3405393897429353 0.5285152125210288 0.29026218114804037
43 0.7616066088729667 0.2233532917921378 0.7647026638412626 0.28351127349860133 0.5503424562732562 0.2945419689772313 0.5472469367174426 0.2343844922743925
0 0.5957590334115821 0.23188785645273802 0.5984871042655868 0.17646771814997783 0.7794582217204606 0.1853757311277167 0.7767304875259242 0.2407955293701418
64 0.7505407423407178 0.5149014563389024 0.7512379538000005 0.5565361998143741 0.5087078917343888 0.5605944725349402 0.5080115186318608 0.5189605567263251
33 0.7383395144155429 0.5391687778841772 0.7434992453404448 0.5703454016594149 0.5153083261110396 0.6081047260986073 0.5101493025642867 0.5769287309834025
34 0.6790649566203228 0.5436656776754164 0.6804681010099785 0.5546117147286087 0.5709530154664435 0.5686481508624036 0.5695499837486295 0.5577022146162056
35 0.5177405437531206 0.6318783598478178 0.5169509558002119 0.5946901095937931 0.7482423296393108 0.5897774872991592 0.7490327020732366 0.6269649463589605
36 0.5285740580233096 0.6689494645819364 0.5268358397876227 0.6341280514992399 0.7786554105028927 0.6215567364111066 0.7803944471219211 0.6563772788068564
37 0.5411254462785564 0.7200074273194285 0.5417459572261123 0.6631704780878013 0.7660439056093082 0.6656173836638904 0.7654247562639966 0.7224529606079177
38 0.7664473385592601 0.7094899292407836 0.7702521963532263 0.7643634399332292 0.559302057523837 0.7789850599146169 0.5554985992340562 0.7241128785750394
39 0.7733896405196674 0.754933296113087 0.7802440596967699 0.804364084110631 0.596685899753993 0.8298099005663365 0.5898327084335051 0.7803802151920682
48 0.4862267346286444 0.5052479720686928 0.48632389386466457 0.529849217603776 0.28578245153880744 0.5306392730968391 0.28568568255627724 0.506038412692853
47 0.26066400984154825 0.5528631353388848 0.26149512342988146 0.5208773793430712 0.4704332367397228 0.5263045586719768 0.46960268643749714 0.5582897599129725
46 0.49576874108890934 0.5409242347667615 0.5009010902302862 0.5738273573918846 0.2349618573641692 0.6153024032779278 0.2298303860093256 0.5824000766611427
45 0.26413145908202296 0.6341540496636929 0.261095111113832 0.5995823658757617 0.49446106114896793 0.5790862494709614 0.49749808662909345 0.6136571945378007
44 0.2489442931348549 0.6790555785695355 0.2449450015626553 0.6426888227269306 0.5016934591131985 0.6144543060591853 0.5056935607484547 0.6508201520689691
42 0.5189812852376008 0.6419911241703238 0.5339921590267522 0.7050051692060114 0.3177701423716144 0.7565012102813183 0.3027609817660277 0.693488635637911
41 0.3302873785838756 0.8141063965788253 0.3167607259945271 0.7464859811848162 0.5437215742330181 0.7010907571452872 0.5572495814670901 0.7687093837118208
40 0.40027866006869317 0.8696550645249166 0.3877484136446583 0.802413057910087 0.581612431855433 0.7662929564548102 0.5941439442373166 0.8335333239761296
49 0.29107444004455374 0.5054362924712977 0.29074018165965754 0.4854317347247218 0.4861290073413329 0.48216562555021547 0.4864635548467504 0.5021698971052193
50 0.26285654333958064 0.4948950044090936 0.26128672797369745 0.46765736961187626 0.4928971327833551 0.4543078579209716 0.4944673765309062 0.48154503779659974
51 0.4943832281057894 0.42221109989324856 0.4908624129012651 0.46664372915418606 0.2457520566539415 0.44722000109383353 0.2492735326273987 0.4027880872830694
52 0.49039460794983825 0.382448610638039 0.489260793905828 0.42481950413010944 0.2609547711711002 0.4187085966392856 0.26208915743973193 0.37633828998789204
53 0.5010450473885157 0.35655571882342596 0.493851140691163 0.4008044470851388 0.23190254732401172 0.3582168024106013 0.23909695819259014 0.31396872984240504
56 0.5221202514774177 0.2981499018868768 0.5056645664145663 0.36244995758566145 0.28164142318519225 0.30511816502775985 0.2980975382414499 0.2408188146469672
55 0.5578356199822565 0.2323497291509217 0.540175847876867 0.30366142448530287 0.32567323953333016 0.250541514184655 0.3433333785844752 0.17923042809277004
57 0.6030416151927511 0.1647980610440098 0.5889542224167599 0.23697177423841187 0.3833762278110271 0.19684522592827502 0.3974639222006999 0.12467194412321461