63 0.5510204044074953 0.4947257706940343 0.5512774458974263 0.5323213659770636 0.27520211006219597 0.5342052586673993 0.2749458869557202 0.4966104715674199
62 0.5417539143948034 0.5324694041644137 0.54099782365995 0.5608038224626335 0.2747525321104831 0.5536966940979653 0.27550922924353927 0.525362903724399
61 0.24475881904220387 0.5816095483224594 0.24669079586396947 0.5468469333403994 0.5369439533536706 0.5629724569017439 0.5350128991435668 0.5977342243367597
60 0.23598535359303696 0.6107452436947263 0.23876832700057093 0.5755709805760413 0.5279039573462114 0.5984402461659027 0.5251219835297434 0.633613611316659
59 0.5172389372755788 0.6349365087325138 0.512247333720893 0.6724143332932716 0.24686366882087896 0.637069657795697 0.25185608180095187 0.5995928423070402
54 0.49963915391106184 0.6734028086245762 0.48903161146381535 0.7286325229786902 0.24668613345738777 0.6820903747123926 0.2572947287253555 0.6268620913831647
43 0.42866769665977245 0.7149558362240038 0.41071742591464044 0.7728780739571327 0.19349821375215015 0.7055690510504816 0.2114492597793287 0.647648274575654
0 0.19762256898775377 0.7815680802189806 0.18968861160328743 0.723506305453605 0.3005954890701332 0.7083534029804535 0.30853006226720936 0.7664144423389391
64 0.5501326743520849 0.45755854619540626 0.5501331288924121 0.49372172606478276 0.26264394664212887 0.4937226717866354 0.262644243276668 0.45756027944168803
33 0.5474711118027926 0.42842741153189623 0.5474714576728275 0.4555499491672869 0.28216494451339713 0.45555100486729627 0.2821650830251201 0.4284289634533296
34 0.2229250851943334 0.42801896486244284 0.22269201429196528 0.39333979811359576 0.5500137537006822 0.3911360277725838 0.5502475294731539 0.4258145421184612
35 0.5380792274726218 0.3565765855304676 0.5394747757330833 0.39042719171856893 0.2950951410761036 0.4005000385706344 0.2937000890624404 0.3666499250000546
36 0.5246197671849586 0.3212818317799559 0.5277728391282608 0.35520388115304874 0.2865466203908227 0.3776236556670799 0.28339402255664936 0.3437020576168924
37 0.23661146476615613 0.3506219543075956 0.23095770994586928 0.2988035698516359 0.5065992464893725 0.26872749083158337 0.5122536127171315 0.3205453148783737
38 0.47748842573491856 0.2199913452975653 0.4840474733995279 0.2763980441272898 0.25090504506590605 0.303506323090882 0.24434657533709014 0.2471001562693251
48 0.7630878581949219 0.46559239741862984 0.7629754140101568 0.487239015318679 0.5669709223552672 0.48621899225648296 0.5670836727014148 0.46457266982365497
47 0.5616679988767146 0.4640883871333027 0.5616681654305467 0.43947754483173607 0.7790593317133698 0.4394779504869762 0.7790595332559178 0.46408841127932426
46 0.8336113046229912 0.3962609656224332 0.834988183762789 0.42929727591141614 0.5513814913700799 0.44111347952543745 0.5500052327494132 0.4080777473000849
45 0.545470412527493 0.40983575385238924 0.5411305186847812 0.37405575921978085 0.7804128960242451 0.3450329412552662 0.7847532055775446 0.3808123800801776
44 0.7628466862182677 0.30485748122855844 0.7680659523861095 0.3400070420796036 0.5349131421966149 0.3746239770157405 0.5296943481545213 0.33947481726234785
42 0.7461474378150115 0.2289132434138423 0.7616431020112486 0.29414271384166624 0.5253293502660199 0.35027751475614954 0.5098345024928221 0.2850487563205984
41 0.6659154199517161 0.15949130546461654 0.6899869690109881 0.22422266699262405 0.4926881767408986 0.29758969191821066 0.4686171736146889 0.23285878666503726
49 0.5661047031249999 0.4881968859375 0.7781721390625 0.4881968859375 0.7781721390625 0.5097940734375 0.5661047031249999 0.5097940734375
50 0.560780834375 0.5113008531250001 0.802129546875 0.5113008531250001 0.802129546875 0.53490708125 0.560780834375 0.53490708125
51 0.5456359248248646 0.5655658605862771 0.5484555945570264 0.527721567909344 0.8271706535233534 0.5484841784976506 0.8243519466169573 0.5863275300246203
52 0.7914428599132179 0.592104255597237 0.7870479592361335 0.6304106251520829 0.5355726463859583 0.6015576816651336 0.5399683168552656 0.5632521433898731
53 0.7488166118355366 0.6375241588783143 0.7414400124154099 0.6771200555229889 0.5206781194434598 0.6359946483248194 0.5280553801472934 0.596399586906795
56 0.7593196201398769 0.691428737103502 0.7355804892035849 0.769307546389609 0.4974627604151465 0.6967312749274783 0.5212030294911756 0.6188545336827548
55 0.6736617257139415 0.7722887762045508 0.6313426842548324 0.8460304613148985 0.4481900659754956 0.7409386458055368 0.4905091145416236 0.6671987666482415
57 0.5517948150793472 0.7829004412203102 0.564249746850237 0.8368956764958884 0.46296476049190005 0.8602529377118757 0.4505106399143415 0.806258406396446