63 0.21765600613389324 0.5453627279987142 0.2168031435381863 0.5052020047900804 0.5096965635428887 0.49898021404847187 0.5105503426023006 0.5391399679751046
62 0.2615924624717536 0.5747882212333111 0.26221052565028913 0.5381525608924606 0.5026538427147216 0.5422068623836854 0.502036543508666 0.5788417565728388
61 0.19937209044178417 0.6463303836959055 0.19457444107274569 0.6037960343086771 0.48853798508491764 0.5706388955461271 0.49333664840196434 0.6131720695486259
60 0.20471670833705957 0.678545230320258 0.20158780514498176 0.6365186495043947 0.48644279539348645 0.6153101603621577 0.48957278647878866 0.6573355616298557
59 0.41792369062500256 0.6951280761976787 0.4179236907665427 0.6956303358022207 0.41614906879715363 0.6956303360726886 0.4161490687499736 0.695128076562537
54 0.4699666897543011 0.7008681798258602 0.4680456015745449 0.7534870493939797 0.21070059291218968 0.7440889835263252 0.2126231111395782 0.6914716208007026
43 0.4472784777394736 0.7567164612188892 0.4417192261347509 0.8131869437280366 0.21118067611121205 0.7904919810188845 0.21674129360030747 0.734023048882698
0 0.4233993516668306 0.8126975147028183 0.4187264199903211 0.8710793120825113 0.21237681808679554 0.8545632289089075 0.2170511444095382 0.7961829783180335
64 0.2145240878584218 0.4961117265487405 0.2148269437906265 0.4555356549004623 0.5051670058434183 0.4577000677670633 0.5048650131863042 0.49827527589972187
33 0.48742776179778957 0.42198565301468255 0.48941703516629786 0.4553608376715098 0.2586969413462157 0.46910945499169954 0.25670821762889773 0.4357347830169558
34 0.48255639097806124 0.3858894396121288 0.48109102547675775 0.4270093062535031 0.1763421715045297 0.41614664651734584 0.17780827234537355 0.37502755943357935
35 0.47296401430776314 0.34307293322731863 0.4728690123412207 0.38536738151942834 0.2137624622413341 0.38478336493689463 0.21385806852083533 0.3424895325407873
36 0.4698042176036097 0.30385837847801844 0.47066784758862923 0.3407244488587012 0.2057301916175902 0.34692874489006653 0.2048670562227244 0.3100631581559043
37 0.2092579040053124 0.31383362798788006 0.20749537224139658 0.25777506935630534 0.446769308551211 0.2502509884243345 0.44853239793280864 0.30630901361887636
38 0.210259073129464 0.25668355417500593 0.20866318257787952 0.2059212223889887 0.43090573476456484 0.19893348397022617 0.4325020066670504 0.2496954521547248
39 0.2166512559315379 0.22125076429839466 0.20926816913856783 0.16556447896415644 0.4054005002185477 0.13956048441394783 0.4127838385080622 0.19524644970285354
48 0.7095957424627386 0.4536554817763814 0.7132209717237856 0.48075704842654876 0.5233347355804199 0.5061536789404352 0.5197099253620081 0.47905248696468067
47 0.7074405977351717 0.43595482221353843 0.7100534298566572 0.4608250185686848 0.5358891743840104 0.47912002362978157 0.5332766722120823 0.4542501275406271
46 0.7667263537106237 0.3776990837944542 0.7732213424485508 0.4125419036400325 0.5372886760353595 0.45651713207263916 0.530794285584193 0.42167483023918073
45 0.7443611554948575 0.34350406352407137 0.7511586083300017 0.3820978271524578 0.5322446754627208 0.420651376765586 0.5254477838071807 0.3820581056591898
44 0.7271029211286759 0.29024394876521253 0.7380783134518651 0.3294506464338554 0.5241694011695017 0.38932792787946563 0.5131945266153934 0.35012166569215486
42 0.7310415775865522 0.22668725909128476 0.7463635196526184 0.2898434370092209 0.49584743011257615 0.3506162651067397 0.4805263058954097 0.2874607809636407
41 0.6539485359375021 0.18935208427562195 0.653948535976042 0.18985434527560857 0.6521739125128079 0.18985434534927603 0.6521739124999613 0.18935208437502535
40 0.6060337171874153 0.1597187342911549 0.6060337172200434 0.16022099371891668 0.6042590953233002 0.16022099378105176 0.6042590953125 0.15971873437500356
49 0.7011251398635068 0.47748124138430764 0.7051746305352253 0.5032001594000575 0.5298948595416277 0.5307946966895939 0.5258457608774734 0.5050761261784851
50 0.7199129953759211 0.5097310711835187 0.7221136695022778 0.5345772691083832 0.530486833073951 0.5515467904389543 0.5282865746127072 0.5267009760939813
51 0.776099615575049 0.5438371756801621 0.7768964918305983 0.5804081259190896 0.5325966165701175 0.5857277420582125 0.5318005239104195 0.5491575514943258
52 0.5320935750474973 0.6208318387145777 0.5327054699206428 0.5830285885923602 0.7555243604575708 0.5866332561530563 0.7549132526955873 0.6244357182821184
53 0.5197358260776355 0.652636533094662 0.5264965756174433 0.6134016577221096 0.7494088520536479 0.6518060255924675 0.7426490996571147 0.6910400146691001
56 0.49093047164387826 0.7120412702760991 0.5052268931124217 0.6475115164168362 0.7455573748767392 0.7007462966683623 0.7312629193615976 0.7652743404797338
55 0.6601597156250136 0.8091411339502775 0.6601597157897459 0.8096433951550416 0.6583850938050091 0.8096433954698647 0.6583850937499847 0.8091411343749614
57 0.46843013341708684 0.8432266833505951 0.4985894653084415 0.7726489311239478 0.6410026515591198 0.8334922423500266 0.6108449703724546 0.9040685935138894