63 0.464590444777059 0.31322092697441345 0.5114588370203137 0.3162240936868142 0.49638566778344284 0.5514485608071135 0.44951728012233616 0.5484454415578915
62 0.44751397291690864 0.5350488015625 0.40733298483735325 0.5350488015625 0.4073336757180641 0.3096716953124999 0.44751345053919067 0.3096716953124999
61 0.36765773234446897 0.308873862685813 0.4006864521940088 0.30768420103669375 0.409226121049187 0.5447600016426434 0.37619740215950515 0.545949644531003
60 0.3545956814429019 0.4924578530704248 0.3532006382632744 0.49285265465700506 0.3526983774962673 0.49107803121951193 0.35409342031255164 0.4906832296874968
59 0.32245110303540514 0.532386874789074 0.2874213663644696 0.5287564884060272 0.3100400591781636 0.3105268367967353 0.3450688380463589 0.3141571738434126
54 0.2916072997940091 0.4991139999280375 0.23787900878028267 0.5020412885475715 0.2280409929170446 0.32147205963821285 0.28176795624995066 0.31854480937500007
43 0.20468195704472691 0.2836357592095239 0.25058522956339857 0.2898714813750241 0.22376373298379804 0.48730548327487383 0.17786047529250482 0.4810698345020359
64 0.5113007620429926 0.3362910340009046 0.5553301363021319 0.3379825097562605 0.5473427222660803 0.5458848463747701 0.5033133495492166 0.5441933944860058
33 0.5444500249999464 0.32564330156250115 0.5833361060384732 0.3239207825757115 0.5923766766703693 0.5280024418866373 0.5534905970633872 0.5297249377182387
35 0.645307852414021 0.5482789394881948 0.6003459260197133 0.5513636641652201 0.5835197730998516 0.30611256337880016 0.6284802808874019 0.303027887172527
36 0.6888110178200577 0.5155200745410331 0.6496416960754914 0.5217800096497667 0.6192822156168631 0.3318248861553056 0.6584505743887803 0.32556502992478964
37 0.7503899074930587 0.48100685292479595 0.6897373942841796 0.4903696472919084 0.6654634344857868 0.3331257924980989 0.7261147515366702 0.32376309299811934
38 0.7475754069436107 0.33164061830944325 0.8021713855158623 0.32866209020030007 0.8101362898702291 0.4746508929482386 0.7555403138750307 0.47762939402133386
48 0.48367677914131946 0.7453416454048064 0.4513745809754255 0.7412550301108565 0.4706573471557931 0.5888620911291479 0.5029585478931722 0.5929486425322478
47 0.5244157618672034 0.7318910058027891 0.5004206735131902 0.7321488664192529 0.49885665212821095 0.5866034173296272 0.5228510388692484 0.5863455604844842
46 0.6027136533884914 0.7613129456749523 0.5573944345629798 0.7699043304019513 0.522721212107399 0.5870263819176685 0.5680388259385154 0.5784351484997301
45 0.6350569369758432 0.7553983431098266 0.592062894296987 0.759174250900002 0.5753713919370966 0.569133654603113 0.6183638481306843 0.5653578151599
44 0.6913580426571571 0.7869573703392402 0.6495011957892984 0.7898941339540327 0.6334634590421047 0.5613304240791608 0.6753184055660313 0.5583937259237981
42 0.6759186247138587 0.5469919245645309 0.7428052339757869 0.5339908826113221 0.7859451487153137 0.7559075901584955 0.7190586223528044 0.7689083442179918
41 0.751352919760393 0.523363726166043 0.8155340009666361 0.5112550984536537 0.8546492853342897 0.7185617806209259 0.7904682746434446 0.7306701707613587
40 0.9133446821774669 0.6307464231485098 0.8431747449748173 0.6645783269971294 0.7852932544803934 0.5445394564935157 0.8554617778750071 0.5107079562299974
49 0.4389753890625343 0.5891748000000004 0.4620522251486818 0.5883832300456052 0.46757309590827845 0.7493140835420088 0.4444962605186902 0.7501056406100627
50 0.42943244531147684 0.5865125653098001 0.42943302097864944 0.755102128896761 0.4043195785610578 0.755101990110968 0.4043194375000212 0.5865128656249645
51 0.36361608944753243 0.5724652798478916 0.3952495013859334 0.5741840207383988 0.3834882009663261 0.7906220423634865 0.3518547922323023 0.7889033402491307
52 0.3128683995797701 0.5798641732636797 0.35056011511528595 0.5817372360808891 0.339572249401499 0.8028168506678001 0.3018805370946893 0.8009438312097049
56 0.26418829643148456 0.5306120933493386 0.3221736456977169 0.5465299519456434 0.2605113432231292 0.771124828013876 0.20252614109915612 0.7552073400507225
55 0.1990192830221531 0.5221091363016411 0.25387279677113384 0.5327102850484052 0.21378069189586313 0.7401355357259641 0.15892723750653204 0.7295345998877166
57 0.14745630422032718 0.4951361535452662 0.2035307222213305 0.5076916638857737 0.16389570297201317 0.6846890209396561 0.10782135237468538 0.6721337123571836