63 0.4701326409192461 0.4790825971987791 0.47052051703451525 0.5216847409209086 0.1918724060550403 0.5242180714280011 0.1914854457884303 0.481616833289629
62 0.4539377215841114 0.5187909290462741 0.454437651356443 0.5511180927606746 0.18224515586746293 0.5553238837043608 0.1817459558834571 0.5229974454151347
61 0.13977261142304087 0.6072502189853337 0.13783539947064583 0.5653021950934359 0.4596772189310059 0.5504361466630854 0.4616155647248661 0.5923830038954598
60 0.1982127822855091 0.6305593393928524 0.19746088137685547 0.5980778633340834 0.4592398091083396 0.5920162806488469 0.4599924835187039 0.6244969510561081
59 0.45692433430735946 0.6267688690527564 0.45708265266466697 0.6598889634841716 0.1934848506267599 0.6611451017305733 0.1933273937506783 0.628025868320089
54 0.4640628524202839 0.6619780018524223 0.46406430181787073 0.7277747104158572 0.2067434300113291 0.7277755613456357 0.206743774305437 0.6619806194920118
43 0.26264418749999996 0.7553992968750001 0.26796805625000003 0.7553992968750001 0.26796805625000003 0.7564038171874999 0.26264418749999996 0.7564038171874999
0 0.45534502545035593 0.7957294572138982 0.4504580002576404 0.8615225954830472 0.2185809224845343 0.8442985707891958 0.22346969318937226 0.7785073518502462
64 0.1764283162386846 0.4840259968883419 0.17535488805549448 0.43911612968922403 0.47572903642026176 0.43193369331581977 0.4768033828396483 0.47684266673150266
33 0.45629399381107305 0.40605239155515244 0.4559361799099406 0.43564264533348224 0.20649814255318688 0.4326247557191823 0.20685642131581972 0.4030349950279111
34 0.46962555484697077 0.3668769616558113 0.4691571469638802 0.4050139404087572 0.15756607118703414 0.40118428427399916 0.15803516439609666 0.36304802802017494
35 0.4701659089121222 0.3298454290855452 0.4683871451759387 0.3714961483823621 0.19604998699878706 0.3598640054143965 0.1978293173607426 0.31821390837810326
36 0.4634880127290444 0.29422412115765956 0.46280113856471417 0.3310007694624442 0.19660652562527048 0.326027504567892 0.19729385184257353 0.2892513336090526
37 0.4606877765019135 0.23456452529663827 0.4597094092008547 0.29411686921765895 0.20990134496003066 0.29001134657582756 0.21088029728696256 0.23045959040442637
38 0.19263102913134844 0.23281868485714288 0.19244682831515547 0.1763535553749709 0.447052986242511 0.17552209193697987 0.4472376328367318 0.23198679289998755
39 0.17523579951694046 0.17911562197512265 0.17428489499593525 0.11591914912449071 0.45644629827222616 0.11167285532291987 0.4573975956607228 0.17486892784971825
48 0.686504536371217 0.44861704765534377 0.6886576099736885 0.47541719806267146 0.48480164729539865 0.4917919579607107 0.4826489934150686 0.46499220304465916
47 0.6846891559658843 0.42124341619315114 0.6862123086269776 0.4535259479756611 0.4760550463955724 0.4634390513190138 0.4745323691950034 0.4311569648107472
46 0.7383236087468958 0.37654630968815866 0.7407216339009892 0.4143085783889568 0.46334000936087705 0.43191994389946936 0.46094266739305567 0.3941583357798413
45 0.6995977569116576 0.33748686954738855 0.7026132732845554 0.37778583016266615 0.4797029544861289 0.3944633441343833 0.4766879707906355 0.3541648671872218
44 0.7103207019673619 0.2876373695197652 0.7153293931870621 0.32492404886716475 0.48481685521312556 0.3558859499872509 0.4798086313794556 0.31859968132758976
42 0.47588225338006396 0.31726259853591426 0.46740578001720223 0.25174519012812496 0.7205406261696226 0.21899499119481555 0.7290176757024938 0.2845117081375747
41 0.5953859812499331 0.1988950280206319 0.5953859812905193 0.19939728746134255 0.5936113578260347 0.19939728753872735 0.593611357812506 0.19889502812504253
49 0.6762223790279904 0.4810321424072615 0.6776096904558244 0.5083916832256211 0.4864923013860789 0.5180802070822297 0.48510540692211634 0.49072106204982896
50 0.6989590377186232 0.5079854832949563 0.700382549623896 0.5363058354874096 0.5014453121016231 0.546302611441165 0.5000222725689127 0.5179827078631153
51 0.46972533684197515 0.5799922057230844 0.47067797484783114 0.5410300600145923 0.7391111119770812 0.5475905112434616 0.7381593951819241 0.5865517390470747
52 0.4787332019003543 0.6114312686389505 0.4833101403182809 0.5732579665220797 0.7180401291681164 0.6013969631489464 0.7134641074096635 0.6395694236317495
53 0.7287626341408213 0.641517025913698 0.7241927692065246 0.6818844642658124 0.47535207121620715 0.6537140914383005 0.47992280137054877 0.6133476486822319
56 0.4699778811207125 0.7242303614224798 0.4799395712880141 0.653590742429358 0.7369614351341625 0.6898289720328502 0.727001943674054 0.7604665942442997
55 0.5962732921874476 0.7825213449017843 0.5962732923468366 0.7830236060977834 0.5944986688031122 0.7830236064022547 0.5944986687500204 0.7825213453124996