55 0.5082819172482687 0.4795146817812149 0.46587665861500227 0.47888304942277427 0.4695492363479161 0.23236990606344765 0.511953320887983 0.23300152947425412
56 0.4423123876996442 0.21796357345848083 0.4774688992093843 0.21939961368304833 0.4674279235787253 0.46521069996721387 0.4322714132448482 0.46377467835543423
53 0.3970166011256424 0.22273654431332313 0.4377614571776576 0.222471455064692 0.43926889527529056 0.4541610400996662 0.39852403926670377 0.45442612610197824
52 0.40109401066024475 0.4580397698836547 0.3695488768976247 0.45904899033831315 0.36212200856323307 0.22690741954905827 0.39366631703524035 0.22589821296298548
51 0.36856284879513623 0.45712985498235037 0.3331010158535719 0.4568586107513943 0.3347311316124433 0.24380491959365524 0.37019209854668134 0.24407616036095336
47 0.3370161316912572 0.2599818406733209 0.3370166142896096 0.46938786561267937 0.2782520590179729 0.46938762224817293 0.2782522756115213 0.2599823265473896
35 0.2764756617924604 0.4744767302153962 0.22796401622701978 0.47515471867283376 0.22463803353389267 0.23713499731118154 0.27314841389693356 0.23645701776004163
0 0.22401726342570782 0.46293461209397746 0.17843847757933418 0.4593936282856489 0.19420022743531717 0.2565263515296718 0.23977799306362613 0.26006729532684153
57 0.5139267669648007 0.22955690408141213 0.5553836243335581 0.23016639564601815 0.551753189986357 0.47709573023833785 0.5102963328125725 0.4764862468750003
43 0.5822747423686678 0.46122074416928516 0.5513002262729287 0.46172166760656397 0.5474250039612798 0.2220884116587443 0.578398722692782 0.22158749480499604
54 0.6110970530125996 0.46442011243631454 0.5745939266039386 0.46208442899737134 0.5899683901980097 0.22182291223769887 0.6264706188962919 0.22415856724903768
59 0.6491391889666147 0.4714339924629732 0.6106048672730822 0.47023884445832953 0.6176121778593142 0.24433195053499676 0.6561455045501816 0.24552708262236553
60 0.6861661357972935 0.4763884038500892 0.6513598336736095 0.4766476275881996 0.6497475395538004 0.26011449620640803 0.6845529476382808 0.25985527591836655
61 0.6829961094069859 0.267948764701479 0.7344465324775911 0.26660467379245706 0.7399063224370366 0.4755920125007637 0.6884559000500303 0.47693608740743026
40 0.5256258001383003 0.678747127934762 0.5038101551821228 0.6789210352768601 0.5023670182805517 0.49786094853605833 0.5241819741795553 0.4976870438905974
39 0.5248618781249661 0.4942324750000011 0.5535983573203112 0.493514913933893 0.5587478723360846 0.6997191737270425 0.5300113937106516 0.7004367213564269
38 0.5529884484375 0.496894409375 0.5831240578125 0.496894409375 0.5831240578125 0.7346938781250001 0.5529884484375 0.7346938781250001
37 0.623992860501744 0.7399091562115377 0.5872930102203782 0.7405026328024882 0.5833721498663635 0.498029500443692 0.6200704150830916 0.49743603617233906
36 0.6598519425784843 0.7183186817454833 0.6288413261358983 0.7200063315121783 0.6175816168802157 0.5131228219598041 0.6485910744080456 0.5114352030100753
34 0.736452090506873 0.7059501390495682 0.6829434087590016 0.7166908498321469 0.6404485322801747 0.5050077525471246 0.6939551911157196 0.49426724809189204
33 0.7463586141185488 0.6202307015625 0.7458563530689162 0.6202307015625 0.7458563531810114 0.618456078125 0.7463586140625011 0.618456078125
41 0.5012556412541471 0.4924577032094395 0.5012557999468754 0.681455355956323 0.47815151034535575 0.6814551379617081 0.478151739003124 0.4924578675927265
42 0.4752744464976786 0.6958033467544424 0.4497261527711771 0.6954418438737283 0.45267835573986304 0.48686592658688815 0.4782256894558259 0.48722742267361363
44 0.41831579927816165 0.49435757956102694 0.45547196093889397 0.4960593915811249 0.44410645109417146 0.7441798953647892 0.4069502920222021 0.7424781227063024
45 0.3916318142186128 0.49250791380540326 0.42432720686247194 0.49734778449445105 0.38952114476842326 0.7324532939447964 0.3568257764866303 0.7276135292535246
46 0.35339295240055435 0.490600087221282 0.3889663431482404 0.49366930140547466 0.36855615756098814 0.7302071570493619 0.3329827754497501 0.7271380096760024
48 0.2986789951486344 0.48925495371129024 0.35693980012251814 0.498022771128219 0.32406653432053645 0.7164381607687983 0.2658057705361898 0.7076705209888007
49 0.24309392187499998 0.6273291921874999 0.24409844375 0.6273291921874999 0.24409844375 0.629103815625 0.24309392187499998 0.629103815625