55 0.5143514694321993 0.5224249331336828 0.4727209240410275 0.5227874465745739 0.4706043459574403 0.27967379681467 0.5122336753546506 0.2793112886092959
56 0.47026421421253417 0.5171270205364594 0.43239089199141745 0.5154120860090843 0.4436272167001789 0.2672917175088244 0.4814993694249097 0.2690066248039832
53 0.4344553885684945 0.5119787046875001 0.38523327726329626 0.5119787046875001 0.3852339918172447 0.23691215625 0.43445450252158935 0.23691215625
52 0.3527817465976568 0.26328563214052897 0.3947911564273454 0.26445330762626945 0.38794093683407027 0.5108935913438654 0.3459315273013317 0.5097259327367462
51 0.31755804384761177 0.284533873967501 0.3560732429897371 0.2864480464057768 0.345344187869955 0.5023189532466198 0.30682899056284896 0.5004048057893739
47 0.3073829033794482 0.3025730262510443 0.30738333613987834 0.4986692521916026 0.24811642319218663 0.49866893556997516 0.24811670464430335 0.30257343051973096
35 0.24402647417571188 0.4872613498543773 0.18593789753515466 0.48445769085358803 0.19429997611098315 0.31122949357134627 0.25238729921989034 0.3140331217729357
0 0.2048789561213198 0.3828291042852791 0.15029362262919221 0.3728330562483283 0.18111069610893082 0.20455801841962265 0.23569520409216693 0.2145539883256122
57 0.5585134900287585 0.52085181875 0.5148165861337475 0.52085181875 0.5148172394115136 0.27950310624999997 0.5585127778945207 0.2795031062499999
43 0.5495087076715208 0.2742439766176639 0.5830502146922072 0.27218827431527515 0.5979201367954374 0.5148004580640065 0.5643786324146731 0.5168561298904024
54 0.6339532111742301 0.5183541457249919 0.5944305614727909 0.5176439774998786 0.5994990287000519 0.23562415483542393 0.639020302013023 0.2363343101138745
59 0.678008866270261 0.5031873860126561 0.639363626823183 0.5069178211310095 0.6178759163387895 0.28432295859859585 0.6565201433763832 0.2805925721271202
60 0.668657610112291 0.2925953683492153 0.7044302704963457 0.29132986927470456 0.7118361975269636 0.5006688344452629 0.6760635380804842 0.5019343173530155
61 0.7679559958816071 0.4906832296875 0.7132093179250205 0.4906832296875 0.7132098960101985 0.3007985796874999 0.7679552663388449 0.3007985796874999
62 0.787543953507452 0.360248446875 0.7830236038356588 0.360248446875 0.7830236122857741 0.32919254687500005 0.7875439471699792 0.32919254687500005
63 0.8555242150489448 0.3802419855993598 0.8075978911386983 0.3864073584358229 0.7854724182153632 0.21441879421634077 0.8333979783492396 0.20825347201542393
40 0.5527720306505444 0.6730778581526383 0.5253656499678527 0.6769140574826726 0.506143413321297 0.5396011864485141 0.5335491046772631 0.5357650359640813
39 0.5364332232252309 0.5358169689808313 0.5699897667285541 0.5321409827940902 0.5877397999740879 0.6941561883310513 0.5541832660608179 0.6978321184463968
38 0.630540427953747 0.7424225913229938 0.5900745762162387 0.7471237082408122 0.5657500912594742 0.5377674748672032 0.6062143360036316 0.5330664507629633
37 0.6661141586946542 0.7049807230206802 0.627566487067611 0.7090065569400203 0.6089059149115883 0.5303458797170892 0.6474523141296231 0.526320112099026
36 0.7110913949480846 0.7339906279628577 0.6706950966873819 0.7380943674731749 0.648696990746771 0.5215689256687668 0.6890916763017003 0.5174652668326001
34 0.7829771285303195 0.7231503617597491 0.7199943590135263 0.7318530324627516 0.688689500927012 0.5053138878954191 0.7516697217093906 0.496611391002214
33 0.853145206768545 0.7079733002410689 0.7924945267808425 0.7203451909540526 0.7482725298925743 0.5035753730598728 0.8089208729194297 0.49120372393712614
64 0.8988984881441411 0.6620879092166673 0.8331918978414024 0.6703521824387345 0.8113212142873181 0.4964765148411648 0.8770258254531882 0.4882123663762253
41 0.5236899430360609 0.6672986204105392 0.4957593227176176 0.6705097020519072 0.4802405987603606 0.5355381566629809 0.5081705361136528 0.5323271144777101
42 0.503663418876954 0.6892017677197089 0.46658833620858786 0.6949649690783658 0.4420654069012926 0.5372230392153599 0.47913939414365814 0.5314599250297684
44 0.4347279496705596 0.7444392175775241 0.389257190043395 0.7401808398594374 0.40989821938512705 0.5198156168901181 0.4553670793490028 0.5240739058676497
45 0.36119370370602155 0.5203964433736735 0.40798148653766475 0.5211988946919636 0.4047638212946367 0.7087885079666636 0.35797603863545646 0.707986070597355
46 0.3418336120485037 0.7329630509198077 0.3028541536132252 0.7285507066201611 0.32731481024632103 0.5124966388772868 0.36629264761415925 0.516908889470713
48 0.25759209614625433 0.4936907105829689 0.32801969378510876 0.5015727921182452 0.30221471922823184 0.7321200506118887 0.23178714977632353 0.7242381383353759
49 0.17729784068740173 0.6903283046874998 0.17679557962503623 0.6903283046874998 0.17679557974986437 0.6885536828125001 0.17729784062498766 0.6885536828125001
50 0.10597689531255128 0.6353149953124981 0.10545954646704558 0.6344365702340379 0.10696632780638993 0.6335492595900014 0.10748367664791658 0.6344276845199499