63 0.5019276377615824 0.5056201849578539 0.501191342055904 0.4748228419438231 0.7528754505400457 0.46880466239107604 0.7536123057526538 0.4996014021310567
62 0.48602001948722773 0.4789527907789566 0.48527849567631165 0.4453568772337512 0.7528164500647563 0.43945089618497873 0.7535585865117582 0.47304613712154553
61 0.794681990949357 0.42093068807304695 0.7931729190067927 0.45744059472413984 0.4772481256352421 0.44437906862708004 0.47875792636727965 0.4078698980213837
60 0.7662883653879362 0.3839343948094859 0.7650409626379542 0.4206782149872527 0.4924386400691674 0.4114210404382054 0.4936866311314816 0.37467778966619686
59 0.7598489235962234 0.34550343202662537 0.7565859880540984 0.39080106977232126 0.5035848758159318 0.3725746691095908 0.506848394768781 0.3272776042354903
54 0.5138521740926763 0.32536388368636365 0.5200634044808794 0.26109896712748004 0.7339595732436237 0.28177113444007323 0.7277490357872693 0.34603538563269026
43 0.5381902226469037 0.26723345570972623 0.5365476020102733 0.2051845006422802 0.746360495203021 0.19962988534115247 0.7480035708027799 0.26167833401199514
0 0.6644460078078964 0.21906720851472442 0.6867313452754615 0.1607167525650081 0.8144355398696916 0.20948910892961348 0.792150515118351 0.2678392967447926
64 0.49406948028024544 0.5364120399123103 0.4944236553767496 0.5047658979726257 0.7580172485397725 0.5077140097751317 0.7576637442745096 0.5393594610090784
33 0.487133886825859 0.5670517449713788 0.48713409405058883 0.5369160786446621 0.7497779830497393 0.5369166194336108 0.7497784413232012 0.5670515737568926
34 0.4731634536299225 0.603984253687717 0.47279619132461903 0.5677095496099877 0.7867289840173726 0.5645283657778727 0.7870972500553535 0.6008020231412152
35 0.760923460137974 0.5952211889948337 0.7625761133349442 0.6335139524989104 0.4799626603584102 0.645704225922591 0.47831106944806834 0.6074124410648327
36 0.4881098112118707 0.6879520626845591 0.4852559603136797 0.6472455227752416 0.7320245865563493 0.6299453596157449 0.7348793687376656 0.6706508623384463
37 0.5056606960525869 0.7563593044491377 0.49934648512419244 0.6875723747908484 0.699036783842871 0.6692439290396026 0.7053523343382722 0.738029323467317
38 0.7585682886062841 0.7508568896669715 0.758928803367553 0.8142163478468686 0.5344107666202262 0.8154886310355829 0.5340519566539115 0.7521308062674189
39 0.7908185997792998 0.7608530765217145 0.8025324179330937 0.8248001139915896 0.6731515556189152 0.8484935237863266 0.6614388961212398 0.7845474952980128
48 0.4627355147463277 0.5003054524775836 0.46489268392122085 0.5295175625161054 0.27838696382502803 0.5432876724461472 0.27623025774187226 0.514076006525684
47 0.4599359607258293 0.5337507968558988 0.4583256543121479 0.5686102105658744 0.23913444823040209 0.5584838155345724 0.2407453572546956 0.5236250548579935
46 0.45823892699502267 0.5594895520631806 0.46096259826947517 0.5979715733123643 0.1976484368506135 0.6166039470571728 0.19492573784191336 0.5781228795723203
45 0.44758987782245185 0.5991020430899686 0.4513582038146069 0.6399872394504413 0.217473704536701 0.6615392523043913 0.21370637890481703 0.6206550133021117
44 0.4543083456005661 0.6355012796348973 0.46256635549798375 0.6831487698177543 0.2277084903305422 0.7238449267081953 0.21945181901162414 0.6761986489152002
42 0.492928170204209 0.6783640234341869 0.5066737175923208 0.7484991962860698 0.2789075658401998 0.7931272380526364 0.2651641047115163 0.7229939044377308
41 0.34782711201830807 0.8410338779874152 0.33805422900002213 0.7719730116991742 0.545615640135793 0.7426040030946177 0.55538998115901 0.8116631602293263
40 0.5491008375922775 0.813599628521932 0.55779462444616 0.877572889767267 0.407005023197371 0.8980578927555821 0.3983126438021145 0.8340858978634529
49 0.4604902047814221 0.4769912837404489 0.46142867214211947 0.5022672189462785 0.2744557375831391 0.5092077725588969 0.2735176385243676 0.4839322074342226
50 0.4599037820403282 0.44281761590195373 0.4605474769753073 0.4763462161297378 0.25692619692176777 0.4802537974345309 0.2562829921522507 0.44672569412257324
51 0.4603129390449112 0.40205860762885937 0.4611171043218292 0.44110897819400074 0.2098658721128004 0.44628098243245157 0.20906235377481153 0.40723128285620075
52 0.21659789826310316 0.4107190737626224 0.21482194267957766 0.3727731670428194 0.46100805014020807 0.3612497601417386 0.4627845297569593 0.39919513852820165
53 0.2063520036774662 0.3726056554697435 0.20370203219840732 0.32110017749699343 0.43448084770750484 0.3092253897284921 0.4371314105105739 0.36073029350240693
56 0.5079084779903269 0.2872015779148 0.4834620073706901 0.35706392304518436 0.27264186431079906 0.2832939259307008 0.29708862214636156 0.21343233410087423
55 0.5468482865057922 0.20747925412123724 0.5405666583062612 0.2839306116451812 0.33451220053848374 0.2669995949380122 0.3407943401692819 0.1905488638366549
57 0.5455746033491096 0.12741348746788214 0.5444878534126474 0.20038381243862935 0.3807425148739867 0.19794463147687646 0.38182955608021985 0.12497458126784486