63 0.5668738380463765 0.47686490488230315 0.5632367011563701 0.42711611220336315 0.7625258577406839 0.4125458761799637 0.7661636134636183 0.46229399848218816
62 0.7858580225431524 0.3941521167548557 0.7846240995295375 0.4281714824794811 0.5495224106867909 0.4196425127125547 0.5507568106683038 0.3856236416748335
61 0.5614353306177691 0.3882783578345343 0.5602278091471362 0.34559485854870203 0.8059155778871627 0.33864341023558236 0.8071236634659726 0.38132631150016394
60 0.7964049614608939 0.30936478839652387 0.7954261897920105 0.3478109712120639 0.5598016240774086 0.3418108841502146 0.5607808343750094 0.30336514374997187
59 0.7838466619887186 0.26947009862912086 0.7813396690323771 0.30712080883837445 0.5666589057306055 0.29282542147497653 0.5691662188536384 0.2551750641465179
0 0.7650956785527114 0.13778960710460722 0.7708968374122378 0.1901686079056419 0.6020919866090253 0.20886362649643525 0.5962910805874344 0.15648484738878513
64 0.560314674274764 0.525860783355142 0.5608753796930159 0.4793495671007953 0.7705708215172535 0.4818761457518005 0.7700108737645905 0.5283866049255085
33 0.7475339738007278 0.5416678015041917 0.7442664567690827 0.5809974565502055 0.5560889471704513 0.5653631603776677 0.559357033173228 0.5260341241944343
34 0.8247939363402566 0.5803273520328744 0.8226473937348828 0.6201536772685672 0.5433265357356731 0.6050957375928521 0.5454740284201307 0.5652703775097487
35 0.7840728024782493 0.6222747170878191 0.7806834856330624 0.6641912875791093 0.5541597077723281 0.6458734180138741 0.5575498631170603 0.6039577247663166
36 0.544809228125132 0.6885986937500552 0.5434539255006712 0.6543880548509193 0.7715122843535482 0.645352361759942 0.7728683458924479 0.6795622007915716
38 0.5126510096760057 0.7758168440148173 0.5128884792121653 0.7216456166260755 0.7855063644391294 0.7228364346511148 0.7852705882444297 0.7770060065380743
39 0.5756851318628833 0.8288696423195759 0.5705239640357149 0.7775433348963656 0.7517148174468957 0.759325908810653 0.7568769812110077 0.8106510688666744
48 0.519009279721331 0.48918573643562074 0.5168041647793871 0.5210037934463433 0.3489507110774639 0.509370449076491 0.3511562018807126 0.47755279562790426
47 0.3378511731011713 0.546511721066092 0.33840394454705347 0.5178988553935165 0.520157212385925 0.521408769087468 0.5196048722190199 0.5500212095772912
46 0.2695335770275733 0.6012128595196579 0.2680363913183328 0.5623896362518984 0.5217588036847474 0.5526022456233961 0.5232568225056866 0.591424667420424
45 0.506460542529453 0.5953777039359909 0.5085396237757323 0.6308655947266182 0.2911041128435272 0.6436000340813243 0.28902579982786847 0.6081128700504858
44 0.5101319543884983 0.6328853796739691 0.5132291487815337 0.6682007165821044 0.30159932763865527 0.6867562497420792 0.29850294510015374 0.6514416788342977
40 0.4280465765373265 0.8763356440322776 0.4090851386066561 0.8126975199454444 0.5567602467626784 0.7687046205766501 0.5757224050047398 0.832341542447764
49 0.510017783684475 0.45552674555146444 0.5087298694916171 0.48602055623668605 0.33373236074828583 0.4786288035880087 0.3350206374971094 0.4481353774173564
50 0.3308828563149291 0.45260339879167377 0.32919541157923504 0.4207987151208789 0.5081149249000418 0.4113055881979014 0.5098027235436575 0.4431098936510418
51 0.27270010958102375 0.38174274088270105 0.27950813104439476 0.34101018585177706 0.5154651261948402 0.38044485950918483 0.5086577407901132 0.42117685462338555
52 0.3004096085624042 0.35215995020733853 0.3035481387961454 0.3150763043175566 0.5274119733081761 0.3340209970942842 0.5242739098596303 0.37110421061070575
53 0.5221409122258365 0.2961710984193968 0.5157983014805723 0.3365473764959912 0.30025298122268396 0.3026876981035609 0.30659591239441397 0.2623118366873283
55 0.5939559471180473 0.19063789556678923 0.5778928262089948 0.25703192294991295 0.39260791287415486 0.21220461584189318 0.4086712924508902 0.14581096399871188