55 0.37799444418089934 0.5188347428001782 0.3779947840416753 0.4796583844338895 0.6202305235074164 0.47965929008682057 0.6202309052966939 0.5188348924457926
56 0.38536399120653186 0.4772663248510293 0.3865599238356481 0.4448818323473355 0.5993912372572368 0.4527396504544843 0.5981958102654517 0.48512365473794394
53 0.6481493327842145 0.3955248366853534 0.650444507610132 0.4391013082895099 0.3959097298188681 0.45250419880929044 0.3936153062112453 0.40892842643515415
52 0.4019518948497307 0.40582621491552406 0.4019521863525597 0.36715212539050796 0.6131321525496105 0.36715262513813796 0.6131323404661089 0.40582623673616425
51 0.6332810177781312 0.36196789845319977 0.6266390431387663 0.400103636803449 0.4075455267728785 0.3619447319616811 0.414187866639395 0.32380945038307546
47 0.598000450782024 0.2765636250665263 0.5955953420956348 0.336056355148212 0.41954528978476446 0.3289383480816634 0.42195086031767914 0.2694460858938969
35 0.4388005847512204 0.26801062489560057 0.44085582273692125 0.2171859688131759 0.6299031631665457 0.2248299779509217 0.6278482976736086 0.2756542799558286
0 0.45352814681780274 0.21455509593075298 0.45740574738942996 0.1638654459050225 0.61224376870382 0.1757097839351539 0.6083664203414401 0.2263991884245748
57 0.6051466678848101 0.5595178296875 0.3726704908752936 0.5595178296875001 0.37267126340987033 0.5203415375 0.6051459390450873 0.5203415375
43 0.3843342623663375 0.5886903526488264 0.38416886265781613 0.5608178322195307 0.5890736490384825 0.559600279546704 0.5892395454429789 0.5874723051657255
54 0.37976874453136134 0.6263181143481538 0.3797695730726218 0.5901548701169393 0.6042591522218572 0.5901581844853232 0.604259075608411 0.6263206718114389
59 0.3852029933941594 0.6622334093609172 0.38479832931375313 0.6242836026301807 0.5844844962331308 0.6221532388838809 0.584889894477783 0.6601022940884608
60 0.3915766893325099 0.7007526900666324 0.3877774251818664 0.666075410368222 0.6084418742149182 0.6419008950120199 0.6122418233042026 0.6765773705022523
61 0.40945929226870703 0.7552420440303673 0.40626949818999947 0.6995783240059061 0.5983473318385677 0.6885717961497347 0.6015382301137606 0.7442343292345257
62 0.4244244992349877 0.803581838756091 0.4219776340098633 0.7553988506864299 0.6037588168741195 0.7461680097006566 0.6062066589656752 0.7943499511238957
63 0.45388313053717866 0.854663226335854 0.4466816108038074 0.8062486605850284 0.6181455905971234 0.7807477975908926 0.625347966270283 0.8291613162343451
40 0.19886531297674992 0.5484370436043953 0.19809829280347913 0.5235843910101398 0.35304039080801886 0.5188019200702764 0.3538077143874716 0.5436542634166963
39 0.19086024469424956 0.5787739866014591 0.1894976827791197 0.5528905736784895 0.35175481078920257 0.5443486184538913 0.3531177126286593 0.5702316792105425
38 0.34774879070960196 0.5716494196941533 0.3506068048268389 0.6017598475642811 0.15759467463590227 0.6200763621857097 0.15473723377544957 0.5899664684211361
37 0.14500870047641 0.6590012460039808 0.14156084022613413 0.6219195843581511 0.3550047715787059 0.6020737438434358 0.3584533188301293 0.6391546554975467
36 0.1490288156646784 0.7028286767989057 0.14462121970097996 0.6654056411831926 0.35670432941344643 0.6404281739644838 0.3611126336572852 0.677850405250805
34 0.37802954317783133 0.6751761836953232 0.38883001265105577 0.7364924619877924 0.19417088440866337 0.7707723117000923 0.1833719232886324 0.7094573708570713
33 0.22406728989938074 0.8453092693687774 0.20690587580702413 0.7871461654543918 0.3912622862964099 0.73275913828481 0.4084244877475385 0.7909209239687995
64 0.2965418867623839 0.9112705395095253 0.27055518784845844 0.8467053066499702 0.41803076998496635 0.7873602239873767 0.4440179811689404 0.8519241584536963
41 0.21029281250002896 0.5228528374999623 0.20958943861535317 0.4984534251242774 0.3529644187154872 0.4943197121022506 0.3536680553646647 0.5187188615010258
42 0.2050114991029659 0.5096391442620775 0.20182149890365508 0.47743258988246917 0.3567826878118012 0.4620842477379101 0.3599730178390246 0.4942904360579275
44 0.17267764117843853 0.4794427994913688 0.16975930210003298 0.442553754120482 0.35983169723022 0.4275167673161294 0.3627504794575316 0.46440532877793983
45 0.1780581819763256 0.4264167472437661 0.17960960757011435 0.38631955256476974 0.3675157913703515 0.39358874210515576 0.36596485642667176 0.4336854617420231
46 0.16469917337258266 0.3586343929983696 0.17303147373536376 0.3181584750572289 0.38475193073600167 0.36174010646729754 0.37642017709424636 0.4022155528368571
48 0.40048348725724736 0.2931807413519124 0.39233478969777025 0.3602153612857539 0.18832034604474757 0.3354148695011389 0.1964696094420333 0.26838090241349855
49 0.4163183007007092 0.232002553940139 0.39807757461835536 0.29837668908534043 0.21089317617338565 0.24693538974706372 0.22913418834468757 0.18056173550648005
50 0.4535586592036225 0.17531969365878444 0.4245200542728753 0.2418583965346234 0.27303094472301837 0.17574628547902932 0.30206962886813926 0.10920789958806167