63 0.582609550494908 0.5038776326883738 0.5816275459125109 0.5397469188448171 0.39012541896522634 0.5345031672521416 0.3911079511481148 0.4986344419410515
62 0.5694116827000926 0.542368201462792 0.5679494584140912 0.5687198675682822 0.3752712761265684 0.558027731920814 0.37673390019688213 0.5316764964339205
61 0.343637047800712 0.6019489587619344 0.34320033120422977 0.5687347958957483 0.5747812769624261 0.5656882757185789 0.5752186690117469 0.598901747890711
60 0.3833185453125 0.6022099453124999 0.5625554562499999 0.6022099453124999 0.5625554562499999 0.6343545953125 0.3833185453125 0.6343545953125
59 0.3727681673860843 0.6566771742204067 0.37555897150173223 0.62217465166816 0.5534353820748947 0.6365590633055488 0.5506452263082338 0.6710609920636408
54 0.5414540188864976 0.6717447813288181 0.5394717267733995 0.7207786979803961 0.33904927646005945 0.7126750328312633 0.34103256101241186 0.663642166097077
43 0.5146552316557518 0.7233089585274609 0.508480028564918 0.7751255646209072 0.34223018897262136 0.7553142020791879 0.34840623175864494 0.7034985737757173
0 0.4500409329854165 0.7630423677784782 0.438148915991178 0.8197613474246846 0.30028030859125465 0.7908588384448764 0.31217300968353356 0.7341408022733361
64 0.5873581258430249 0.4675211939961428 0.5877444635034408 0.5005836063811628 0.38442500447217753 0.5029575348113966 0.3840391690272327 0.46989562182842637
33 0.3890209343612696 0.469932209219636 0.3883819225154639 0.44226076612245163 0.5846629841071262 0.43772731608378584 0.5853023628983465 0.4653983789561461
34 0.3566992015625 0.40030135624999996 0.592724046875 0.40030135624999996 0.592724046875 0.43847312968749996 0.3566992015625 0.43847312968749996
35 0.5835668633395699 0.36181689706963444 0.5841954900519113 0.39696435537198743 0.4210180642932073 0.39988173073072725 0.4203897748061536 0.36473460041877276
36 0.5752982513776033 0.32490291093215673 0.5785324699307921 0.3585468602517667 0.4098419719218782 0.3747617691748727 0.4066080818546425 0.3411181264784123
37 0.5581883948904078 0.2690387309308821 0.5631003315406815 0.32387384329535834 0.377035120158439 0.3405394183535446 0.3721236920861202 0.28570477765025043
38 0.3598729760783499 0.2896343255427629 0.3530286916239902 0.23320659404905242 0.5323499822189888 0.21145610162806372 0.5391946030048302 0.26788345272690967
39 0.29676390268014075 0.24559527748805324 0.2931899662961541 0.18761765314333442 0.4546348271971965 0.1776654936155497 0.45820904988227085 0.23564281326691786
48 0.7733901670483192 0.4971583918790128 0.7719220496055641 0.52050536634518 0.600432919476134 0.5097211175643868 0.601901323583661 0.4863744460501306
47 0.769028313738545 0.46755794086566815 0.7680447224657883 0.4924688658227275 0.6047166489547635 0.4860190813770698 0.605700524056374 0.4611084439789601
46 0.6064151931889228 0.46398747195337453 0.6040473212357256 0.4341808607425566 0.7943363428587418 0.419064132753817 0.7967045624359343 0.4488703514094705
45 0.768723473155319 0.3684464262683393 0.7753952608456984 0.40616042468157687 0.6109701550933551 0.4352455743592509 0.6042988040463797 0.3975319626786117
44 0.7685549518648713 0.328954304335328 0.775149208656444 0.3658420184684442 0.596231606948777 0.39782394196445087 0.5896377693092063 0.3609365960680783
42 0.7677838204187992 0.2563658093332867 0.7809842143026344 0.31957162312090015 0.5798569252901871 0.36157395800666503 0.5666572230543352 0.29836873457619456
41 0.7030828430800966 0.1822655798249781 0.7259901418589152 0.2479126676120749 0.5606520593014466 0.30560494793166787 0.5377452602099311 0.23995828219870527
40 0.6665188327917804 0.16078647626759407 0.6708706531428561 0.22545059707736134 0.5040003231885066 0.23668001167900163 0.4996488460924411 0.17201620406276816
49 0.7552382138637768 0.5282466476657669 0.7525242218875974 0.5512610391397803 0.5935943219820956 0.5325194312845576 0.5963085707016944 0.5095053331901106
50 0.7663136105195463 0.552573646973947 0.7635825983322775 0.5789105543380161 0.5989069093894841 0.5618345911135737 0.6016382477918114 0.5354980470887424
51 0.5919947926438454 0.5905237383210767 0.594632314474552 0.5612418662108823 0.7960017544830862 0.5793768330359389 0.7933648025273214 0.6086581694044777
52 0.7893494623481274 0.6218259324118878 0.783673028128419 0.6559213059770588 0.591907260541916 0.6239964338780374 0.5975841937798805 0.5899016818538715
53 0.5782094745846962 0.6522444534096579 0.5861858937680609 0.6205437637930731 0.7374379220846095 0.6585956908259865 0.7294620772489679 0.6902958834044002
56 0.5532855340479728 0.709200081133872 0.5662386047173413 0.6522219485466252 0.7446376318021066 0.6927711054875171 0.731685840225623 0.749748130856189
55 0.5105306228434756 0.7565789587894597 0.5391867339811824 0.6922119407469548 0.6888976520172037 0.758851452102559 0.6602429809863679 0.8232172455591833
57 0.4757903905518788 0.8190209951802621 0.48934541574510604 0.7565443509301109 0.6343294671041804 0.7879937626149682 0.620775749075392 0.8504692633976325