63 0.5116515707317149 0.5816704995559103 0.4763009005289405 0.5807470313356341 0.4827055103502289 0.3356227511495796 0.5180549408969455 0.33654620291420884
62 0.4731650753969916 0.5653467988468589 0.44713066982183136 0.5628457560326992 0.4695280362766425 0.3297232364389411 0.4955616057183079 0.3322242384723754
61 0.43207560889868546 0.29422097996798724 0.46757134503491216 0.2968472499217081 0.4474702843540399 0.5685123830600397 0.4119745535840593 0.5658861604592511
60 0.39226360341888267 0.31127928715905795 0.4280408628586656 0.3132612361692639 0.4147493649795706 0.5531810768903364 0.37897210788059965 0.5511991595630484
59 0.36342520202185824 0.2921235536188752 0.40147163303674915 0.29580713443841794 0.3775720724289613 0.5426457917515133 0.33952564936839735 0.5389622690013673
54 0.27864655617520384 0.3152671107651407 0.3378502104309291 0.3120604074920192 0.34944384598634315 0.5260970161593334 0.29024019456824135 0.5293036747349368
43 0.25996339987420924 0.3141319053754459 0.267667561819394 0.31398153452598226 0.26889790865493524 0.37701545233731676 0.26119374672543927 0.37716582269020826
0 0.2312030482788714 0.47562117367506657 0.17882331132977924 0.4657385763662859 0.21395057496511072 0.2795696718070729 0.2663291509941246 0.2894521536767637
64 0.5176962050630891 0.3377723757586943 0.5500980548130201 0.33823086568208555 0.5466414439534901 0.582498198130419 0.5142395943878455 0.5820397160877423
33 0.5489702882252914 0.5696540407392073 0.5489705652736347 0.3451640288090389 0.577599043752798 0.34516434038655286 0.577599223712923 0.5696538747964478
34 0.6110672109573443 0.5590682861581806 0.5788731281249966 0.5609824042342492 0.5629068911973718 0.29244923839658465 0.5950997840949412 0.2905351571616873
35 0.6432842794116596 0.5493952449221317 0.6130624749307572 0.5516399354812318 0.5960064359884427 0.32201127548611613 0.6262273447920279 0.3197666177305156
36 0.6202558460311138 0.3135209085663055 0.6538478684776692 0.3099237609004054 0.6779344879665814 0.5348459569671745 0.6443424734915197 0.5384430515898911
37 0.7241098099922283 0.5114955419218149 0.67226620246106 0.5138649708003116 0.663218834073632 0.3159030162396667 0.7150611148463213 0.31353361824285103
38 0.7124565528300764 0.2823618140827885 0.7586827555828677 0.27962816836510224 0.7711859074830727 0.4910490803322002 0.7249597083634853 0.49378269179351675
39 0.7497145668489793 0.28668700660539537 0.7988435369485387 0.28085628530960455 0.8201148711796122 0.4600791274472347 0.7709859128674452 0.4659097879483034
48 0.5107985937499999 0.5971606031250001 0.532898040625 0.5971606031250001 0.532898040625 0.7675244015625 0.5107985937499999 0.7675244015625
47 0.5315653600550831 0.593918407425341 0.5554893741453952 0.5927625405887718 0.5638528123415654 0.7658452726936527 0.539928799853783 0.7670011188242721
46 0.595384931507283 0.7974116092239875 0.5664136237938919 0.7987193266984919 0.5569041230903622 0.5880622800623144 0.5858741654113828 0.5867545908614057
45 0.5828508062148785 0.5713467286906024 0.6163613615640315 0.5681692204537708 0.6371422514515643 0.7872997933193954 0.6036317068535482 0.7904772294740882
44 0.6141765895235949 0.5599719893454966 0.650006389379655 0.5541136048280916 0.6883613654862302 0.7886624070287754 0.6525315992123524 0.7945206491975068
42 0.7408675289611892 0.7493083466741386 0.6852674382836312 0.7585454012093573 0.6490605175205246 0.5406302543643811 0.7046582868870246 0.5313933944211571
41 0.7924700709984336 0.7270365704710406 0.7365811713406174 0.7351997212900269 0.7052396971474764 0.5206396291762946 0.7611263974528129 0.5124766383120288
40 0.8509921267790332 0.6285537096604796 0.7963101507903048 0.6435689698365696 0.7517649256767527 0.48135942729987174 0.806445421010153 0.4663443828434824
49 0.5147971837187697 0.7648117584696101 0.4944574600103806 0.7655052353699091 0.48848313778660213 0.5902920987307094 0.5088221334416403 0.5895986341695528
50 0.5066300414499665 0.7725276502010482 0.4786414254401734 0.7756619249525135 0.45759663142234785 0.5877586950895257 0.4855841794576463 0.5846244800339421
51 0.46047747261684435 0.810154444430241 0.4263882518517903 0.809697799452509 0.42951376103894745 0.5764709441630386 0.46360134502401706 0.5769275783652185
52 0.4175600986794734 0.8088011379304656 0.3818380615291517 0.8063505198653093 0.39846118447110257 0.5640918902309923 0.43418140478638634 0.5665424455398219
53 0.3613743187693217 0.8071197027815259 0.32624038049289084 0.8006152941946025 0.3729860663953559 0.5481603533486155 0.4081181998341208 0.5546645910918575
56 0.3322960117952789 0.7699492228340926 0.26535871954285994 0.7581917960307009 0.30520944502245584 0.5313551364600849 0.3721437273812853 0.5431122913852309
55 0.3062194875840305 0.5335302022341967 0.25277777710050486 0.7513163061366878 0.19019450798327853 0.7359602695962866 0.24363711792341292 0.5181754859625276
57 0.1877504259888383 0.48066938713668816 0.24946382951702617 0.4990966061292633 0.1969533498548799 0.6749392652669466 0.13524007634509871 0.6565123409326264