63 0.3438962093493956 0.5138554924267476 0.3450030778033124 0.4786757252503957 0.5803969921886392 0.4860794848094754 0.5792907750983431 0.5212586254309047
62 0.3354037265625 0.520843796875 0.5776397515625 0.520843796875 0.5776397515625 0.5489703671874999 0.3354037265625 0.5489703671874999
61 0.30173362200866904 0.6076819214545759 0.2996821619291268 0.57143375066068 0.5694981194099 0.5561616252779106 0.5715503960503838 0.5924089581747867
60 0.33810302405834136 0.6152738369660986 0.3409915589126058 0.5794108616330649 0.5624345602686844 0.5972427639834195 0.5595468145606901 0.6331050046354189
59 0.5522721397189798 0.6343262404895229 0.5490292686301927 0.6671113786321098 0.3345036272019115 0.6458919495818893 0.3377471101092624 0.6131074933763144
54 0.3252123916832943 0.6939334108327104 0.33032010164720305 0.6444794857990306 0.5438099550090101 0.6665244360538702 0.5387034412785852 0.7159772590453692
43 0.5186105072478995 0.7159502606886414 0.5121280682569704 0.7671825248698977 0.29404304635068 0.7395898412593039 0.3005265386935889 0.6883588490053628
0 0.387018942355553 0.7505099968189347 0.3777148943069051 0.7915985881168344 0.2582947749003779 0.7645608318579796 0.2675992307151773 0.7234728154744309
64 0.5728823590169441 0.4465970256425349 0.5743479006763437 0.47817240948418815 0.3488950509334927 0.48863417244459323 0.3474300392613259 0.45705930998041494
33 0.3235412680268155 0.4425200062535879 0.3239357252342643 0.4134397975785752 0.5726569940659374 0.41681131374654357 0.5722630168074829 0.44589106066847695
34 0.5631993896755603 0.3789089596055746 0.5635214645238875 0.414529575489734 0.29930538476492075 0.41691604552372596 0.2989838838969945 0.3812959976187706
35 0.5548482398697843 0.340808316763797 0.5570864010111336 0.37672785054725383 0.32979514311205094 0.3908883170011063 0.3275574646647783 0.354969245376687
36 0.5498445169989736 0.31145020431793596 0.5518839837138785 0.3392412211798862 0.3290784178685726 0.3555902357001007 0.32703928902071766 0.327799545536294
37 0.5371981740851197 0.26191111225865166 0.5408683945381654 0.31041918948857294 0.3167737899062786 0.3273727446348318 0.31310409184084165 0.2788651496884617
38 0.30632047370477267 0.28228635733211616 0.30234436533055487 0.23467266020325842 0.5209502276055673 0.21641690833627134 0.5249266979240019 0.26403022041683366
39 0.2775067514469356 0.25643846255676894 0.26918180143115933 0.2103558371052862 0.39303392608871945 0.18798180525166167 0.4013590273976888 0.23406423045708546
48 0.5955752861771089 0.46859743181577385 0.5940968912777862 0.4437838978366142 0.7890023943518827 0.4321712868628464 0.7904810991865361 0.45698447545850546
47 0.5891748 0.41386238124999997 0.7879325640625 0.41386238124999997 0.7879325640625 0.4424912109375 0.5891748 0.4424912109375
46 0.8178188472554666 0.377323519133755 0.8183565546551108 0.4086526484348459 0.5858199503088599 0.41264146334035545 0.5852826872106789 0.3813127593166298
45 0.5844260981779144 0.38040426467272437 0.5834520108193146 0.3520066125800875 0.8015082883308651 0.34452653611928596 0.80248270451591 0.3729238204894041
44 0.7910366502862871 0.3076496128625798 0.7929500175968087 0.3410452472067198 0.587332059594246 0.35282402264744617 0.5854190552031469 0.31942871790198957
42 0.7658208670060276 0.2287497326000306 0.778753956146943 0.2812969602113471 0.5662022842197985 0.3336083546198087 0.5532697634274655 0.28106161446382527
41 0.541606917272702 0.28958092297939153 0.5196292117020676 0.22819264527585914 0.7163906437212972 0.15775051782143637 0.7383685428936815 0.21913833871733043
40 0.642148762181705 0.11774740853592752 0.6677070748562528 0.177599608109482 0.5530275132360885 0.22656981760148936 0.5274694359696923 0.16671781907696262
49 0.597786268667619 0.5011604146996206 0.596206342763935 0.47603482285384485 0.7814900741675501 0.46438413267130796 0.7830703189271162 0.4895093645859516
50 0.7928900506922218 0.5046060418407359 0.7934163527485225 0.5272097753553346 0.5964929881607759 0.5317924339066203 0.5959670449738041 0.5091890404347513
51 0.5892265314630549 0.5627858674379793 0.5913854969196564 0.5297389255705688 0.8193360532053475 0.5446279458362084 0.8171777632201156 0.5776742443656161
52 0.8070785759077808 0.5687972319043195 0.8082099264871658 0.6044588732737985 0.5815200205153133 0.611646423085695 0.5803894172756827 0.5759854824310429
53 0.7929429965665804 0.6229581343659141 0.7904594233293665 0.6602561201866721 0.5812297164615075 0.6463229492531029 0.5837139903782145 0.6090257024597691
56 0.5556018099231324 0.6969575560418977 0.5641415156197809 0.6373503525596294 0.7979583087349056 0.6708416570612984 0.7894202326298227 0.730447400755033
55 0.7441616402610407 0.7489902707164746 0.7241325169071615 0.8144938951724828 0.5213467734987489 0.7524951633579906 0.5413768017648408 0.6869930864539767
57 0.6772757075007121 0.8013206540012208 0.6538789287022837 0.8599781516174074 0.5300597447363771 0.8105988797802847 0.5534568858985267 0.7519423481765539