63 0.5027355476792081 0.6031623274277538 0.46102929392952774 0.6041886515650967 0.4543845481621247 0.3341521853528734 0.4960891263501708 0.3331258823975787
62 0.4570569148618233 0.59538598125 0.41838256664925666 0.59538598125 0.41838345405722066 0.32653061250000004 0.45705626776725694 0.3265306125
61 0.4124862998335175 0.2604961729532263 0.45468520045642435 0.2672257338144474 0.40513703870681184 0.5779115265594815 0.36293816920351674 0.571182101915041
60 0.3586201620602196 0.30566582338141 0.39899989534978886 0.3100423918039699 0.3720933659706134 0.5582788506337688 0.33171364398538117 0.5539023537605731
59 0.30363171388080445 0.30406528516086573 0.34636423082281453 0.3056091458083176 0.3378097423916415 0.5423773753484726 0.2950772268726496 0.540833538248569
54 0.29102967991195783 0.5306012372088901 0.22754929176539918 0.5238643112377767 0.2490017609768529 0.32174272473100873 0.31248050118961146 0.3284795630007703
43 0.19205795727430086 0.2713994597369183 0.25183306411179274 0.27755106990625783 0.22912054451933273 0.4982389430386245 0.16934544922719397 0.49208741540558565
0 0.1490274478359197 0.2267376637276114 0.20242076029524014 0.21778287461574797 0.2202098362348579 0.32384882989069547 0.16681653502223526 0.33280357864418586
64 0.5237571644224772 0.33738486027262854 0.5691814677386446 0.34153169610532663 0.5451158719645264 0.6051290549450896 0.49969157804048336 0.6009822993340134
33 0.5841287545711111 0.5980479140625 0.5534905180122678 0.5980479140625 0.553491134854994 0.3442768406249999 0.5841282448441234 0.3442768406249999
34 0.6358331477924821 0.5869865589191285 0.5913570602737082 0.589549756057318 0.5736778798037676 0.28278738341702375 0.6181520964208858 0.2802242415579678
35 0.6962716160801392 0.5538495199248656 0.6406148788380506 0.5645345926848434 0.5948434379483842 0.3261303423621654 0.650498413436253 0.3154454433964028
36 0.6469586021481746 0.29442605247730824 0.6840910157873168 0.2875549465988626 0.7302905494318566 0.5372119731145626 0.6931581653656167 0.5440829673230816
37 0.7875436303411334 0.32653038448101157 0.7875440781783709 0.5306124953427522 0.7212452494652553 0.5306121183243698 0.7212456964819012 0.3265309276143609
38 0.7752069141954507 0.2909583247976912 0.8405600940465092 0.2861183597221891 0.8559793489176855 0.49431299243697085 0.7906261770350511 0.49915289616184305
39 0.7927718404779398 0.25820585769082743 0.8521749085882675 0.23781099501338207 0.8867766755297453 0.33859137400850126 0.8273736573670476 0.3589861375646232
48 0.504771471875 0.6202307015625 0.53239578125 0.6202307015625 0.53239578125 0.7675244015625 0.504771471875 0.7675244015625
47 0.5330432712469246 0.6128469526660733 0.5658676780971064 0.611775163454485 0.5721532216017522 0.8042477198194701 0.5393288159031044 0.8053194869230356
46 0.6104559884456648 0.8542852502571623 0.5707202503961071 0.8547350298925653 0.5677480242334241 0.5921074363517882 0.6074815491556365 0.5916576689195778
45 0.6706761757225195 0.8083737385531987 0.6300417435386407 0.813067156799553 0.6053384695024988 0.5992187315847914 0.6459711037690568 0.5945254159803305
44 0.7240784062491912 0.8305764606529332 0.6836348687893405 0.8368908285954805 0.6475794747756254 0.6059873801639991 0.6880210446967112 0.5996731653931449
42 0.8072917394681554 0.7820804386174526 0.7353222626684328 0.7999137311235529 0.6810289695712299 0.5808317783074771 0.7529952499247656 0.5629988989082152
41 0.8825617364577738 0.7349386520290192 0.811514570399595 0.7587113922479489 0.7426729149998437 0.5529942472764171 0.8137172829096926 0.5292220159403964
40 0.8232802857562547 0.5670734544473156 0.8914252344881106 0.5428558912580788 0.935229670320723 0.6661023888365312 0.8670848709484744 0.6903196548847855
49 0.47746319293855777 0.6168505769493287 0.5038604604462762 0.6179177259218247 0.49756537602456774 0.7736127806690491 0.4711681095342328 0.7725456492984177
50 0.4435402546401974 0.6118733752006513 0.4752371552012846 0.6129945979474164 0.46905636988788046 0.7877006720104073 0.4373594703785102 0.7865794700222919
51 0.4044053407711772 0.6026733010001808 0.4438034870966021 0.605120574949989 0.4273842604731044 0.8694104434129964 0.387986120996743 0.866963241556011
52 0.362544454707745 0.6071715230205128 0.4030883822395026 0.6122707700264391 0.3752755445617595 0.8333770496500854 0.33473164043005 0.8282779269717322
53 0.31877069243603273 0.8338898612582634 0.2781722683737371 0.825847813117825 0.3234670167486229 0.5972298314513192 0.3640635111667052 0.6052716875074047
56 0.2578532964103033 0.5697347661509076 0.32413850917737363 0.5825588054375024 0.2807461945878913 0.8068158977598365 0.21446106820212663 0.7939921636223746
55 0.19961375356626831 0.5278573295470581 0.26919786696487336 0.549266814699099 0.2036386125142826 0.7623190358695273 0.13405469855342744 0.740910014325783
57 0.16424982671162525 0.678002064254479 0.09674471083030767 0.664517382004073 0.1218839558888476 0.5386873300552187 0.1893875264959206 0.5521718541967919