55 0.5082872922223487 0.3859804796875001 0.5077850327776332 0.3859804796875001 0.5077850328473232 0.3842058562500001 0.5082872921874468 0.3842058562500001
56 0.4662860409816858 0.5173926485579203 0.428995613537154 0.5139978156297937 0.45022457151958406 0.28082997353687317 0.48751392178940023 0.28422475643451695
53 0.4384199174883179 0.5079049588550261 0.3937837384770546 0.5089432409050901 0.3882383619650227 0.2705256600079655 0.43287332655791033 0.2694873917205747
52 0.38745022407954366 0.4931404494442029 0.35098982912882093 0.4915111846848814 0.3598678115952225 0.2928583598127001 0.39632732116081115 0.29448760447869676
51 0.3406538662819685 0.48340373778163287 0.30814917825136945 0.47717872237890396 0.3443649375494715 0.2880855633517105 0.3768689324094794 0.2943105118419809
47 0.3106824133300279 0.4829085206951329 0.2471482003560368 0.4804949769181336 0.2549156865657096 0.27605967949977966 0.3184483675321417 0.27847319374182405
35 0.2446374831565663 0.4433194064273215 0.18540690660904602 0.42927040187813276 0.23085026226510763 0.2376926705618436 0.2900796539155408 0.25174152633341396
57 0.5158342009840453 0.2965750849898365 0.5513327819940059 0.2961564867953323 0.553898664239 0.5137425950310678 0.5184000832687161 0.514161187624269
54 0.6279108399987763 0.515146679811301 0.5906612982879551 0.5126367184856926 0.6065288784922132 0.27717340798982987 0.6437772942471156 0.2796833297142035
59 0.6318432953124784 0.2945874000000006 0.6681915789044979 0.2940185400305771 0.6712511875880409 0.48950931947045295 0.634902904324349 0.4900781728039225
60 0.7034355722148575 0.48513806579722596 0.675454106837833 0.4898616736799775 0.6498176375072262 0.33800487100711435 0.6777985735074026 0.33328130880388934
61 0.7064962686127956 0.28641048933621516 0.7615823464466303 0.2876174494028164 0.7573119412181768 0.4825122988258305 0.7022258634240188 0.48130535263070495
62 0.81221828911805 0.4353567928552401 0.7611433873126998 0.4484349079990703 0.7197582549090384 0.2868158689966065 0.7708322687102509 0.2737378727782731
40 0.524524369727942 0.5615854770454018 0.5472397480483551 0.5597040613370732 0.5640218231286553 0.7622988131069081 0.541306449773856 0.7641801908178789
39 0.5848146396219818 0.7576353018281434 0.5563688165885878 0.7578922115216516 0.5546532237907513 0.5679096519347164 0.5830979576927575 0.5676527471540217
38 0.5803448604569894 0.5640349110430537 0.6142345099686963 0.5607655326675186 0.637096421620754 0.7977162506956721 0.6032067841669004 0.8009855483702183
37 0.6651870487809219 0.7858467251717117 0.6407615449021478 0.7877037059583781 0.6249892432932711 0.5802701070401997 0.6494137408272991 0.5784131635081243
36 0.6538054662278228 0.5624713337601833 0.6880273859243289 0.5576291676320828 0.7170150912384088 0.7624743146205455 0.6827931933926266 0.7673163808001223
33 0.8370869555335503 0.6549954477742027 0.7742850538302264 0.6790744985635586 0.7129184084452618 0.519035146750518 0.7757185918468394 0.494956460287793
41 0.5251569874287725 0.7293156334501052 0.5011877569547778 0.7296576363647848 0.49876684607295374 0.5599863663375102 0.5227353034061935 0.5596443688184458
42 0.5017278596966435 0.7310128681293111 0.4695832990729514 0.7327319076495339 0.4605651277144034 0.5641137643006418 0.49270863238518814 0.5623947528562828
44 0.43267025661521075 0.5494442084312333 0.4681262765931251 0.5528842563110778 0.4469615133638172 0.7709997087040082 0.4115055043891971 0.7675597355436643
45 0.3888327733210417 0.5521732203584498 0.4250216864408003 0.555860036784457 0.4049011869685728 0.7533343035323072 0.3687122846092734 0.7496475594025257
46 0.35607481512613504 0.7206614451129573 0.31932756559103836 0.714471485409533 0.34936992117741283 0.5361494270908498 0.38611594312942543 0.5423392821280979
49 0.25711167845236105 0.5014133980306635 0.32480100169379966 0.5320051873524292 0.2549423823405732 0.686562689687684 0.18725334008820482 0.6559713633807567