55 0.5063242233572964 0.5369813721748832 0.46774643427261253 0.5345552348738392 0.4824813436165414 0.30028118979078877 0.521057906289343 0.3027072868495293
56 0.4657390542514577 0.5241166250604695 0.43731519528967056 0.5213321364532586 0.4581473144588699 0.3086960515575414 0.48657037664406744 0.3114804998316212
53 0.4399800309809052 0.5288376218749999 0.4013057565584859 0.5288376218749999 0.40130642010103657 0.27861579375000006 0.43997949516176504 0.27861579375000006
52 0.3808565362713807 0.2994657132930401 0.41293293412104504 0.3006170553443511 0.40557591978631535 0.5055743114562867 0.37349952276656495 0.5044229840422051
51 0.35062754168336596 0.2887214701451014 0.3876694957828022 0.2910869113420844 0.3742822574602087 0.5007172623520671 0.33724030609153033 0.49835185116463704
47 0.33486498712784396 0.48856846193001247 0.2824390627304183 0.4813148512980512 0.31259160240381334 0.26340211703007493 0.3650161809750898 0.270655631204283
35 0.29075499651276004 0.4560528305903332 0.2399367398315917 0.4536886447755848 0.2477845211917611 0.2850205918012751 0.29860180869275155 0.28738475499483485
0 0.26777347724089395 0.3536806115373298 0.21730126155682683 0.3551842312956682 0.21254799875794106 0.19562474223173718 0.26301952555093067 0.19412113289433727
57 0.5482704670979501 0.5335721633540363 0.5116751189973456 0.5345136776823041 0.5054228078738561 0.29148659620819267 0.5420170266189643 0.29054509651685173
43 0.5768760760738587 0.51719398237959 0.5487988899618585 0.5176416447950745 0.5456267530100831 0.31867820194293456 0.5737032166811105 0.318230545347951
54 0.6162733331871095 0.5270629984374998 0.5791058727292011 0.5270629984374998 0.579106356143825 0.2750665484375 0.6162725795081769 0.2750665484375
59 0.6449940833125538 0.5151417464570653 0.6111592659065082 0.5164307701129094 0.6032913665519573 0.30991042577169975 0.637125292846008 0.3086214192771003
60 0.6780971403458125 0.5104993092222716 0.6459468826004695 0.5124844964531318 0.6313372677499274 0.2758852175004659 0.663486546838385 0.2739000619684638
61 0.658013030858001 0.3048071369009073 0.7096863507545095 0.29895756112277244 0.7321479933741557 0.4973676784894603 0.6804746855790427 0.5032171810144628
62 0.7155078402798836 0.31543787376591215 0.7643057559172348 0.3107564118828744 0.7791792156540396 0.4657854633904725 0.7303813068913314 0.47046688121410907
63 0.8051860849790273 0.3616439215837524 0.7565545814616144 0.366461123016707 0.7421345333973477 0.22088611357744775 0.790765385612076 0.216068945440959
40 0.5027022787303395 0.5554725806401609 0.5260326120251193 0.5552965199789319 0.5274867985784795 0.7479723710142058 0.5041564653191699 0.7481484283497057
39 0.5515375186673737 0.7341158404204989 0.5250362733195288 0.7334908760451648 0.5291198315883321 0.5603719258024703 0.5556202049587 0.5609968801468206
38 0.5891511157997229 0.5554567528829567 0.5891514853526587 0.774623030091627 0.557006291877201 0.7746226584528381 0.5570066326539518 0.5554570868590318
37 0.6490909166077472 0.7676230393377902 0.611806154743249 0.7709994096820308 0.5923395354899412 0.5560547904622755 0.6296227460936734 0.5526784889651123
36 0.6315985371621764 0.5486646269880382 0.6746481779424585 0.5454158881752633 0.6894713676623496 0.7418178774597252 0.6464217335734475 0.7450665539184631
33 0.8154614874580375 0.6631204926298837 0.7501049596231724 0.6971124387990961 0.670006958688532 0.5431230641922357 0.735361804568015 0.5091316442189986
64 0.855091249465886 0.6313531618830042 0.7929386289930562 0.6532565217415208 0.7367580325532117 0.49385303097855354 0.7989090167905033 0.4719499859405431
41 0.49253563132992895 0.7360963035853346 0.4693407748095524 0.7348199906280516 0.4793075951301944 0.5537212166318985 0.5025016533361395 0.554997508055526
42 0.4483968295705836 0.5537543225830148 0.47352810396125733 0.5532569901045203 0.4770246004030696 0.7299218112249305 0.4518933262936571 0.7304191351514969
44 0.4448141792070146 0.759640563983095 0.4134097120269189 0.7593314479217383 0.4155496917472874 0.5420205298198398 0.4469528470590376 0.5423296395591508
45 0.38878698604639794 0.7725209251384303 0.35029461864075984 0.7690628624828757 0.3713864107203335 0.5343311079399592 0.4098770325085752 0.537789093146254
46 0.332367040022973 0.5293103743276791 0.37065830253447984 0.5336729126484903 0.3463923592245237 0.7466379107290673 0.3081011117832304 0.7422754623601601
49 0.26657179805954456 0.47365559286070685 0.3329324429087137 0.5167985584410705 0.24404120323913503 0.653513827235005 0.17768102915363215 0.6103714594766142
50 0.19604116850007358 0.43657530181236653 0.26202128187230755 0.4639616266538879 0.20421564180185214 0.603217843692048 0.13823571630985043 0.5758318454820474