63 0.6416773303398031 0.48805907817564553 0.6405794398867783 0.5255410393529049 0.38551716330346153 0.51806716979481 0.38661576426818556 0.4805859127583991
62 0.6426608853871585 0.45448324592803335 0.641138351450536 0.4888672047572581 0.4109996158377953 0.47867520148709103 0.4125226858894848 0.44429181144487034
61 0.4159252438302019 0.44812306915950106 0.41629314129272643 0.4033665082227744 0.663125992985556 0.4053939330826046 0.6627588219943163 0.4501497602531027
60 0.4238996818285159 0.4003367819806233 0.4274354360261441 0.361396005086429 0.6581496905007498 0.38234219802953334 0.6546145161614731 0.42128243856750464
59 0.4288412013249854 0.36086202669825707 0.43391911912738124 0.3209060708227108 0.6539357822680358 0.3488654203041015 0.6488583938252077 0.38882089769614553
54 0.6615882860123747 0.31093103659056054 0.6448436270470665 0.37209403493913074 0.4549213250870707 0.320099317908948 0.4716663425962224 0.2589369011841664
43 0.5042462750889172 0.26674785586590727 0.5242759715907823 0.20703774875211708 0.72339541350118 0.27383039314580965 0.7033663288586922 0.33353997776865807
0 0.6167562371110762 0.2510182708428767 0.6402013701801934 0.19415673733807015 0.7725682970266234 0.24873319283778192 0.7491235334307476 0.3055944114755423
64 0.6319570013836255 0.5232802905048549 0.631603348841395 0.5652131348722863 0.39017382492704655 0.5631741462751857 0.39052830758089385 0.5212421294155292
33 0.41537043144717245 0.5990461734416269 0.41328522982735194 0.5646600170180646 0.6365838895566185 0.5511186766175555 0.6386697193097461 0.585504152709427
34 0.6756788553391289 0.58328070516221 0.6780797878171825 0.6172025327301024 0.4144462729366296 0.6358562994376132 0.4120462239762901 0.6019353005233686
35 0.4273341122650436 0.6691699033219995 0.42419633167571646 0.6334189307128215 0.6574864231715765 0.6129443607489693 0.6606249379849487 0.6486944956749194
36 0.6649720208230292 0.6424559124362225 0.6694691030211288 0.6772053712458059 0.4514601240034608 0.7054120065299647 0.44696390533647445 0.6706633248387353
37 0.47340742061146557 0.7601209510136506 0.4671505844199828 0.7011727888597583 0.6616938992381165 0.6805258027159363 0.6679518398683513 0.739472680376504
38 0.7029814850646972 0.7099641940434273 0.7173531231808283 0.7658918043384908 0.5201127472486178 0.816563974425516 0.5057426381147252 0.7606376698803033
39 0.7470242280751336 0.7154293349388834 0.7755884168341254 0.7736429007757711 0.6476554807323964 0.8364038176460317 0.6190924379296803 0.7781912289931392
48 0.19807563163931263 0.545386162831112 0.19744408913959433 0.5146774581895781 0.3839379788075803 0.5108412726315331 0.38456997299567774 0.5415495150155711
47 0.3771076445187873 0.5700652937499999 0.20408150288290017 0.5700652937499999 0.2040818854528652 0.5434455046875 0.3771072427841773 0.5434455046875
46 0.39482242164126546 0.5694138368224197 0.39674725103770925 0.6034085529616651 0.17757248447549046 0.6158151276615087 0.17564836445023957 0.5818210994349746
45 0.3985666264172778 0.6015380275452827 0.4033579649845933 0.6375059422978736 0.20525516348823203 0.6638904964631317 0.20046459409218187 0.6279232872475868
44 0.20141204330877827 0.7104984409819716 0.1952741866651877 0.6698371476114133 0.4150645771146628 0.6366613847948227 0.4212031985844078 0.6773217863165456
42 0.2619653207000283 0.7916022247738855 0.24376118306327044 0.7233154230553679 0.4426947328827282 0.6702899305652676 0.46089986239269365 0.7385751882210122
41 0.314537381598484 0.846364535604487 0.2981408665739309 0.7789245376318789 0.4903798907971577 0.7321932928086414 0.5067774884179244 0.7996316934365146
40 0.5270109584970442 0.8112879926607343 0.5233330933784828 0.8925082711481739 0.4088308094103468 0.8873229399178548 0.4125098201000128 0.8061038587417451
49 0.37416583703327433 0.48336327048971806 0.37484598682897285 0.5097834936977524 0.2088604522306241 0.5140549579497095 0.20818064326124386 0.4876350654424755
50 0.3883638781060199 0.45649866620564417 0.3868840899259567 0.49081883318901787 0.2112844726146932 0.4832465738606903 0.21276467178768144 0.44892683219872936
51 0.4070036811162936 0.4232090068609205 0.4046847486523575 0.45803604718388125 0.19053674227086503 0.4437763286988361 0.1928561305578569 0.4089497874594564
52 0.19290505391563784 0.40741426646914564 0.19532523546763514 0.3703660467353576 0.40485362877313946 0.3840516118107353 0.40243394333356264 0.42109937311436385
53 0.18977350534566995 0.3631162021914427 0.19389403846003006 0.3228419467791313 0.41125729169482383 0.3450789595187268 0.40713727376089537 0.38535274118158747
56 0.4569254126739679 0.28751244971662854 0.43406264979421394 0.3574358389643899 0.2430439790221044 0.2949792946906572 0.26590706237846007 0.2250565320421195
55 0.5073126981931182 0.22569828626295338 0.48870782013727876 0.29374156520320094 0.2954012947886895 0.24088639466154507 0.31400646278268596 0.17284361869285034
57 0.4330079859375 0.151682571875 0.434782609375 0.151682571875 0.434782609375 0.1551983921875 0.4330079859375 0.1551983921875