55 0.3534611150250839 0.5227798798328632 0.35261092419284523 0.4776922710941876 0.6047540620951395 0.4729357280935177 0.6056050996838849 0.5180224975124079
56 0.6021210757241988 0.5207887751520609 0.6008038386257795 0.556285342228397 0.37504746712602355 0.547906380307328 0.37636532978547166 0.51241047784237
53 0.5969821308174232 0.5548904644203116 0.5958128153630469 0.6006368302103088 0.3354479559691299 0.5939785186214195 0.33661828449714903 0.5482331724450176
51 0.5715497349392535 0.6150104988947314 0.5700934306806857 0.6596264959019807 0.3311198013570902 0.6518239822396857 0.33257709828092175 0.6072090182498399
47 0.35278090943631923 0.711975418935752 0.35660491178543907 0.6466963584698452 0.5643018626692538 0.6588599654171405 0.5604793588279335 0.7241375977269916
35 0.5414191736322209 0.7256617591576123 0.5329527618268912 0.7854890708668125 0.30322870356542353 0.7529818719974458 0.31169640536825227 0.6931561385164974
0 0.43191551237168824 0.751350383533258 0.42333371993572655 0.805845954035487 0.27212653947060517 0.7820368379265121 0.2807091159227184 0.7275422409607888
57 0.34625199822755803 0.475585312897563 0.3457465074400261 0.4326787106237844 0.6074309658483799 0.42959399819641947 0.6079372234328275 0.4724998221953182
43 0.34418410154103185 0.44390686567407767 0.3416892315660789 0.4063440142515235 0.5929239048075488 0.389656061319664 0.5954193353875326 0.42721834007497755
54 0.27280085521510955 0.3959503521677408 0.2736306763057428 0.3549248259917727 0.5282761224339083 0.36007346212146263 0.5274469151563608 0.4010984049442818
59 0.5722559422273434 0.31190905968766997 0.5760292560984226 0.351901457190291 0.34256423251031265 0.37392687829632737 0.3387914495432369 0.33393498656566484
61 0.5519038822269522 0.25269387530199894 0.5534797212338844 0.31565184247296846 0.3493371444645845 0.3207602056629474 0.3477618818889141 0.2578028007744243
62 0.31717305809024765 0.26881402479989186 0.31348350930420565 0.20818903394583452 0.5277551224693298 0.19514826896668164 0.5314451065756884 0.2557728151830315
63 0.2940153697217056 0.2484400772749561 0.28232614040928183 0.1919540058598131 0.41434248582811506 0.1646347621857421 0.426031889425758 0.22112058619088298
40 0.6246672578125 0.461577096875 0.765749778125 0.461577096875 0.765749778125 0.4881968859375 0.6246672578125 0.4881968859375
39 0.7745642611248513 0.4267263085955989 0.7751698500719613 0.4598649678097284 0.622190211100019 0.4626594932918701 0.6215849715531476 0.42952117969341785
38 0.7906334661433903 0.3379718843634889 0.8054316756157505 0.3812140650230761 0.621596401548004 0.44412131947734057 0.6067987763277642 0.4008796318059886
37 0.7780259025659007 0.3165763584326452 0.7877693502335887 0.35775317409713814 0.6020013190252484 0.4017075046639744 0.5922583658242502 0.36053111361707485
36 0.78795316857736 0.2857170680116754 0.7944474680698477 0.3241690588765154 0.5799374220480331 0.36039595392965657 0.5734435843741039 0.32194436991902364
34 0.7636637449435284 0.2135669854980498 0.7771221954495786 0.28302604004006693 0.563524472707627 0.3244106452068314 0.5500667158270289 0.25495218253359436
33 0.7115210461463448 0.1430290924981596 0.7291324379175421 0.20964031577261652 0.5248437514152329 0.2636508412926996 0.5072328630415086 0.1970400481020856
64 0.6121094512916443 0.08487689943696677 0.6468576545038331 0.15407665318606592 0.523405275280993 0.21606674482350122 0.48865732403407947 0.14686720449591864
41 0.7798464774299418 0.48579983318096637 0.7802687963559265 0.5128153665375246 0.6149943579272303 0.5153975508915246 0.6145723847942008 0.4883823563955609
42 0.6202305817135993 0.5479658502447744 0.6202307957858011 0.5163233747892212 0.7692989467008147 0.5163237159311432 0.7692991154841593 0.5479658068809667
44 0.6109963940879197 0.5787860449211841 0.6207675356388336 0.5388893499593661 0.8128388363745671 0.5859240800173614 0.8030685099793118 0.6258200653868128
45 0.5879780687796483 0.6236952952377233 0.5898950079048291 0.582038930699324 0.7700211983831196 0.5903260604057099 0.7681049848753219 0.6319817229023094
46 0.597211761352014 0.6597538251052583 0.6059344479971287 0.6162269737981155 0.8245487362449921 0.6600293123956505 0.8158271657244995 0.7035551846733107
48 0.5675447718659825 0.7249062238214155 0.5770504332589326 0.6553514916852748 0.7890851983053153 0.6843240418699511 0.7795813202492354 0.7538771341585812
49 0.5238188714710077 0.7832878010792554 0.5433671015848631 0.7151126769834923 0.7485766340429336 0.7739418336743646 0.7290304295735268 0.8421152183087489
50 0.5068360834611667 0.8405685337622804 0.5307365232076791 0.7738735665665563 0.6722540966109136 0.824576135265228 0.648355160263236 0.891269824736693