55 0.4546360262423832 0.21765631758383935 0.49479401632606823 0.21680260006449753 0.5010208471460373 0.5096965593496031 0.4608628577024092 0.5105502632890163
56 0.42521079574544274 0.2615926887877035 0.4618444654166751 0.26220981217923944 0.4577938405941495 0.5026537375469448 0.42116017101955094 0.5020366226942055
53 0.3536691776595262 0.19937225262806832 0.39619834049904057 0.19457430222892103 0.42936300364817725 0.48853791147531267 0.38683385445608565 0.49333578750034623
52 0.3214542237989235 0.20471697199270303 0.36347723633184614 0.20158723578165288 0.3846929926558005 0.4864426539403307 0.3426699860116287 0.4895723427198108
51 0.30487192347527525 0.41792369062500007 0.30436966402476173 0.41792369062500007 0.3043696641002498 0.41614906874999996 0.3048719234375312 0.41614906874999996
47 0.29913163292962963 0.46996680556555187 0.24651280030309408 0.46804530831809266 0.2559115661475744 0.2107013649618637 0.30852892764528406 0.2126228344932399
35 0.24328337561018998 0.4472783364242985 0.1868128556135389 0.4417194696780411 0.20950825061152045 0.2111812989159062 0.2659774428922219 0.21674009901560068
0 0.18730076435929277 0.4233993024631911 0.12891999471514737 0.41872624856885726 0.14543831994296852 0.21237735074976322 0.20381788465681439 0.2170503551148918
57 0.5038873930609498 0.21452453247457248 0.544462477139291 0.21482671951609617 0.5423000648712559 0.5051671872066122 0.5017249808130373 0.504865004957222
43 0.5780135029893927 0.48742803071688057 0.5446388485449916 0.4894165314839986 0.5308921278018488 0.2586967115437131 0.5642659299704746 0.25670823579247126
54 0.6141074170088814 0.48255667343535313 0.572989589953977 0.481090601815117 0.5838566854077953 0.17634226417495627 0.6249732076529426 0.1778083119434242
59 0.6569245509397206 0.47296422191446075 0.6146318385523273 0.4728684661790063 0.6152191924470571 0.213762342228841 0.6575107178988446 0.21385809658982477
60 0.6961391269867363 0.46980465253915343 0.6592746424166762 0.47066754988784626 0.653073439608761 0.20572996446416267 0.6899369159889375 0.20486707894619602
61 0.6861665141921094 0.20925802325244786 0.7422247024666149 0.207495219301288 0.7497491350419523 0.4467695352926484 0.6936909475072071 0.4485323176020255
62 0.7433161442841083 0.21025928675422387 0.7940779552318418 0.20866303792588806 0.8010667653057908 0.4309057517005687 0.7503049553101846 0.4325019827181472
63 0.7787491785963994 0.21665125202078367 0.834435247432566 0.2092682166432805 0.8604397578142198 0.40540069607411083 0.8047537028145371 0.41278366317678905
40 0.546343234567189 0.7095959941035735 0.519241438895051 0.7132200982974803 0.4938468899148347 0.5233343396681267 0.520947739827534 0.5197102988452712
39 0.5640447563281441 0.7074408261028079 0.539174387899152 0.7100529113019052 0.5208803892644482 0.5358889939625665 0.5457499522600529 0.5332769509782459
38 0.6223003565672798 0.7667268941807249 0.587456714459563 0.7732203354565884 0.5434832904434188 0.5372882312141474 0.5783253554989187 0.5307949382286108
37 0.6564949577268635 0.7443615734040715 0.6179000509624757 0.7511575010800401 0.5793487910411841 0.5322440856264907 0.6179420737244072 0.5254483038732592
36 0.7097561003555484 0.7271033396477194 0.6705483788874744 0.7380768915664031 0.6106724162168575 0.5241682203675925 0.649878621636276 0.5131948888196811
34 0.7733149417028926 0.7310424126208919 0.7101564440989705 0.7463625422830719 0.6493836253026757 0.4958464956489416 0.7125392828859276 0.48052672019540477
33 0.8106479156841715 0.6539485359375002 0.8101456546283998 0.6539485359375002 0.8101456547466341 0.6521739125000002 0.8106479156250543 0.6521739125000002
64 0.8402812656797778 0.6060337171874999 0.8397790061952719 0.6060337171874999 0.839779006304866 0.6042590953125 0.8402812656249807 0.6042590953125
41 0.5225176122360153 0.7011255401364274 0.49679888962725727 0.7051737837928332 0.4692060940292322 0.5298941640768262 0.4949239882854499 0.5258459862411283
42 0.4902672255902871 0.719913395102631 0.4654211818389058 0.7221131114329171 0.44845400891688314 0.5304865808070519 0.47329915753618934 0.5282869040476261
44 0.45616224587570287 0.7760999228484818 0.41959072950135123 0.7768960160881184 0.41427302298870927 0.5325965985741061 0.45084277672947337 0.5318005243945633
45 0.3791681126236881 0.5320938517914089 0.4169712423362171 0.5327051703731709 0.41336759145747237 0.7555245017122466 0.37556446207952376 0.7549131963759049
46 0.3473628887908262 0.5197367189012243 0.38659780520356435 0.5264951719000909 0.3481953473952899 0.7494079181694849 0.3089604676803219 0.742649612712352
48 0.2879583982166878 0.4909314877230343 0.3524887528152476 0.5052234067760066 0.29925496169971666 0.7455565732462763 0.23472471381535343 0.7312649854217921
49 0.19085886568473143 0.6601597156250001 0.1903566046278229 0.6601597156250001 0.19035660474719407 0.6583850937499999 0.19085886562504584 0.6583850937499999
50 0.15677224875298634 0.4684310110071759 0.2273529050387424 0.49858065763390863 0.16651155676026974 0.6409979106675253 0.09593113118523888 0.61084865642299