55 0.595717782075667 0.5016105092952189 0.5928206136826475 0.5356627752955828 0.3671539035301521 0.5164623298016602 0.3700516102344409 0.48241066195556426
56 0.35869372886838846 0.5487461715205285 0.3610973250602001 0.5195859265381979 0.5704467319441164 0.5368390624568636 0.5680436804141209 0.565998795906766
53 0.3529359723303287 0.5872592921743668 0.3565650897544401 0.5540477319119272 0.5777917073561412 0.5782173787001489 0.5741633040710212 0.6114282889297833
52 0.31898278362621113 0.627231343845354 0.32157385959772 0.5894374440388274 0.540106915210572 0.6044156914623073 0.5375166622702636 0.6422088296760738
51 0.5245966412072676 0.6415236030077494 0.5239479766590875 0.6793822160909845 0.3147068390773029 0.6757956888989962 0.3153562833959995 0.6379378982532974
47 0.30814155439395563 0.7072946481418266 0.3175574389075564 0.6540198197021557 0.5208801256937932 0.6899485060419706 0.5114655664148131 0.7432221650982663
35 0.48979625954086714 0.7558997358293524 0.48057229053551964 0.8051716937191792 0.31166162257943597 0.7735541365472662 0.32088634487786294 0.7242831546950937
57 0.5856253424119586 0.44248899555840354 0.589249148565159 0.48030805033772167 0.3744905114476751 0.5008824847341274 0.37086733617309164 0.4630639995254067
43 0.3759874437181452 0.4417922770638137 0.3765750905391769 0.40929822535053123 0.5647051073730154 0.412699240326253 0.5641178667499389 0.4451928988073232
59 0.5389073490853207 0.34026183255671816 0.5408967198721939 0.37813282941238074 0.3545572196575222 0.387919947185657 0.35256826054467183 0.35004935644461155
60 0.30109506504368255 0.34119351465487124 0.30021750050457285 0.31545057291982354 0.5155493947738705 0.3081088963167732 0.5164272258251685 0.3338515801406063
61 0.5047160902790893 0.2475976562671913 0.5088088923480427 0.30242047638673003 0.3171179645759139 0.3167299132265684 0.31302564891416296 0.26190756128105824
62 0.48235755281007187 0.1950998028431293 0.49151898733487087 0.24616965959003642 0.32409627037486644 0.2762025984740588 0.3149351929386057 0.2251330660479393
39 0.6317657499999996 0.4721245609374465 0.6327381309009752 0.4455073070136461 0.7712739624072356 0.4505674860517854 0.7703018497671792 0.4771844788064333
38 0.6167714287080344 0.44935669592204164 0.6121705333158616 0.4222624363124803 0.7745409131051701 0.3946911069052223 0.7791420328043159 0.42178507353805594
37 0.7923195117982686 0.3590453529298873 0.795592651120387 0.37853175771031955 0.6208294746153342 0.4078843990281296 0.6175565619143981 0.3883981933068461
36 0.7798975106283024 0.303311886006392 0.7860700806706973 0.3323888233429244 0.5846992802777322 0.3751338910567361 0.5785270625001431 0.3460572578125326
34 0.7568083773953731 0.24693363325939685 0.7662917173842061 0.3033334481884795 0.5740716385834048 0.33565230007407326 0.5645888423032375 0.279252959395369
33 0.5383506676324714 0.2708192828639441 0.5303070808283792 0.22290992520131048 0.708035486521112 0.19307096941815105 0.7160793082657619 0.24098000334928937
41 0.7701967704440449 0.4791554458358319 0.7713179877223411 0.5029183274662102 0.6160758534102797 0.5102411890234818 0.6149549259041578 0.4864785732397782
42 0.7826190186810891 0.5248362158379666 0.7806673223866483 0.5478250049896892 0.6271518600616446 0.5347916273679805 0.6291038156250579 0.5118031140624968
44 0.7906991394382885 0.5612896791766041 0.7864834301183237 0.591080193969156 0.6173373927123293 0.5671451863696526 0.6215534617352887 0.5373551193577977
45 0.6084697786805009 0.6059140673175881 0.6134436957344178 0.5742260579953812 0.7946800575481348 0.6026699601491854 0.7897067437670557 0.6343574225507017
46 0.5969293491756389 0.6453679558010419 0.6013789058905559 0.6170755785164839 0.791709053280556 0.647004089788391 0.7872600999754695 0.6752959219783708
48 0.7807401577762221 0.7012943576454848 0.7664961516566109 0.7639645546591292 0.5710365123655947 0.719543247110626 0.585281472330621 0.6568743703408051
49 0.5369532948914184 0.7806967695574677 0.5493478983943305 0.7165635444081278 0.7269040631505277 0.75087207881014 0.7145110064433311 0.8150039315017211