63 0.5125011691957297 0.5212269330599394 0.5147549702678589 0.48075967701474165 0.7425907150918647 0.4934461390700408 0.7403376610142232 0.5339126907210405
62 0.5157249146910772 0.48105488773183414 0.5165769192242351 0.44833775425173117 0.731618019731286 0.4539357035144388 0.7307665280796982 0.48665234931144086
61 0.7815722828065645 0.3999559936911927 0.7826158034940818 0.4480696418927749 0.5099467000619597 0.4539801324713406 0.5089040484201632 0.4058673224384988
60 0.7327559986779306 0.3655213216409329 0.733253249825907 0.4041437694728083 0.5077645313386938 0.40704479538058425 0.5072677970491668 0.3684228451401606
59 0.7397273959023778 0.33091105887806543 0.7386603836438326 0.37144971270527627 0.5017535262237516 0.3652126817413125 0.5028210331499849 0.3246745429588486
54 0.70705421561604 0.2588477695238656 0.7102843806784449 0.3172188643358783 0.5088993649427493 0.32836173360280424 0.5056697532772887 0.26999116582316723
43 0.5121577362522203 0.266256426870406 0.5107935271795441 0.20840303686743625 0.7265753728977415 0.20331436035906897 0.7279400184397673 0.2611672882603371
0 0.5403181476374357 0.2038363958072948 0.5438800099310583 0.15475741925107303 0.7214038493648331 0.16764072029420202 0.7178422533138473 0.21671943245409162
64 0.49885417602126836 0.5660938691041687 0.5007187799470785 0.5232897144261606 0.7280949348347576 0.5331918049820886 0.7262311811679183 0.5759951454274165
33 0.5030521012506597 0.6006594684428365 0.5041822233047242 0.5693386298522669 0.7352346063147479 0.5776723531260886 0.7341051569007959 0.6089925475412241
34 0.4983603471374636 0.6413081437891872 0.4993093934756416 0.6013989460379222 0.7824994177665303 0.6081290314140857 0.7815514750566308 0.6480371557948279
35 0.6817047201982405 0.6443264983086803 0.6812509494197911 0.6764276131399088 0.49765662552056256 0.6738305513617735 0.49811097989129394 0.6417300220759847
36 0.4990103500214218 0.7068327277832263 0.49987092313187986 0.6749263170394035 0.7147687440441359 0.680720121490281 0.7139089159461491 0.712625791048715
37 0.7131677362220898 0.7181986711661431 0.7109468432058748 0.7709723757459156 0.4963220501450678 0.7619379900781068 0.4985441639888677 0.7091655330323257
38 0.5102434420729196 0.8117354046381908 0.5088003311512921 0.7646758784211461 0.7040404973145087 0.7586881007487388 0.7054846715950589 0.8057465277914753
39 0.7109150788289753 0.8057820808940562 0.7124219151168063 0.8492325382969006 0.5367358758893488 0.855321423469567 0.5352300357081958 0.8118719273997914
48 0.3110858771074163 0.5526449806631428 0.3092188103416902 0.5253844496445953 0.4822996369232442 0.5135301686031666 0.4841670590179774 0.5407903156569073
47 0.47775903234673933 0.5441847923709063 0.4790273315267086 0.5715117363158301 0.3065841083194982 0.5795131835274516 0.30531623087745174 0.5521866510337504
46 0.24091888716316134 0.6218395163756661 0.23872639621708913 0.5879419881269435 0.48542841723337915 0.5719843442421089 0.4876216177447077 0.6058811212865093
45 0.4818099882452316 0.6092415153950725 0.48181032697436876 0.6449020842107639 0.27950304091257294 0.6449018793904837 0.27950339205517594 0.6092420071572507
44 0.4861168931673774 0.6437076981134965 0.48804370335574276 0.6754666820740948 0.26932039448638534 0.6887324591330508 0.2673943311816629 0.6569741953988055
42 0.2912211464285974 0.7573468343419661 0.2841874629824588 0.6971228351678856 0.4922722329336011 0.6728222720767366 0.49930710071225803 0.7330448959198966
41 0.30341952018113716 0.8282177433832502 0.2921671228033347 0.7705749497991581 0.4918695032730511 0.7315963996556955 0.5031229499271603 0.7892378204647549
40 0.5230386944976999 0.7861722505744662 0.5369840698035659 0.8490001290502828 0.3493313904544948 0.8906398233556829 0.33538778895649557 0.8278134871005561
49 0.4861569176179046 0.49409472399038407 0.48665507610132863 0.5143258881194017 0.3338208639033837 0.5180878375964552 0.33332294959018327 0.49785691141916005
50 0.2964869907684715 0.4988792632401342 0.29556663458959065 0.4682934754163351 0.49764961992946155 0.462211740649176 0.4985704145425416 0.492797076222585
51 0.4998218376647401 0.4270908777263457 0.49937255006750547 0.46760196836749995 0.2765897555046877 0.46512963575882144 0.2770396486049549 0.4246191754634183
52 0.2795496744902266 0.4195779816109322 0.28180632663520555 0.38131834875221743 0.4992691435119241 0.3941427574790301 0.49701303382607875 0.432401890652119
53 0.2845421002068633 0.37565542166815924 0.2884145174892865 0.3342900251285587 0.5054145068585285 0.35460268958778945 0.5015426329814545 0.3959675795746069
56 0.29537748087932414 0.3369814892448919 0.30152850969102474 0.26816601005202906 0.5034237296061974 0.2862111668253027 0.49727341431457717 0.3550259844491375
55 0.5146426189241993 0.22633394784875965 0.49753421864295433 0.2928967205551734 0.2971978988338151 0.24140504075002986 0.3143066054648216 0.1748427959977835
57 0.5503412355682258 0.16332994092256992 0.5167148762600391 0.23889002723408817 0.3364760792908328 0.15867885852447167 0.370102530207987 0.08311916374537057