63 0.4498666343910145 0.5042692547216576 0.44986710232842597 0.4635858561568057 0.722271437686345 0.4635864163232156 0.7222717847962485 0.5042690136876368
62 0.4581905184883226 0.46211536267582526 0.45749921953029116 0.42606796416116227 0.7122659383340988 0.4211807551554001 0.7129578435506119 0.4572275253615038
61 0.7298952821438434 0.37112567815054204 0.7319383504644748 0.41390859557655146 0.4465385396518968 0.4275340431734893 0.44449624548656175 0.38475185815895674
60 0.4461548629824392 0.3824341716152437 0.444845827926315 0.3448411185073619 0.7048623303148815 0.3357857549834267 0.7061718805143755 0.37337827562494075
59 0.6950884031704163 0.3090385929080664 0.6936743572691739 0.3500971536067848 0.45080425365574683 0.3417311251843446 0.4522187759062035 0.30067303849724447
54 0.6832301399214202 0.30286288281250007 0.4640637395275462 0.3028628828125 0.46406423473683844 0.24510296406249998 0.6832295634026195 0.24510296406249996
43 0.7253168679325199 0.19398747801154584 0.7242271642885498 0.2479049134844908 0.4769711405814405 0.24290639571171138 0.478061280502061 0.18898937659868573
0 0.7739508664326422 0.16011755254197987 0.7729603581774427 0.20912187499072446 0.5773403065793445 0.2051672098645165 0.5783310758004063 0.15616314639498563
64 0.44565372641784506 0.5455490051815122 0.44774719059512336 0.5024911678426506 0.7070832326630807 0.5150967274088606 0.7049907116886516 0.5581536631920737
33 0.4591083389693722 0.581540956817182 0.46085290501662257 0.5463424560466204 0.7086251768832881 0.5586195729532373 0.7068814043037719 0.593817312342133
34 0.44784232823371894 0.6254726602718198 0.4483984354255881 0.5848904460644139 0.7316032527537573 0.5887681792540603 0.731048224205324 0.6293493076102065
35 0.4491172776761232 0.665173424518943 0.4486917368956256 0.6258066047783974 0.7023997626406526 0.6230618621155694 0.7028262725275454 0.6624276988517642
36 0.46250680238256336 0.702571422325204 0.4621017667426486 0.6634635489367043 0.7024325748310503 0.6609728917667538 0.7028385761375375 0.7000797665844811
37 0.6047109587269688 0.7357563617327934 0.6057892215304719 0.7271860879844713 0.6638099913069482 0.7344845752363007 0.6627317903894436 0.7430547928276973
38 0.4953518979572209 0.8241981966834343 0.4918272817131992 0.7673235749980845 0.7421297018695441 0.7518125008133968 0.7456559122128965 0.8086853785572112
39 0.589172038932702 0.8491219129864128 0.5965478803997257 0.7979328905071263 0.8017407351347856 0.8274905779963392 0.7943663969750787 0.8786782629923174
48 0.22953652378828338 0.5476149839229303 0.22798760477121505 0.5204559102279002 0.43172220282508533 0.5088362744912636 0.4332715395843252 0.5359948987138993
47 0.21327671202584497 0.5765800157308881 0.2122726528473322 0.5452994906866352 0.43553152737467826 0.5381319950173703 0.4365361600941924 0.5694119288074241
46 0.4421536126527599 0.5718627877681401 0.44343747951154455 0.6058678064000118 0.19196586275870686 0.6153579448180961 0.1906827979909167 0.5813537020827085
45 0.4445787369119216 0.6049202585102587 0.44778013046266096 0.6396913480827321 0.21411350951075292 0.661199900605891 0.21091296573865748 0.6264296081954629
44 0.4452923833496243 0.6402825118305975 0.4504487009729701 0.6793137475066873 0.2216653702247413 0.7095308036568694 0.21651007948526058 0.6705005064121188
42 0.4662396242039222 0.6765791178546516 0.47807084289718205 0.7406613974737403 0.2446995024121179 0.7837367596397844 0.23287019977203727 0.7196561663318695
41 0.32237061827356683 0.8108783905596149 0.32198342919548395 0.8098525601494517 0.325256112537204 0.8086175659825794 0.3256433018033249 0.8096433959502175
40 0.47581024395003624 0.794863763888066 0.5009246561321561 0.8700759581970483 0.33546203054572743 0.9253110521980668 0.31034963973729646 0.8501005749331887
49 0.4364089902005617 0.4846330593386008 0.4367808430264404 0.5112108888716269 0.2104199998252625 0.5143755870620028 0.21004861126448304 0.4877982183370881
50 0.2112829819535591 0.48859111468849126 0.2104203948341592 0.45580051293498797 0.4351242728421312 0.4498880104479664 0.43598737374270513 0.48267809874815276
51 0.4341342994777051 0.4161766885301565 0.433683182742584 0.45446937532668513 0.19311274700180547 0.4516333843396686 0.19356446439121555 0.4133413157307141
52 0.2130366970226305 0.3956851738499002 0.2178946561491557 0.35687772873553597 0.4400972269573913 0.3846905593127188 0.4352398338493231 0.42349750464169816
53 0.2165894149744645 0.35450696298563417 0.2227000251946265 0.31183440899480497 0.44481641440313524 0.3436386184138026 0.4387063689941897 0.3863106742526841
56 0.22212080039844295 0.3067905911935875 0.23166643851936897 0.24617841569436508 0.4617239250297871 0.2824078895728521 0.4521789998332224 0.3430194223695783
55 0.266193434375 0.20894023125 0.26796805625000003 0.20894023125 0.26796805625000003 0.2099447515625 0.266193434375 0.2099447515625
57 0.4766579790259584 0.15739813337436398 0.4402720322092364 0.23271717376604004 0.2949713753445167 0.16252393064278295 0.33135738319390384 0.08720518466100406