55 0.5024541767108985 0.32685498853897205 0.5371765896403531 0.3289457562488474 0.5238337722078086 0.550524829576564 0.48911136171830094 0.5484340929142869
56 0.4735797429958666 0.26394882291561717 0.5034795249616764 0.2654943690266 0.4893780709718385 0.5382864200440814 0.4594782910445474 0.5367408994531462
53 0.4577703437867058 0.5360414501097157 0.42532657589765677 0.5341228616364913 0.44098025208961644 0.2694416616515954 0.4734229452320733 0.27136021782418995
52 0.42358992331276113 0.5206710962753336 0.38492490972294036 0.5170236309386811 0.40449257832040075 0.30961477772391816 0.44315654918386826 0.31326219258389365
35 0.2365026868355926 0.29922850053572364 0.3004474774523942 0.2915582784781279 0.3248718056091775 0.4951692636211259 0.26092703190067823 0.5028393896646962
57 0.562615588292033 0.5524645000250048 0.5259657349324698 0.5532142851600396 0.5209573508451513 0.3083879697480793 0.5576060154993456 0.3076381968602104
43 0.5905542057035973 0.5440469100825708 0.5610946983391614 0.5432131827374559 0.5670486977065821 0.33286143102555726 0.5965073738168485 0.333695146564763
54 0.586976974926074 0.29970537946866516 0.6237168334376975 0.2988204801864771 0.6297386198627919 0.5488246940393169 0.5929987617026882 0.5497095787210091
63 0.7607768354135942 0.5096616376732406 0.7014445075844833 0.5013192838054111 0.7304183238302357 0.2952688746418255 0.7897492127798387 0.30361112824869885
40 0.5193370171875813 0.5643300796874975 0.5405237554406312 0.5632832297834109 0.5494108481350395 0.7431233468243483 0.5282241112619204 0.7441701779916822
39 0.5605933303523898 0.7407012122772082 0.5295594428101822 0.7388763255646154 0.5403630422226797 0.5551870992746378 0.5713958134707582 0.5570119532327704
38 0.5666631761174585 0.560359335831607 0.5992086982283809 0.5594383548460482 0.6052826639348723 0.7740527072894983 0.5727371427618664 0.7749736682870934
37 0.5967866599720537 0.5519224085896045 0.6279835175618018 0.5495681562399897 0.64326255602532 0.7520108622852609 0.61206570386571 0.7543650674503958
36 0.6236180124213888 0.5448835296895709 0.6581892207901774 0.5394048320563776 0.6923467918500137 0.7549178142252225 0.6577756116861337 0.7603963946124888
34 0.7411219518220378 0.7314287131601552 0.6815422852482698 0.7386119148929678 0.6562617078321864 0.5289423960100197 0.7158390343315659 0.5217593348549655
64 0.8533139359138886 0.6301231901189254 0.7829710212405416 0.6743608178738187 0.6950393537621267 0.5345527078723351 0.7653807173662699 0.49031572435262555
41 0.4992466093750636 0.5669920140624981 0.5181513921305623 0.5655329821358341 0.5307593803532882 0.728876096869351 0.511854600309789 0.7303351053293038
42 0.5069511717366595 0.7379035333391268 0.482365476973996 0.7391496535327752 0.47346230889161234 0.5635059466090356 0.49804718310394946 0.5622598466608627
44 0.4527664175291193 0.5558562609232275 0.48645494834579495 0.5613380451894745 0.4538478476954424 0.7617017385187823 0.42015934361711516 0.7562200650928333
45 0.41972044171996004 0.7379563925067871 0.3858742962612496 0.7317195136271599 0.42130321724039277 0.5394843086910465 0.4551481312968235 0.54572107255239
46 0.3807437167492935 0.7452687175983943 0.34426378140210545 0.7382351121568154 0.38372905211338093 0.533578475912039 0.4202076182474457 0.5406119500091001
48 0.3524416742951644 0.7231476144758892 0.2838898762328199 0.7102847466922748 0.3233505047427343 0.5000149220012868 0.391899831198657 0.5128775629203475
49 0.2667067553338711 0.5086474569949772 0.32941024450508394 0.5191094992186036 0.29516659595583405 0.724324611145608 0.23246315793653594 0.7138627699087775
50 0.2341517843086649 0.6766925849240512 0.1664682706017402 0.6632465918538238 0.20610011929011307 0.46377757384234386 0.2737813654060801 0.47722333839508274