55 0.5253893791739301 0.5659250656225657 0.48159019635318145 0.5674744737579555 0.47243126519913403 0.3085614019807224 0.5162289458091891 0.3070120203481145
56 0.47974009095753445 0.5597876067066009 0.43769965300384683 0.5602757198394346 0.4345254069918383 0.2868282133285516 0.47656438670958323 0.2863401085686334
53 0.399646963956684 0.22738149903966937 0.4465150048054056 0.22886706458683306 0.43593409152356344 0.5626702074705322 0.3890660516523212 0.5611846719685156
52 0.3586368625126397 0.30760849540988866 0.41031875109763405 0.3117874403795016 0.39107795486472696 0.5497306389698097 0.3393960735431847 0.5455517586536631
51 0.3245712653224473 0.28757033950669797 0.36425614581071386 0.29136533319928526 0.34090492655786875 0.5355419407442128 0.3012200535173406 0.5317470046636321
47 0.3073835100994984 0.518189884375 0.24058238952022748 0.518189884375 0.240583379020336 0.2990239578125 0.30738270988456406 0.2990239578125001
35 0.24056712937851898 0.4864132231362817 0.1741063943949257 0.48014356594682617 0.1952275764838305 0.2562721570241906 0.2616866418650261 0.2625417351964081
43 0.5616081638364676 0.3118729062319492 0.603457862957498 0.31540081008552634 0.5824199227575946 0.5649499736284298 0.5405702303665976 0.5614221288546641
54 0.5933729022100351 0.24527543922135686 0.6403104792188969 0.24613244944693768 0.6343155024717362 0.5744566057500519 0.5873779258555487 0.5735996133099105
59 0.6320251195784294 0.3320778263725972 0.6759210267578055 0.33170699840123674 0.6778320935843567 0.5579128454306245 0.6339361864768307 0.5582836676859608
60 0.7150387155834323 0.5489592353934383 0.6774681994467073 0.5521358493975091 0.6569502574417356 0.30947336460162117 0.69451965377948 0.30629679622119166
61 0.7749919841218116 0.531628244204269 0.7100964655020334 0.5376126814369904 0.6904086642036873 0.3241212445425819 0.7553023694498506 0.3181368918096607
62 0.7924194558834188 0.3567698817083238 0.7836894969914283 0.35661048185780914 0.7850662348461128 0.28121414596787125 0.7937961279707224 0.28137354520677377
40 0.5128510524632475 0.5851754942161642 0.5385258222050879 0.5856765750389304 0.5350240349439446 0.7650803972510722 0.509349265537594 0.7645793256931935
39 0.5401322536250746 0.5871696567444507 0.5734716862639289 0.5882179588973598 0.5673175031832898 0.7839149667358052 0.5339780714850804 0.7828666859511808
38 0.6214063741938389 0.8445504388718974 0.5805899653423694 0.8459026618566924 0.5720476949807107 0.5880666622803501 0.6128618474440373 0.5867144762689809
37 0.6059035490922042 0.5753466187813501 0.6460342231727054 0.5696683325410494 0.6790460612426159 0.8029451466726307 0.6389154165378841 0.8086232933820301
36 0.6710195875507452 0.560780834375 0.6705173280743111 0.560780834375 0.6705173281757197 0.5590062109375 0.6710195875000409 0.5590062109375
34 0.6844473973111462 0.5448835047923843 0.7564901863222531 0.5297816499180503 0.8086041958981696 0.7783590791394983 0.7365615266202212 0.7934605447472763
33 0.7479917270037504 0.5088755551282673 0.821231655141105 0.4881489703924542 0.8868769144096404 0.7200905344169736 0.8136371763439456 0.7408166520598001
64 0.9349110822274724 0.65609216674738 0.8674686198720565 0.6824486346593618 0.8188176775221336 0.5579699683375735 0.8862586412859628 0.5316138280274137
41 0.4816671999033133 0.7728484611768619 0.48166761345135 0.5803016015489773 0.5107985864376587 0.5803019547686296 0.5107987549290556 0.7728482249695091
42 0.49182773440111305 0.780490065786938 0.4575631839034031 0.7824091438528815 0.4461554174408775 0.5787437996930372 0.4804185053957326 0.5768247630302373
44 0.4025381183149648 0.5650765002612687 0.44785611270515346 0.5653231173460731 0.44646964550918256 0.8200641508084239 0.4011516511437776 0.8198175403425539
45 0.36735582736775996 0.8095811368544202 0.3248090137658437 0.8018803288505157 0.3710450370978151 0.5464740502494149 0.4135896033183144 0.5541746485241096
46 0.3188045823677612 0.8030833602968878 0.2713078175911505 0.7933477060734516 0.3237443878922477 0.5375735953833648 0.3712387527586998 0.5473089992306556
48 0.2773615558645588 0.7822392052750607 0.2068854801273119 0.7673103623195662 0.2606007119300102 0.5137761971475543 0.33107331120527306 0.5287046599962026
49 0.19137813027839456 0.47986685260515866 0.2629558471347764 0.49379305009744134 0.2170747038898071 0.7295880890647771 0.14549706916977811 0.7156621978899054
50 0.18170763785462896 0.6527703329652318 0.10761305783978514 0.6597597554434481 0.09480324649427985 0.5239689560310934 0.1688960516903535 0.5169796170585793