55 0.7047850043883273 0.46908034718566666 0.704295525063003 0.508895564505921 0.44080975697465874 0.5056536912859254 0.44130000594213925 0.4658392588663814
56 0.45414350115515845 0.4644728312657219 0.45441707627946926 0.4311729154182442 0.6816315513282234 0.43303813727747886 0.6813584974870537 0.46633752857006705
53 0.7025887733453828 0.37711861867575774 0.7060142229389612 0.41812583075580506 0.4598420334847333 0.43868614717329296 0.45641725988400594 0.3976795689993828
52 0.6659756206494194 0.3434229211762417 0.6688462299143794 0.38808688376869016 0.46369120076838044 0.4012703533850612 0.46082113929651314 0.35660690080348595
51 0.6469479147001493 0.31005465114070097 0.6496561313671236 0.34741182310265606 0.4666299778446046 0.3606789079227565 0.4639221334350623 0.32332208797958395
47 0.4610535012888022 0.32104181811384874 0.45878337297608596 0.25926889285575333 0.6672215254271805 0.25160841496697156 0.6694921935184084 0.31338077487352584
35 0.4770239968415808 0.2558716169222808 0.47943178635057393 0.19207489199646155 0.6878578025394972 0.1999406515418647 0.6854504933875205 0.26373690284605666
0 0.5142769765765252 0.18950954261542247 0.5249294850254955 0.13059932114069595 0.694472200931159 0.16125668314699088 0.6838200042816425 0.22016661953640476
57 0.720912093482184 0.519988478988534 0.7187425392303339 0.5612005256393121 0.43977421495696944 0.5465116704492722 0.44194465162070173 0.50530052350595
43 0.6772281132368789 0.555226817924867 0.6765579816614036 0.5866280914596845 0.4643937982780244 0.5820984048820201 0.46506449342689393 0.5506977027057322
54 0.4582525770547363 0.6142207973956064 0.4595769328465167 0.57885832614987 0.7228705770036186 0.5887151020086075 0.7215471046015409 0.6240767203933361
59 0.4662998002123686 0.6524777167737641 0.4673195217911825 0.6103000845412204 0.6877167517047837 0.6156260626117557 0.6866979505467725 0.6578027950613415
60 0.47629075994950654 0.6843833106625125 0.47668459360272664 0.6503769950443488 0.6737978005324976 0.6526580669540923 0.6734046588403544 0.6866636915928518
61 0.4791002158253832 0.7472838240659703 0.47772871659606153 0.6866818593834216 0.6830809319707214 0.682033954147281 0.6844537531871993 0.742634542411961
62 0.49334479329286296 0.8021095367591662 0.493345501770591 0.7478651927315535 0.686778862154938 0.7478662042037715 0.6867793911264926 0.8021093075659531
63 0.6984917922198974 0.7807905820364421 0.7059229287957578 0.8310996347267946 0.5307929643049647 0.8569601875306635 0.5233630648829148 0.8066522414417427
40 0.4321206647529152 0.5072826542289977 0.43428823623446533 0.5321683724643079 0.2705274448370574 0.546429551948653 0.268360225731044 0.5215441584323256
39 0.23795040513778076 0.5765002369355907 0.23572008739733974 0.5482093371327459 0.42851708268733546 0.5330100729996355 0.43074782334349493 0.5613005154211159
38 0.2250753899609208 0.62003121803032 0.22117890326990164 0.5916839235450656 0.43600174117989354 0.562156508891916 0.4398986915232399 0.5905032568291357
37 0.25082270842676735 0.6688964180533056 0.24295002736187143 0.6345369784316562 0.44545860160064876 0.5881403425425312 0.45333176192480096 0.6224991168613861
36 0.4625406458155794 0.6227065370285446 0.4703645768771594 0.657716113132833 0.2798122575151183 0.700292983075805 0.2719891186920904 0.6652840962311534
33 0.30878438281251874 0.789552989062538 0.30878438297327193 0.7890507278999803 0.3105590063036061 0.7890507283500945 0.3105590062499459 0.7895529894054891
64 0.34450784387820477 0.8670273736853193 0.3332938212275849 0.8051818247656901 0.5067167625670663 0.7737412180699842 0.5179318394509664 0.835585418916366
41 0.2667228568758446 0.5207935643023038 0.26459378171728076 0.4982250904129552 0.4318963613586675 0.4824422078260324 0.4340256950534922 0.5050103951123421
42 0.25041532307864145 0.4893753041063731 0.2495755304089471 0.4646420038268579 0.4370253413061391 0.4582764529651104 0.4378654573725953 0.4830094261485412
44 0.4415824792458807 0.4265732524280194 0.4404033525720479 0.46147447571165934 0.21226809834627147 0.4537655302705246 0.2134477397265755 0.41886484584939093
45 0.23186082274708042 0.40779608388948946 0.23602950444399085 0.36887544934030364 0.45244444041611587 0.3920526398670572 0.448276320385844 0.43097276719639
46 0.25737209966780483 0.3591586136894106 0.26614145324708716 0.3174935338461525 0.4661646073968768 0.35959044772478665 0.45739578902089306 0.4012550617124357
49 0.4766602026173814 0.24834663589199513 0.4614218192803037 0.31458123754417605 0.27735897217087313 0.2722345525590903 0.29259769121642876 0.2060004640208022
50 0.5090237360531091 0.1827773935933419 0.48543586413109097 0.2545157673058744 0.313235931967597 0.19789574240683802 0.33682400028362736 0.1261577332593213