55 0.5315805850926836 0.49874252305490463 0.532555963724576 0.5503901837484417 0.2508888783436305 0.5557052130070337 0.24991468734538103 0.5040587113031855
56 0.49468002647540743 0.5533309124908231 0.4924657402171988 0.5963658491023609 0.2632327111716677 0.5845699163148194 0.26544780305664517 0.5415358554477575
52 0.2455643028781651 0.6791357771330827 0.24455766961125391 0.6319722337259832 0.5070065588740817 0.6263681067674993 0.5080143970540121 0.6735304410404556
47 0.260509736449535 0.7513414571939304 0.2577676352468643 0.7123833783705511 0.4824485150604687 0.6965700112824955 0.48519150636832364 0.7355270901889397
35 0.4661016907944031 0.7643727174515346 0.4692321980816132 0.8196468131787717 0.2526255343761932 0.831909887526955 0.249496567302117 0.7766373084417079
57 0.22116264750673054 0.501310233230585 0.22040615884498038 0.449802598789326 0.5334625677693339 0.44520210545711103 0.5342202031154102 0.49670857574375665
43 0.517801535697572 0.4009461253753818 0.5204514549774331 0.4434268907535305 0.2501831255056004 0.4602823816330533 0.24753400226563826 0.41780237225298267
54 0.25056078188185893 0.41428086639196543 0.24793755114001215 0.36638524844062675 0.521543250048353 0.35139870349447566 0.5241672004885913 0.3992935618791174
60 0.4997211843859759 0.2899917208591259 0.49937620970467833 0.33269563641450134 0.25083122525825274 0.33068616923601535 0.2511766943065368 0.28798275162322484
61 0.287488909375 0.23154193906249998 0.496894409375 0.23154193906249998 0.496894409375 0.287795078125 0.287488909375 0.287795078125
62 0.26494223564645836 0.23995544019731108 0.26203658387998985 0.18641926907037634 0.4540594423365292 0.1759971523441896 0.4569653994210512 0.22953297412654322
40 0.71642625858874 0.498081512333769 0.7155681638229225 0.5279034434285298 0.5466126878455952 0.5230410262525056 0.54747116249996 0.4932194874999606
39 0.5439276345817916 0.49232205240806515 0.5438068919943362 0.45824112952689106 0.7417529924199471 0.45753884940577116 0.7418742230534008 0.4916192760950245
38 0.5377407898934052 0.4566234631256135 0.5372964694172424 0.4110519346957946 0.7746169841133224 0.408737029205306 0.7750620101643335 0.45430782177752144
37 0.7373209698653227 0.34981785034438084 0.7419970324192491 0.3944200138580187 0.5418057568227823 0.4154050038343583 0.5371302571197702 0.37080332422419954
36 0.7373917578632927 0.28965203841340387 0.7463374658073008 0.33352093975234026 0.5458774629514664 0.3743957040925481 0.5369322660110356 0.3305272362967331
33 0.5989352265625 0.19939728750000002 0.5998225374999999 0.19939728750000002 0.5998225374999999 0.20090406875000003 0.5989352265625 0.20090406875000003
41 0.728779351783146 0.5274299711233241 0.7282205757223892 0.5604349069481963 0.5389964369029485 0.5572299920820717 0.5395557191318403 0.5242255762117716
42 0.5546239926559338 0.5977190709324376 0.5533032419821211 0.560378764639128 0.74899491078952 0.5534564341003572 0.7503162794063201 0.590796094749519
44 0.5368231789652782 0.6348568043328743 0.5368236963413437 0.598693820230843 0.7843831280863469 0.5986953461497752 0.784383451191502 0.6348574728848786
45 0.7619320002821723 0.6530009026503115 0.7581871267702809 0.6921375370460193 0.5360416011113784 0.670880046374622 0.539787264284314 0.63174424786676
46 0.5224503389540587 0.7117688306374321 0.525520386615085 0.670560882796067 0.7579034951197627 0.6878701803781304 0.7548345430253676 0.729077060751801
48 0.49205699555352567 0.7639758004945292 0.5239289949008707 0.6912373952360055 0.6810549758972684 0.760073784237229 0.6491846934937939 0.8328107293930018