63 0.5240302036222602 0.5486443066639574 0.4825615493737132 0.5472836412955441 0.48987961604575503 0.32428383190787585 0.5313469473861687 0.32564447453429884
62 0.4815294919275175 0.5495635917456141 0.44778888360986 0.5484234491966582 0.4557236942981717 0.3136388962181534 0.48946318500952657 0.314779019008505
61 0.3864589384371584 0.2547460134416805 0.4328760057726413 0.2499062696386386 0.46264470166147476 0.5353999671496599 0.4162276473239217 0.5402396245840898
60 0.3639632879198871 0.2868388628551402 0.40476388272657005 0.2849764713388745 0.41613371079279204 0.5340510155660455 0.3753331180777195 0.5359133775272947
59 0.34768324410060814 0.28642941474536066 0.37476393682993603 0.28666891475226464 0.3725740903780661 0.5342671854118247 0.3454933976807979 0.5340276891960287
54 0.34326177401544555 0.5355539805387519 0.28485562905234474 0.5337830022026432 0.29150016303026405 0.314696710025449 0.34990451005614887 0.31646765965559154
43 0.2565490623038613 0.3253991072092075 0.31245892922038365 0.33458662265646877 0.2820713539715598 0.5194983143749412 0.22616151320130484 0.5103109106001109
0 0.2072475686609323 0.24652624265897863 0.26102702219554885 0.24704218959441768 0.259582321240714 0.3976255273550611 0.20580286767426514 0.39710958424062537
64 0.5702093521331335 0.5533650918758554 0.5265287743279714 0.5538828678319325 0.523902960708142 0.3323183313172522 0.5675821632675024 0.3318005637883639
33 0.6004048974824627 0.551204163183621 0.5679148110805272 0.5507704384989631 0.5709499526331001 0.32347148311832014 0.6034390179391949 0.3239052008202072
34 0.6354098788107194 0.5541996163093933 0.6041304631864932 0.555833889194009 0.5915420701112453 0.3149018114928181 0.6228204286310302 0.3132675673231665
35 0.6247374853861629 0.31783128653762815 0.6596124553772142 0.31614302039241743 0.6702172065372451 0.5351969204560292 0.6353422384062242 0.5368851618469733
37 0.7472944067725393 0.5228539057522436 0.6920451472667537 0.527879701663036 0.6738210960279503 0.3275430973339219 0.7290688612921485 0.3225173716822488
38 0.7296701638866807 0.3112964222872028 0.7712776862439341 0.30752833910735755 0.7888908717425238 0.5020060198328347 0.7472833553492819 0.5057740575092576
39 0.7682223607023388 0.30458678547227447 0.8156339279760232 0.29893714502736013 0.8373558857491616 0.48121923730902433 0.7899443297687867 0.486868815172566
48 0.5088170034975974 0.5753491444812914 0.5340762359336395 0.5734844309517636 0.5486092231620887 0.7703216766369297 0.5233499950661553 0.7721863525281549
47 0.5280436763105172 0.5692226680997229 0.558845535226169 0.5645590748510955 0.5892811391447594 0.7655532006424923 0.5584793027041997 0.7702166973261082
46 0.6139434267436172 0.7804650676584838 0.5830389731871719 0.7842615771704878 0.5566665841441818 0.5696105295464307 0.5875696918967606 0.5658141031002938
45 0.6506208719561073 0.7777524188590881 0.6151424017640466 0.7822601367041784 0.588889687127562 0.5756614264404538 0.6243666655811921 0.5711538039908445
44 0.6864687699118122 0.7648502919645614 0.6495709918783632 0.7694445964595252 0.6253339173199493 0.5748149847330268 0.6622302650332585 0.5702207691448046
42 0.7520775564282758 0.7608294910828934 0.6922677820791705 0.7701969971010348 0.6600291823908719 0.5643809397276377 0.7198365421079416 0.5550136235031522
41 0.8153439751639553 0.7478002576254703 0.7602295570653723 0.7590894202680737 0.7173502705218198 0.5497739334767289 0.7724624855503635 0.5384850003116234
40 0.7723871609678099 0.5226450586391104 0.830145316742346 0.5126377550529194 0.8614631418835188 0.6933730255431144 0.8037050314532053 0.7033801594506958
49 0.5227435500771662 0.7854396546883137 0.49535285502918214 0.7873949113766023 0.4804609978584722 0.5788015013445544 0.5078505394970989 0.5768462852157842
50 0.48177416842690945 0.7819446948708676 0.4428246269162628 0.7802489665940511 0.4525621264789379 0.5566422951095721 0.49150996870730523 0.5583379874328568
51 0.4498886637355781 0.7908968375522742 0.4123697769591672 0.7899835220813738 0.41794206838301307 0.561143896399766 0.45545928046931294 0.5620571922331268
52 0.4136403460204292 0.7915471508615106 0.3709499071603659 0.7911656537014712 0.3728849176962967 0.5748046241348412 0.4155734148199599 0.5751861125597685
53 0.3815000742230268 0.7815385028018669 0.3403505473174846 0.7839477550953493 0.3287747087097159 0.5862500592780576 0.36992260241754593 0.58384085374781
55 0.25044080712496 0.545401484282307 0.31866604136246224 0.5653392458229503 0.2604682206280131 0.7644624287707876 0.19224315728570218 0.7445250760240671
57 0.22193542257389254 0.7053942287217941 0.12031422415498128 0.690056848242154 0.1385351571029787 0.5693548272725106 0.24015400350742766 0.5846920278318969