63 0.6445347720550672 0.4484685274681199 0.6459903389823012 0.4918731358774254 0.4499460604579326 0.49844528462320015 0.4484911288789135 0.4550412913490369
62 0.6659076869270848 0.40586581467395827 0.6675457472050539 0.4430248398031521 0.45764005745684244 0.4522756691276553 0.4560025273329984 0.4151171470744721
61 0.6553204857159471 0.3695438975822191 0.6566458217603213 0.4046525993319812 0.4495713807515358 0.4124673610230307 0.44824649018403306 0.3773590696519354
60 0.6446257984101749 0.32876357164571895 0.6462248628166662 0.3670461147083924 0.44965356050886385 0.37525530167526155 0.4480549150707702 0.33697315746188
54 0.4652900873021508 0.32912074324428703 0.4633392503523055 0.2762697117454187 0.6491456956207458 0.26941109613002484 0.651096963604914 0.32226164786079264
43 0.4921642998273228 0.2715837383752611 0.4901582303972418 0.21605483976851775 0.6624526068723071 0.20983023601108286 0.6644590170744777 0.2653587695201355
64 0.6267577323309297 0.4981265385728601 0.6258963399469621 0.5422744742213162 0.45138766022284926 0.5388682407147795 0.4522496470327724 0.4947209063602329
33 0.6375546253442508 0.5536296031745757 0.6356356296126933 0.584147422721181 0.4514527064387721 0.5725650791337675 0.4533721529126069 0.5420477372637439
34 0.45043647564807543 0.6090723506307145 0.45320407270435226 0.5748552527906371 0.6426151755238152 0.590172906174594 0.6398482162813934 0.6243893969308173
35 0.4556750485504608 0.6578458973532838 0.4523380908890431 0.6226887193457431 0.6319876244139095 0.605637909497369 0.6353251274045988 0.6407944810587602
36 0.4687685865249023 0.691984772007665 0.4659232590292959 0.6601467724641725 0.6690552990322658 0.641994095198783 0.6719012180697064 0.6738314227524564
37 0.4711180511052362 0.763661568566565 0.456502060918865 0.703419979650453 0.624232055431321 0.6627304257551107 0.638848800992946 0.7229708664881189
38 0.4983691419901106 0.7992038305071941 0.5011601014339249 0.7458161247592608 0.6980198480496256 0.7561041405658447 0.6952301932991531 0.8094905926449892
48 0.23923735819880676 0.5171819304828095 0.24146925440913947 0.4848594981341051 0.4089822389339588 0.49642466457156426 0.4067507875959109 0.528746678720661
47 0.40550126432378875 0.5278747367560035 0.4072915184755175 0.5466611534963379 0.26767169435879623 0.5599643284841592 0.2658816767306007 0.5411781337097477
46 0.4238506746717121 0.559771933979981 0.42601003914069224 0.5921871830933858 0.27276721370594714 0.6023931097995752 0.2706083151048233 0.5699782956570092
45 0.23119843766448867 0.6526197689175758 0.22610605098066117 0.6218136669653725 0.42583021865004866 0.5888002497626706 0.43092307692415943 0.6196057775433287
44 0.2608695656249438 0.6735308890625296 0.26027406327193603 0.6375241264326736 0.4421889444345197 0.6345140840647417 0.44278509045670944 0.6705202101429009
40 0.3717834953124566 0.8508287296874979 0.3508310382859463 0.7958139147950672 0.48234678246353724 0.7457351389964403 0.5032996337922668 0.8007490153548216
49 0.41112131828049314 0.4663953453902256 0.40873208852701737 0.4964115375174587 0.26505048887986504 0.48497485638683613 0.26744000263443013 0.45495898689204156
50 0.28104473028054144 0.4519955657086398 0.2833353541413999 0.42845486302723346 0.4192807145866482 0.441681616663119 0.4169903278518632 0.46522210234950634
51 0.4321207513518175 0.4088392794792536 0.4267812371707578 0.4438203261178486 0.24590894920140727 0.41621242140457876 0.2512487877172589 0.3812317947517537
52 0.4455757505438669 0.36599477293320404 0.4449085325712758 0.39665767606178415 0.26730053108803986 0.3927921658526301 0.2679680562499698 0.36212958281251273
57 0.5119790516488365 0.19487623335421098 0.4755305967632921 0.2698317980842613 0.3433207708616237 0.20554287619352407 0.37976929843750895 0.13058764374998222