63 0.5246875008555207 0.5491513775294405 0.48207978359914705 0.5529975825399018 0.45883733080404454 0.2955279382738957 0.5014435759819662 0.2916818019808214
62 0.47619707635465147 0.5301185813508943 0.44612614165453124 0.5283206302887634 0.4610708568681048 0.2783917300583496 0.4911408558485846 0.28018965285076225
61 0.4495025756357336 0.5197954117175045 0.41137916151058107 0.520124855882051 0.4088727805921053 0.23001737592701224 0.4469949015744987 0.22968793743674135
60 0.4066374494683487 0.5130262884597012 0.36431111551985396 0.5096722536095947 0.3826844754586318 0.2778284799321197 0.4250096741720881 0.281182470775272
59 0.365603884037796 0.4965516244656178 0.33051923091704793 0.49351313716409684 0.34792661388758006 0.2925308734145124 0.38301042252749085 0.2955693239739595
54 0.3292876177473545 0.4868868609492641 0.26705505365794124 0.481854776255325 0.28409910864615995 0.27109043309118624 0.34633005996136035 0.2761224495416634
43 0.26290900989476995 0.4598756889479585 0.19771980276220802 0.44406204101627744 0.24936500394585437 0.23117599246129644 0.3145526865131387 0.2469894406092548
0 0.23167235946687015 0.31822236109720287 0.1754906304860242 0.29550749036245144 0.2265682744574633 0.1691782297716164 0.2827494994191966 0.19189298524344126
64 0.5574912016637654 0.5197551983712024 0.5218935758887255 0.5204305815316511 0.5176519998689173 0.29685140281267813 0.5532485980855881 0.29617602964088535
33 0.5547896158725507 0.31026462735624294 0.5870637081844734 0.30915750235241035 0.5948184703654533 0.5352076020604736 0.5625443789532483 0.5363147108580364
34 0.5985969887116198 0.24128876345186834 0.6392587818339734 0.2415177715485573 0.6376050728947575 0.535132167873543 0.59694327976365 0.5349031637998807
35 0.6091067248398758 0.2811444030648655 0.6479334308714897 0.27517934497886815 0.6842980590632806 0.5118676716142994 0.6454713726515138 0.5178326433616048
36 0.6869196247995433 0.40240591224798583 0.6603282983112422 0.40587932326243864 0.6436017130595246 0.27782948646317657 0.6701926930636546 0.27435609816269396
37 0.740751819661682 0.4917461307617261 0.6807445102112979 0.4966652636567863 0.6642846987814437 0.2958764659154408 0.7242905586256256 0.29095739288733186
38 0.7213794392243926 0.26471968285495523 0.7790389918876599 0.2587252036051939 0.801023074997147 0.4701773436912636 0.7433635349444785 0.476171750025567
39 0.7597561432370412 0.20569203920139764 0.8110204857181316 0.20416480455508443 0.8145278400635334 0.32189318801482897 0.7632634979314616 0.3234204155372214
48 0.5034563063411497 0.7375907581157134 0.4799260550942108 0.7371393133223875 0.48336688321739985 0.5578431398172322 0.5068963086316671 0.5582945767278454
47 0.5101186369040533 0.5623776734993581 0.5381102211637199 0.5648150380379967 0.5226311944247755 0.742560272248956 0.4946396159358528 0.7401229507741163
46 0.5559514192501638 0.795209069292137 0.5212921111352671 0.7925740690429264 0.5385348776625278 0.5658167734986231 0.5731925915365537 0.5684517137074101
45 0.5728662939345668 0.5722108359430116 0.611652664048961 0.5708509769986123 0.619474964662686 0.79393270377712 0.5806885964648245 0.7952925316313874
44 0.6056911448151823 0.5667234397496588 0.6499219923451847 0.5577112630266309 0.6977036323631864 0.7921887514949258 0.6534728526945628 0.8012007063614371
42 0.6481004999991455 0.5448921309428747 0.7215688632903721 0.529491640931144 0.7729573019820464 0.7746117066201891 0.699489058239692 0.7900118080598496
41 0.8279846843012137 0.7215179666871652 0.7602289168884226 0.734512152090582 0.7194822212138661 0.5220661184164039 0.7872353370573819 0.509072191314101
40 0.8593409876999658 0.6361469581758724 0.8072412337508013 0.6437919786285635 0.7888973283982068 0.5187904324235656 0.8409959432643745 0.5111454968918044
49 0.45806127500000005 0.560780834375 0.48116524375 0.560780834375 0.48116524375 0.7426796812500001 0.45806127500000005 0.7426796812500001
50 0.4647463032227961 0.7549116928837709 0.43955821732879485 0.7562175731579023 0.4294949681423077 0.5621336285493959 0.454682061713811 0.560827774262834
51 0.42862841492126336 0.798250841004328 0.39360704391935997 0.7970120331193085 0.4021131692664994 0.5566027728288747 0.4371328295716239 0.5578415507375318
52 0.3611250625 0.5510204078125 0.400803615625 0.5510204078125 0.400803615625 0.7666370890625 0.3611250625 0.7666370890625
53 0.32394424266897204 0.6012578896582829 0.36639134456436295 0.6035100698365505 0.354872517320473 0.8205754182350968 0.3124254191144473 0.8183232912008948
56 0.2833005010910483 0.5218643702034791 0.35821324186542824 0.5435963375111404 0.29485565324364416 0.7619714898643296 0.21994310727552602 0.7402400055729631
55 0.21947156495502895 0.48516018782182424 0.2899201247774954 0.5054592253930911 0.23181496136487567 0.7070948915512761 0.16136655946024803 0.6867962365145954
57 0.11303560401665891 0.51608431053672 0.17440920148885652 0.49703504395505216 0.20694643375964006 0.6018552592104507 0.1455729138285733 0.6209043477503259