55 0.5820763111917131 0.48116513456108834 0.5814212182193614 0.5205374316090525 0.3421804587309225 0.5165546500698333 0.3428362559029665 0.4771830715915649
56 0.33259819157069614 0.5462112595505779 0.3336773343812638 0.5141033885421508 0.5700016923644853 0.522043418298771 0.5689231864606654 0.5541506786636429
53 0.5748928952923507 0.5561793244628706 0.5735462705863483 0.594656475198385 0.3219537198580156 0.585848867960014 0.3233011563402215 0.5473725566080552
52 0.3559279914242097 0.6184411696017902 0.3583131245899267 0.5822225714724528 0.5744749125233284 0.5964538741950254 0.5720905484092782 0.6326717594204151
51 0.578017371013857 0.634563014003003 0.5754135290410431 0.6754898014230043 0.36210740853596235 0.6619179534289681 0.364712051814422 0.6209920291317792
35 0.5489583344788116 0.7068345896175442 0.5439012715404488 0.7626701186862779 0.35720836400628286 0.7457618841462073 0.36226646496550075 0.6899275387993982
0 0.5214697060257549 0.7600060074335536 0.5168079227599947 0.8110719217746941 0.3093916958837326 0.7921373693243313 0.3140546047826547 0.7410727125610799
57 0.5785100274163142 0.440926832514228 0.5797711971807757 0.4795308967705227 0.34773965283409325 0.48710860229528147 0.34647913583467016 0.448505176106471
43 0.5776397553538573 0.4093418682041038 0.5769530177244633 0.4402895828569987 0.37058953869711786 0.4357091374063104 0.3712766780271295 0.40476184129178056
54 0.5829635261421799 0.37167243077553874 0.5829637873800948 0.40733298083339037 0.322093904596386 0.40733306485337883 0.32209419547473317 0.3716730963583405
59 0.3604542852181112 0.37206725287243014 0.360033341469034 0.33633784466915995 0.580120930603357 0.333743680869814 0.5805422921672516 0.36947268095835234
60 0.5786432228575222 0.29683893477833945 0.5813221695708535 0.33090879867353695 0.3829819883524124 0.3465031136120724 0.3803033990328686 0.3124335982388279
61 0.36627381680693816 0.3060397504821133 0.3638148900622582 0.2508907793897256 0.5749332400195044 0.24147707547727057 0.5773926334884436 0.2966255681889673
63 0.30827005145340536 0.22442490996272135 0.3093533124077794 0.17277026778409765 0.5215273739819395 0.17721915223458842 0.5204444563987636 0.22887347171085118
40 0.5945291476978127 0.4716614685723903 0.5941490381152335 0.44611788275461095 0.774397581943731 0.4434352358634168 0.774778007045029 0.4689784858492047
39 0.591836608933022 0.4429934668354612 0.5918368455925247 0.4143645574270696 0.7834959274696303 0.41436527440653775 0.7834960494626557 0.442993818492966
38 0.8322313678978617 0.39791502965126707 0.8292407071239722 0.43199743114032657 0.5923455061422374 0.4112091153015837 0.5953366190699398 0.3771271927736572
37 0.5943670167639539 0.378492499657263 0.5945972415704546 0.3446076625522859 0.8209021560784322 0.3461439858919779 0.8206723587921942 0.3800283984849544
36 0.5957732912553411 0.34571752502343367 0.593779329285212 0.30696334411605136 0.8045820701292996 0.2961169549539592 0.8065764086262561 0.3348707108022324
33 0.7613367093954366 0.20462524894564293 0.778856191486625 0.2638152745993106 0.5889785097290314 0.32001436130212285 0.5714595621935814 0.2608247809923261
64 0.6828059933455961 0.14091589342554184 0.713362212610491 0.20569248793169143 0.5651791159588129 0.2755914557512779 0.5346232799818154 0.21081518553658696
41 0.5891747916945178 0.5042692109374842 0.5891750093048813 0.47764939328278383 0.7879325175945269 0.47765022869338336 0.7879326968895839 0.5042696320817116
42 0.7949854743275182 0.5049965681827028 0.7951548295092152 0.5321511390874848 0.589321841341075 0.5334325285401141 0.5891529305697532 0.506278387756966
44 0.8039040216416424 0.5323953718605848 0.8039044089265417 0.5660471903824482 0.582076149075192 0.5660472107435354 0.5820763857955171 0.5323960093495005
45 0.579414375 0.568056253125 0.7905944984375 0.568056253125 0.7905944984375 0.6022099453124999 0.579414375 0.6022099453124999
46 0.7956569500275918 0.6132510101581276 0.7930520992891843 0.6530029866444963 0.5758688448730709 0.6387696871179538 0.5784744652077052 0.5990184946403402
50 0.6892800352545692 0.8064167940734648 0.6012253267481356 0.8577094818866031 0.5391374182206619 0.7511400676228669 0.6271901238523014 0.6998481184838118