55 0.48145040683982643 0.5072528257676349 0.4819029336188123 0.5559434953265235 0.21501258900639186 0.558420707185894 0.214561128342325 0.5097311180697606
56 0.2086636996150446 0.5909203265128078 0.2082423523467014 0.5538014669300747 0.4737421261191912 0.5507853698891059 0.47416432233114847 0.5879033697936922
53 0.469350014025963 0.5900584766928161 0.469578317752962 0.6362183611006201 0.14653200940676925 0.6378106224391068 0.1463051051553066 0.5916521431239697
52 0.45523227337696426 0.6396274809905617 0.4528251504164018 0.6754254316323124 0.1455740074939058 0.6547640522214945 0.1479821318616814 0.6189672433133478
51 0.1733389507631955 0.6872359898458954 0.1776236855097295 0.6470534009530465 0.4454387835447733 0.6756034906437678 0.4411552718659095 0.7157849682236341
47 0.42960277362055876 0.7162428466535788 0.4204219377766094 0.781116864944444 0.19644165923409673 0.7494213432671928 0.20562385501330027 0.6845489650011525
35 0.3978542498770139 0.7790796933938564 0.3903604243866994 0.8353396945941224 0.1913852856396261 0.8088387652438513 0.19888025076124904 0.7525801534805091
57 0.48685288975639196 0.4633190689561388 0.48576751017264996 0.5069614611002797 0.23025464277054652 0.5006050962325331 0.23134082005651635 0.45696355997476357
43 0.4837835597395497 0.42893120993718853 0.48284817530293367 0.46200778079468646 0.21229215042978922 0.454354487280578 0.21322811882760107 0.4212785276274747
54 0.16809771401858598 0.42079991855560067 0.168890741285054 0.37880790350696375 0.48278267337889247 0.38473313344975746 0.48199047148364116 0.4267243244250506
59 0.4697304983021695 0.3460306953742843 0.4717361993346003 0.3812759948219751 0.21718705587818476 0.39575917722074455 0.21518189006326338 0.3605144004462779
60 0.4660574894395495 0.3101889791536642 0.46746765081263675 0.34771874870548763 0.2246489633211013 0.35684035064711617 0.22323928042271746 0.3193110323920781
61 0.20022557585537015 0.32707453121758295 0.19589071156940463 0.2677189315124011 0.43908746766430795 0.2499571685792696 0.4434229185151253 0.3093121337811653
62 0.2042932729148106 0.28785586881176495 0.19302057562640584 0.23045414533061803 0.39275346681995416 0.1912304342641682 0.40402647690245885 0.24863169319656225
40 0.4972109662796811 0.5146690530629663 0.49806028611965303 0.49097206715672204 0.742422829333691 0.49972815830246614 0.7415739735444049 0.5234246766635404
39 0.4927784141318625 0.49274844198953793 0.49512579767360876 0.4589793333494931 0.7518399930753503 0.47682081947585536 0.7494932934540657 0.5105892866791826
38 0.7723632479294338 0.4365696209763651 0.7700186550332546 0.4747299673033779 0.493688086944303 0.4577501015482542 0.49603334953087597 0.41959047086967616
37 0.49578762874341464 0.421628029840815 0.49626768860741777 0.377175626714695 0.7305444621543984 0.37970477751827036 0.7300650471632935 0.4241565028942948
34 0.7140079515847901 0.2397234361152727 0.7306780412950502 0.3063019252881029 0.4822710120438387 0.3684953071707905 0.46560184201052834 0.3019176175607286
33 0.6385515320179138 0.17837174549285315 0.6590973688144004 0.24534983358870935 0.4484321625590155 0.30997007420234296 0.42788697352273175 0.24299254024626055
41 0.49876128542530296 0.5450734504846492 0.4977898821327926 0.5173540917158006 0.7045783004166424 0.5101067681906799 0.7055501477711914 0.5378256545528005
42 0.7277661934583648 0.5446743690469383 0.7274925509874492 0.5748917815789404 0.4924151627849369 0.572759954571405 0.49268940366357583 0.5425431244676909
44 0.48504929032515065 0.6099963281476644 0.4872299079665936 0.5693659691790353 0.7757161361828366 0.5848437069301861 0.7735366389937326 0.6254730113672439
45 0.48220551056067507 0.653880902297308 0.4832269804646785 0.6112479966475387 0.7689211841629913 0.6180889652603585 0.7679009227576898 0.6607206891582051
46 0.7622321607776712 0.6959642666981227 0.7546340881276592 0.7364025557153303 0.504793999852609 0.6894630774107897 0.5123928876370201 0.6490259023270755
48 0.4556263369474891 0.7459079585429725 0.4715717752440014 0.6771904819501333 0.7089354155526735 0.7322586912587384 0.6929921635402252 0.8009742587279998
49 0.41605772850982703 0.8091196810344653 0.43788554594777906 0.7378739461754907 0.6311164610311835 0.7970630414345925 0.6092907256473836 0.8683069875950277