55 0.5696536529794685 0.5067802317573181 0.5696540966035855 0.5479658345625704 0.3371782404009309 0.5479659050078804 0.3371785661868216 0.5067810781257752
56 0.5555675649316072 0.5473063866801933 0.5575064917705959 0.5815514608541192 0.3128234531163798 0.5954017580818016 0.3108852972937939 0.5611574475529326
53 0.2279600451601027 0.6040670497526466 0.23163775360694672 0.5655041249990103 0.5679358617018124 0.5975685614194346 0.5642594458356598 0.6361302920901165
52 0.3221020156411214 0.6572416733871967 0.32458045545524783 0.6187918954973123 0.5619952577974345 0.6340912257075362 0.5595177688044259 0.6725401063299038
51 0.5511008577332177 0.6744920790642845 0.5478312436041506 0.710273407213867 0.337792278161146 0.6910806383917656 0.34106259465534094 0.655300095788237
47 0.5393215870427639 0.7074782821924097 0.5347033598729922 0.7697060127248259 0.26602186305274245 0.7497640091236693 0.27064179337708083 0.6875381244544062
35 0.5380257978204099 0.7581134551369301 0.5371294024458848 0.8104096400677872 0.32860279268322756 0.8068327570231038 0.32950046222276796 0.7545378681333875
0 0.49165321964812847 0.8114230219435942 0.4840611796497569 0.8643233909756095 0.29264461036632383 0.8368551233125361 0.3002377065404289 0.7839560481722258
57 0.33984002292788773 0.503264349934276 0.3398405126462194 0.459567241181683 0.5607806225982586 0.45956843320624857 0.5607808423289953 0.5032648235002743
43 0.31225836682983754 0.45723347679443094 0.31244878997415526 0.4250163283640106 0.5520112720643056 0.4264306032562689 0.5518213724453744 0.45864722800181285
54 0.23619326176901723 0.4267941040006934 0.23497328190819644 0.3840552238488406 0.5603813681683505 0.37476470182462057 0.5616021744057207 0.41750268404663127
59 0.5451629575662764 0.33348363619672505 0.5500706513979594 0.37089656379746266 0.32122916998059736 0.4009121623579863 0.31632200670946986 0.36349970867974335
60 0.3338824203905233 0.3596664623859093 0.3289516912432191 0.3225481172886154 0.5434586381145436 0.294053509554046 0.5483897021507573 0.3311714432298393
61 0.31460271676814955 0.3081597673444155 0.3119100113922286 0.24987810544391748 0.5404641491010125 0.23931773515652646 0.5431573824204179 0.297598874022874
62 0.5130603314951259 0.18186667516365956 0.5185639586844673 0.23784145649023294 0.3124836507868167 0.2581027101309233 0.30698044522057444 0.20212831227931294
63 0.25822146149130276 0.18432531340128905 0.26651165475880134 0.1340220297723048 0.43513311016954503 0.16181115516965885 0.4268431755014035 0.21211420131762382
40 0.5776395474264291 0.49723756160844446 0.5776397745221402 0.4726267514217707 0.7453416049264661 0.47262748804648014 0.7453416822494319 0.4972379913474442
39 0.5716454842581697 0.4723073378699817 0.571063021890609 0.44079673902018696 0.7600233549588893 0.43730336085098953 0.7606062220432932 0.46881353272565585
38 0.8283606425660537 0.39777978360095934 0.8289999362644949 0.4350126595386126 0.5663466525197691 0.4395195155262378 0.5657079934483136 0.4022872531211747
37 0.564876053252874 0.4069645861008245 0.559553813472462 0.3675774145499629 0.8086925580827256 0.3339127079948413 0.8140152590433445 0.37329927343433283
36 0.5628435828959937 0.3652836273825152 0.5579806354325001 0.32779487175068256 0.7941513421910713 0.29715971121482204 0.7990146626350452 0.33464797315926414
34 0.7771119550286585 0.22276736738654257 0.7882540994504552 0.2898009012785341 0.5575414217142907 0.32814693328939903 0.5464000181937081 0.261114048882262
33 0.6433007984375081 0.20040180770725272 0.6433007984783217 0.20090406871100294 0.6415261750136096 0.20090406878897618 0.6415261749999672 0.20040180781245326
64 0.6291038156250579 0.11351079837789523 0.62910381564825 0.11401305935285848 0.627329192195134 0.11401305939700641 0.627329192187517 0.11351079843749162
41 0.7426796071481476 0.49371958384676895 0.7436130890092727 0.5209873709821456 0.5786564120728599 0.5266326648488246 0.5777232916977937 0.4993652237618048
42 0.7739874617642499 0.5285827220122302 0.7734310083524178 0.5580888480092615 0.573083466691287 0.5543088138671687 0.5736403979755096 0.5248031697638289
44 0.5581189 0.5549974890625 0.8198757765625 0.5549974890625 0.8198757765625 0.59166248125 0.5581189 0.59166248125
45 0.5675844843366349 0.6307732953610441 0.5704348139167905 0.5921785125755686 0.8032326858859733 0.6093679505775759 0.8003832665311847 0.6479618545112223
46 0.8009131442204307 0.648031544358741 0.7982240355132717 0.6886052627645551 0.5593210095473751 0.6727693253560277 0.5620110267030896 0.6321965412392392
48 0.544534702245528 0.7345796726037536 0.5534422136615831 0.6678837548551607 0.7926499549823802 0.6998250262926952 0.7837444065354475 0.7665191244658174
50 0.5108434313682437 0.8123142166809575 0.5443687239927613 0.7410990874627141 0.6950552919636266 0.8120227285513769 0.6615317408146666 0.8832363728338664