63 0.5341613312093614 0.49422384807853814 0.534161792808959 0.5344047819788582 0.2599819443139495 0.5344050339375314 0.2599823462035147 0.49422498911886886
62 0.5219177469509759 0.5369446647318568 0.5196982902439231 0.5745339434542793 0.2900595481958135 0.5609736126674206 0.2922796804037944 0.5233850552687039
61 0.24817362795306508 0.6241657113827578 0.24617274318518412 0.583697725737423 0.52605886027834 0.5698572979499698 0.528060722680948 0.6103242640287244
60 0.3187467236799648 0.6503108103940674 0.31786939799269476 0.618080281512505 0.5282246159422357 0.6123533564450447 0.5291025754166867 0.6445832282988413
59 0.5288373007273321 0.6469109863556456 0.5288377549569532 0.6815670834331292 0.31677009674990586 0.6815670395014887 0.3167703855961008 0.6469116791225425
54 0.31182525977760633 0.756677588231412 0.30620112062467797 0.6958807213676773 0.524516119000964 0.6756858407684416 0.5301415621971728 0.7364812804205766
43 0.5203097464971052 0.7411074835555109 0.5191058686040151 0.8049560552954147 0.3102193223176073 0.80101523549987 0.31142473579882335 0.7371682535557859
0 0.44896397025308943 0.7927620343433939 0.4470705268919346 0.847977634803247 0.2858807500591638 0.8424489722127917 0.28777526026487976 0.7872344714003546
64 0.5310565885285996 0.45011610001615376 0.5319152592780938 0.49180446749464973 0.24782680293162684 0.4976525034395423 0.24696900487140283 0.45596500845952015
33 0.39307897031255834 0.422903063840554 0.3930789703985056 0.42340532335523334 0.39130434846617845 0.4234053235197898 0.39130434843752937 0.4229030640625413
34 0.5324873922141933 0.3752926808041866 0.5322640240783585 0.41523890798647944 0.24298102136685884 0.41361875021941574 0.24320507884635845 0.373673231559913
35 0.5314018032414651 0.3403342425903889 0.5320000651520331 0.3722856986995248 0.30281531021933006 0.3765753112481988 0.302217454889842 0.34462426211670555
36 0.3110598039594379 0.3445092825263241 0.31005587007632585 0.31035851271291554 0.5293717109179852 0.303910475586168 0.5303760036823633 0.3380608734999444
37 0.5264029720564167 0.24661470173999514 0.5250606607323789 0.3059114352677568 0.3224247737047108 0.3013234769793103 0.3237675747503772 0.24202726977646602
38 0.29950262527256655 0.24047200928491796 0.3003145249155068 0.17882112497283814 0.5160192273607436 0.18166120025067353 0.5152077647124997 0.24331165876174485
39 0.29182831412015275 0.20934499949351992 0.2835637578704109 0.15538562679499707 0.44514083704677887 0.13063802435102292 0.4534055822124401 0.184597170662981
48 0.7230538900173542 0.46013724504880316 0.7235362570214647 0.4829167758090762 0.548473957802571 0.4866221884611204 0.54799188355571 0.46384294101344725
47 0.5479090366405899 0.46327257331071503 0.5462420778657133 0.43578520515439795 0.7515826208837098 0.42333226651565 0.7532499353656021 0.45081923718522454
46 0.8048856425052691 0.3932933148571692 0.8062968668848498 0.4263163650328582 0.5435098108708871 0.43754316751804595 0.54209915544061 0.4045206520626977
45 0.5536822184357106 0.40130589074687667 0.5536824255127613 0.36815661558480095 0.7888197934548771 0.36815689624422365 0.7888200430095367 0.40130570343948585
44 0.7814646402705421 0.3258348647801293 0.7826930755428521 0.36011024781796475 0.5567239781281614 0.36820708433878285 0.5554959644571227 0.3339321030882557
42 0.7555937251247542 0.23588037271757858 0.7674010677042133 0.30073419798111395 0.5558951652503765 0.3392388544786343 0.5440885138475551 0.2743856360107993
41 0.7384479667913411 0.1684831754942181 0.751261925689164 0.23764997456679177 0.5419544332686428 0.27642502297215105 0.5291410291033571 0.20725869985423886
40 0.5972647062944816 0.2330794714799779 0.5156555119096993 0.17566546988595386 0.5910872394599664 0.06844674623710818 0.6726960772128905 0.1258605699290319
49 0.7245723395219557 0.47753835524794386 0.7257705119292268 0.4979048678763556 0.545944328452606 0.5084820939416533 0.5447464462125708 0.48811585867835067
50 0.5420371973773399 0.5371057779284961 0.5392619051647216 0.5095263350363939 0.7328802990368786 0.49004319250100475 0.7356559618192478 0.5176222073889704
51 0.7886793365800031 0.5308009826664657 0.7890994020901871 0.5685944567488617 0.5431990171744019 0.571324159715043 0.5427797391637341 0.5335314534132566
52 0.7966868398260658 0.5693867283214186 0.7971236122533583 0.601415959171358 0.5512193152662803 0.6047655245887368 0.5507832559680992 0.5727369850156022
53 0.5527167956233825 0.6362887091837941 0.5552692840047939 0.6006371559506921 0.7903165457036039 0.6174615884199328 0.7877649127516406 0.6531123281808426
56 0.5511537077179582 0.7024422463666337 0.5596701150096806 0.6351577842028772 0.7652892092587535 0.6611787245293893 0.7567743962554232 0.7284617396945278
55 0.5345786398611381 0.7661066328738187 0.5489394082093213 0.6939837709213469 0.7569605583090606 0.7353958784061713 0.7426017901747173 0.8075169785911636
57 0.5010140110180146 0.8107953738619256 0.5407013863144812 0.7422556525562628 0.6796261086826689 0.8226832429133836 0.6399403294145714 0.8912215815807956