55 0.591836437404595 0.5077814389405297 0.5956935436428239 0.5544589556934995 0.3869395466562082 0.5717046733746576 0.38308329530309493 0.5250279271676542
56 0.3669203241312289 0.582997317148666 0.3690647639364215 0.5457639676501854 0.5981670301019903 0.558955716994853 0.5960233726304978 0.5961883277102427
53 0.596752690389394 0.5947155868568813 0.5954993605042773 0.6326921719538446 0.3618019625876059 0.6249774990176645 0.363056088703388 0.5870017406291425
52 0.39049072858938416 0.6756543360930145 0.39012011132729185 0.6270867085244948 0.6102903183750641 0.6254047071654638 0.6106619906483957 0.673971282841118
51 0.5993309733933074 0.6713313341814053 0.6005913476208207 0.7091657713453251 0.37218628004666243 0.7167707744187125 0.3709268496812683 0.6789372690113695
47 0.35441161994901904 0.7485391153564147 0.36109886020801696 0.6863710940017409 0.5918155559745628 0.7111826228857983 0.5851300684055332 0.7733490346735507
35 0.3513753328125 0.7664490203125001 0.5590062109375 0.7664490203125001 0.5590062109375 0.8302360625 0.3513753328125 0.8302360625
57 0.5797178453867673 0.46087930216704653 0.5827451246800592 0.5069033235587713 0.3650818174352253 0.52121760094158 0.36205533604220363 0.4751943559621907
43 0.5758651024318624 0.42692093667986575 0.5758654163960273 0.4630838043370761 0.35048793353280416 0.4630840740746391 0.3504881725556288 0.4269217767469784
54 0.32281870888380126 0.42331173713197445 0.32309246748229725 0.38373851263438974 0.5911064104788011 0.3855902109804184 0.5908333097662535 0.4251628060685
59 0.6082967612308039 0.33041364425164255 0.6065409869735277 0.3848439654677764 0.4133584357695099 0.3786114399296912 0.4151147591159088 0.3241816949812709
60 0.4742939471120735 0.31340472597663327 0.4526330162459544 0.37450624912230523 0.3052549602870158 0.32226064244127023 0.32691610265567306 0.2611595918087768
61 0.6058729233208169 0.2592501324133976 0.6033229753705882 0.32946985943950075 0.3657385331482601 0.3208410710734398 0.3682891891297686 0.25062212052407024
62 0.3632763742056113 0.24890003781386316 0.365342714871872 0.19005161612793484 0.583868705864802 0.19772394279280864 0.581802821655856 0.25657193089102104
40 0.7355810771260849 0.46157567531452043 0.737789268466372 0.4896189901874593 0.5999191364179524 0.5004735398823549 0.5977112493342247 0.47243050860086827
39 0.7572614765820163 0.4339406812449065 0.7589787111052146 0.464877513033623 0.6038654370595395 0.47348579419434356 0.6021485513311973 0.44254928776303015
38 0.5998225374999999 0.40231039687500003 0.81632653125 0.40231039687500003 0.81632653125 0.4389753890625 0.5998225374999999 0.4389753890625
37 0.8192880954845805 0.3532645102736954 0.8179049698442213 0.4080981008008458 0.6164355310296514 0.40301470024245206 0.617819278424804 0.3481817197203138
36 0.8061326426271762 0.3826286417799099 0.7288626047539992 0.3285955573875634 0.8083716364194515 0.21489752274062976 0.8856409599816288 0.2689302550332675
33 0.6002870564153682 0.27750512634338376 0.5804355331466695 0.20385759799670602 0.7622408240488312 0.15485281914675053 0.7820926235049228 0.22849987173731176
41 0.7539768027818354 0.4860056617287103 0.7567974390960899 0.5119826699070029 0.606177827927354 0.528334761699201 0.6033575222534182 0.5023580520000827
42 0.7672474024922167 0.5110633194441674 0.7709460380516475 0.5485146664129745 0.6097319550679003 0.5644328195350218 0.6060338554002556 0.5269819536068215
44 0.6086956515625 0.5610246109375 0.713398403125 0.5610246109375 0.713398403125 0.5956805625 0.6086956515625 0.5956805625
45 0.7841965436309692 0.59194476008981 0.785886942563593 0.6393920224200521 0.6119433861907737 0.6455862393097935 0.610253789481817 0.5981397379867021
46 0.6152635472199108 0.6856715968695726 0.6260100404592777 0.6346600506894765 0.8009812966402023 0.6715153178053512 0.7902358957276192 0.7225258950523024
48 0.7939489617403979 0.72642192548487 0.7803829317047075 0.7863350923354611 0.595929105860705 0.7445735037743325 0.6094960340602711 0.6846615652498268
49 0.771144103744632 0.7928710768348552 0.7518250661175898 0.8645346025390923 0.5605983557248919 0.8129904335307807 0.5799184951191592 0.7413285927870157