55 0.2653346576518061 0.5320348607018821 0.2650761647125819 0.4898086229355141 0.5447438010829728 0.4880939267694158 0.5450032065541563 0.5303192587133769
56 0.536467161483074 0.5330818733658165 0.5353323482952419 0.5691812035413562 0.3010922508940439 0.5618156496565568 0.302227746766107 0.5257170228081195
53 0.5382069981765198 0.5720635736241279 0.5356517193457648 0.6138258603155664 0.2531608449353371 0.5965393285508499 0.2557171030147174 0.5547781090146117
52 0.5183783842902585 0.6118375275744531 0.518078125818306 0.6501050597712267 0.2863694760751514 0.648284317082903 0.28667057732616286 0.6100176381795109
51 0.2593432563060105 0.6785094328768942 0.26040522567961943 0.641019957671215 0.5079085835495789 0.6480271314379319 0.5068475750142625 0.6855156836165062
47 0.2618766356130209 0.7409415774908175 0.2635186776428782 0.6794638657857831 0.49676822541846377 0.6856905510360346 0.49512778284281467 0.7471667131238979
35 0.25793354043673844 0.7839182899202228 0.26317334655664126 0.7284071165216017 0.4752414103418232 0.7484186000339179 0.47000309269560603 0.8039284185901237
0 0.4485844289080205 0.8073137716082528 0.4383656170100494 0.856307728467958 0.265489302758283 0.8202554313963336 0.2757088935336469 0.7712625468455885
57 0.28630454117455884 0.4846852671539801 0.28664287105561925 0.4429209063178985 0.5440924100894335 0.4450042712975744 0.5437548461015922 0.48676787933476595
43 0.5394852623809356 0.40984426045564487 0.539485478651045 0.44299350328081094 0.31322076328285675 0.4429932937543937 0.3132210329233658 0.409844548387307
54 0.5310370863845719 0.3637287940099444 0.5333911286645616 0.406489062112197 0.27529888357150867 0.42069482782934514 0.27294553366368746 0.3779352318860021
59 0.5236006053875144 0.3254981783535931 0.5265614962246445 0.3615653211447461 0.29695384773935984 0.3804125509537749 0.29399343601312466 0.3443458650365812
60 0.5060471715897847 0.29109669125942134 0.5088558386463546 0.32924366502977737 0.27825827102719813 0.3462201045726875 0.2754500606392867 0.3080735677020942
61 0.4947667116655339 0.2345631311062847 0.4982460828427975 0.2920438418465261 0.28975034935729127 0.3046629093198815 0.2862714947125369 0.24718268691621076
62 0.4735366598516748 0.18197316943167083 0.4773306609425845 0.23474970582999827 0.24414081429790713 0.2515120372919848 0.24034724825617104 0.19873592427335657
63 0.28406474801931836 0.21402087034732215 0.2762417955698311 0.17860609864634366 0.43223003660284576 0.14414906862877677 0.44005310052114055 0.17956369315485593
40 0.5602845140817863 0.5007432828935586 0.5574412751003592 0.47395435133044383 0.7111338337888355 0.45764263592287663 0.713977338134896 0.48443126498629563
39 0.5555451747402458 0.4717600582877597 0.5526186114475422 0.4397043457232779 0.7367448994805272 0.4228945005525462 0.7396718239834854 0.4549498026070216
38 0.7837695186649398 0.37140223838641545 0.7888757925293248 0.41018718419263933 0.5458368188526492 0.4421807531601009 0.5407311933840901 0.4033963814825188
37 0.7314722415153483 0.3282167079038218 0.7388569072641076 0.36572110468458224 0.5399107343814649 0.4048907828974241 0.5325265506780852 0.3673868028313597
36 0.741098199680323 0.29245190257572257 0.7471357091259279 0.3308467830467378 0.5291365004687805 0.36512405303321305 0.523099464241227 0.3267295887905718
34 0.7254451997787328 0.22816367494190215 0.7345618906722393 0.295510678554024 0.5083521077676778 0.32613016817906143 0.49923612985855925 0.25878378810836017
33 0.6894980733702596 0.1591788903697249 0.7009118085187538 0.2207287834775106 0.48696519684449413 0.2604013320692999 0.4755519472940932 0.198851867800594
64 0.6411093256707545 0.09725776654334846 0.6538574739165597 0.16642829339384443 0.458347035575116 0.20246005908517825 0.4455992409480132 0.13328983741479566
41 0.7469509034110615 0.4796699686013975 0.75025213348124 0.5064113789580659 0.5626633906705365 0.5295656900840535 0.5593625868498293 0.5028246617460393
42 0.7236350728300067 0.5056140682788942 0.7284248948199092 0.5367627668038807 0.5655701855517918 0.5618018010091048 0.5607808288393699 0.5306535148897537
44 0.5598932317566323 0.5951783065071471 0.5598936811226167 0.5560018328540787 0.7737355021837402 0.5560025235966443 0.7737357880424724 0.5951782675058198
45 0.7374834761152442 0.5958989254647438 0.737018613379405 0.6316817477530317 0.5490183283316128 0.6292376988068255 0.5494838102862332 0.593455503448118
46 0.7527247060255604 0.6435594462561336 0.7482284570082811 0.6872508263266047 0.5259625905774783 0.6643772003090074 0.5304596977096026 0.6206867657663604
48 0.5116935990611182 0.6575912572188827 0.7228253255726713 0.7000777820258582 0.7089067926806365 0.7692334682657923 0.4977751577162053 0.7267472685409254
49 0.6942612151525509 0.7665196427779951 0.6821501897511553 0.8307015008839995 0.4788201633901963 0.7923372821979298 0.4909323875473319 0.728156989378266
50 0.6593712919158179 0.8139412213448409 0.6532671568902515 0.8768502471571035 0.46430325122992144 0.8585153581824927 0.4704087395036822 0.7956078254233347