55 0.5008633242114229 0.49989871022142585 0.5002649000829251 0.5369273497852015 0.25627723497768784 0.5329822545576237 0.2568763589684977 0.49595434681873585
56 0.49423233436732517 0.5379203816952313 0.494232664860192 0.5660471258858918 0.2670805859579559 0.5660475466863303 0.26708079232241744 0.5379213458370817
53 0.26233652869336765 0.6057709163371724 0.261075708476028 0.5728982784397164 0.5040722411409888 0.5635768798235473 0.505333745060625 0.5964488057780909
52 0.2665296526695329 0.6229955571967923 0.2704207209822016 0.579077618100032 0.501924358793076 0.5995844890520385 0.49803431916882346 0.64350146287447
51 0.27900745084014034 0.6478880326657666 0.28573656523656155 0.6077747117100797 0.48549550714130874 0.6412790923728559 0.4787672931659017 0.6813916137839745
35 0.250221828125 0.7106981421875 0.45962732968750003 0.7106981421875 0.45962732968750003 0.7644399796875 0.250221828125 0.7644399796875
57 0.2553668090710062 0.4954514526778919 0.25577367647440497 0.4538189834072969 0.5007801748661223 0.4562114886577534 0.5003740550338307 0.4978432140300091
43 0.4898186229208932 0.42621615541364066 0.4914457519367943 0.4549541658588843 0.2734673747809211 0.46729349016258037 0.2718406942100273 0.43855590905462305
54 0.25653450584206894 0.43145463849852483 0.2562229840531245 0.3928760669878832 0.5020974335269557 0.39088912716104257 0.502409544603438 0.429467104893155
59 0.27596864096506124 0.3979374173908961 0.2744193993274848 0.3571433813903885 0.4874291301400717 0.34905311137397355 0.4889788469567975 0.3898466562307491
60 0.4730966656707096 0.3100455618810455 0.4795318250367018 0.353621892246345 0.2760358663342686 0.38367079432262596 0.26960123044409556 0.3400949274233165
62 0.44099367766330033 0.2219988859151029 0.44099392962141337 0.28126569795155826 0.24223588368772653 0.2812656403965494 0.24223608336615143 0.22199929371030225
40 0.5082161304551391 0.498116682716627 0.508717502884906 0.47244190288998755 0.6817065478119275 0.47581896814791547 0.6812055111771542 0.5014934135753527
39 0.7143133996406732 0.4600120484885138 0.7117237137089205 0.488607588108905 0.5049246219281258 0.4698784718385242 0.5075146871777179 0.44128333469753633
38 0.7256139027906556 0.383482795662337 0.7330067379116372 0.41955099716980016 0.5232265493353907 0.4625453121882557 0.5158342813152785 0.4264776054649184
37 0.7325844700837933 0.35997054196971573 0.7369168581550412 0.4009094453875171 0.5133926421331125 0.42456099322461716 0.509060847020578 0.3836226216300714
36 0.5056675706450733 0.3834383302858395 0.5003938572995139 0.3426769183529225 0.7255557730663895 0.31354547441114206 0.7308298998234477 0.3543063887448281
34 0.6892119801399303 0.2533562313426705 0.6973643109307659 0.317911031423846 0.47770614146281787 0.34564834104439546 0.4695545267476291 0.281094177031421
33 0.6308784390107576 0.2179809140625471 0.6308784390624851 0.21697639375002511 0.6326530609338761 0.21697639383925743 0.6326530609412657 0.21798091409265288
64 0.5625707027132876 0.1078893586263404 0.5860930988893642 0.20359124292923447 0.4599234233007792 0.23460159360154964 0.4364014061299031 0.13890003949662247
41 0.5146406390625 0.4977398296875 0.6850044359374999 0.4977398296875 0.6850044359374999 0.520843796875 0.5146406390625 0.520843796875
42 0.5119787046875001 0.5228528375 0.7009760421875 0.5228528375 0.7009760421875 0.546459065625 0.5119787046875001 0.546459065625
44 0.4975493355589151 0.5796635084290639 0.49798763770013466 0.5464031755438663 0.7206507112058489 0.5493353661974768 0.7202130539673135 0.5825950608620319
45 0.7421163653139047 0.6019367871468387 0.7378068034576017 0.6386471726937641 0.5055775319937084 0.6113851171659133 0.5098877768558623 0.574675521859088
46 0.4928941052498885 0.6530488702514596 0.49843759409645827 0.6089889820280795 0.7452448456216416 0.6400359957808748 0.7397025532013686 0.6840947775537348
48 0.47196903433007265 0.7123191814221872 0.48006091971285514 0.6526733770705677 0.6919069610319184 0.681408051972147 0.6838165799788385 0.7410524898169308
49 0.6843067129769906 0.7349902624656401 0.6783421152322262 0.7982158781202906 0.4655826489863557 0.77814433413789 0.471548638461627 0.7149202514774908
50 0.48859849697646496 0.861065048685587 0.48955264696451195 0.7785711968117173 0.6096995708563782 0.7799606405199092 0.6087466796245735 0.862453226034808