63 0.5067807172140419 0.5492457859375001 0.4660973591230686 0.5492457859375001 0.4660979152872642 0.2590949421874999 0.5067798907881524 0.2590949421874999
62 0.46308409817413576 0.5394853558910533 0.43030815896486274 0.5400042836942451 0.4259623218749766 0.26549625131406296 0.4587372421441387 0.26497733113455846
61 0.3978035054559541 0.20572795271540753 0.4374792358466948 0.2069991152417088 0.4270438884404939 0.5326965381641537 0.3873681586881048 0.5314254000619905
60 0.356272558347996 0.27010940203396916 0.400486452271025 0.2724402375085853 0.387092619181999 0.5264984294210456 0.3428787277127867 0.5241676304256202
59 0.328428341395238 0.2749309473420745 0.36540952242762614 0.27843847438856184 0.3426914160901333 0.517953865309251 0.30571024199025487 0.5144463892781536
54 0.2661904398199795 0.2830315187174943 0.3277871031415316 0.2896098013941126 0.30516348585047126 0.5014402906965909 0.24356683506755417 0.49486209149469523
43 0.24460111154235165 0.4666197524168886 0.18346353647052638 0.4596163400990391 0.20942506128108107 0.23299774897257955 0.27056111432887064 0.2400010713348147
64 0.5494723452869721 0.24046127631284062 0.5494727070951058 0.5412602999721857 0.5087894574329539 0.541259951786265 0.508789829976422 0.24046167563317566
33 0.5836270460844162 0.5368234016968105 0.5514104873616361 0.5378555932778483 0.5423051181041956 0.25366054451451175 0.5745205891985279 0.25262837021683965
34 0.6268203690927976 0.21117987649791903 0.6268207895872138 0.5314997400639898 0.583626225894136 0.5314994054031241 0.5836266110554789 0.2111803946933184
35 0.6186575267691978 0.23223219216296576 0.6595029344508703 0.2308632909353293 0.6691779955474431 0.5195380817421179 0.6283325890636888 0.5209069603166853
36 0.7074235449625803 0.5175144881220443 0.6677114444534027 0.5196958935039928 0.6544985434098862 0.2791602113485251 0.6942094900473421 0.2769788376499013
37 0.6856002695769803 0.2715403836474448 0.7495882383219623 0.26520219685996865 0.773334715441024 0.504928056852352 0.7093467605977821 0.5112661522189644
38 0.7458888651916595 0.27165994523102704 0.8139306958792076 0.2634904845030234 0.8380477474298687 0.46434922620374913 0.7700059329257556 0.47251859276020153
48 0.5486369562163418 0.7503056208115706 0.5239833841195605 0.7521976066776951 0.509547962572924 0.5641169314099066 0.5342006634853078 0.5622249777055396
47 0.5743624668805296 0.7656333050791657 0.5433541383907823 0.766730181755254 0.5360057320524447 0.5590039263024075 0.5670128445614182 0.5579070701734523
46 0.617927938230423 0.8147995046079304 0.5799151500158359 0.8167135858225167 0.5667021658867952 0.554332226967019 0.6047129497595733 0.5524181950726401
45 0.657163717121307 0.7920463000840272 0.6159564601166494 0.793567320662869 0.607095155421348 0.5535046077448541 0.6483005192117162 0.5519836205010304
44 0.6996932537712155 0.7851870110605159 0.6550000695494873 0.7861068382638134 0.6500607562098821 0.5460865527192554 0.6947518261912364 0.5451667468622501
41 0.7945755906810064 0.6202307015625 0.7940733296314875 0.6202307015625 0.7940733297435827 0.618456078125 0.7945755906249587 0.618456078125
40 0.9160611214150549 0.620933931660077 0.8468399141262353 0.6485655143914951 0.7816379095326056 0.4852380337517163 0.850857325975312 0.45760684793877043
49 0.5142819157188114 0.7477360509966913 0.48812724670756324 0.7481589932883311 0.48506870170729144 0.5590161866182809 0.5112224104744882 0.5585932519612185
50 0.49080357794491647 0.7651632043307102 0.4607001005820166 0.7662553752255664 0.4532597727833263 0.5611919335822271 0.4833620385491031 0.5600997842650347
51 0.41697125082794173 0.5568800433778204 0.4519662497232275 0.5558376159036692 0.4588630743912745 0.787340165437594 0.4238680766432026 0.7883825686713295
52 0.4009181320282096 0.7882081324378234 0.36028818218949255 0.7849062175133306 0.37930949502572275 0.5508956304942104 0.4199376075944201 0.5541974730416763
53 0.34999056329297673 0.7899404377570669 0.30142372606746903 0.7838320559033612 0.3320710374139253 0.5402044543516381 0.3806356333145686 0.546312699572585
55 0.24279956506313738 0.4926535594917429 0.3205165125662006 0.5189703932751579 0.2500250359257734 0.7271180605489937 0.17230833464770967 0.7008017610480152
57 0.18468314818812814 0.46684616072294177 0.2569065279941469 0.5054531712653212 0.17808391251935518 0.6528950504026256 0.10586091076424964 0.6142885898115185