63 0.4682162925216744 0.24316038300422319 0.5177435607132566 0.24654371771819053 0.5001600104700401 0.5039323152970296 0.450632746902329 0.5005490313553729
62 0.415851775407873 0.2426851101783657 0.4616637762509299 0.2446797746110804 0.4506217360469691 0.4982762148569124 0.4048097367628998 0.4962815787342917
60 0.4096125820906309 0.49749213574587503 0.35451084020928647 0.4996773306618615 0.34548233884868296 0.27200725739933507 0.40058258625867893 0.2698220924761269
64 0.5165272301220512 0.23733205189922393 0.5643670038577966 0.24010141405777036 0.5492266969718003 0.5016354749291437 0.5013869261936179 0.4988661537509321
34 0.6420218120995287 0.4902300107351681 0.6001610429614175 0.4909135020273271 0.5956311644807784 0.21345580772059547 0.6374906880371327 0.21277232660413398
48 0.5477797592312754 0.694688762058418 0.5202096018870179 0.69523628412247 0.5166095640875028 0.513957114089742 0.5441788169337087 0.5134096009072953
47 0.5965517172446653 0.723424770185208 0.5622221676742356 0.7270440851861929 0.5411519779456739 0.5272117984523537 0.5754802451043588 0.5235925509134598
46 0.6435758056228451 0.7586761379216264 0.6012644103205957 0.764727353371892 0.5676827558061177 0.5299432175959704 0.6099922379105465 0.5238921398424561
49 0.5175845515905166 0.6964053832397179 0.488947977258249 0.6968684680786189 0.48593149163775706 0.5103219381473981 0.5145671013578976 0.5098588610167406
50 0.45242365363208137 0.5199642375180888 0.4866375572062225 0.5183834424857806 0.4957493120647314 0.7155721631078384 0.4615354104200833 0.7171529286938695
51 0.4608614109681639 0.7387048799946003 0.41510826652324795 0.7408187962587588 0.4050465205380078 0.5230514971274126 0.4507977801999914 0.520937624026923