63 0.49661239371437205 0.5555904836665432 0.4407218599956195 0.5551629909250912 0.44295509118092014 0.2633314363892955 0.4988436745461513 0.26375892188573935
62 0.4383730151336067 0.5416062999818516 0.39627926152809323 0.5405233278849182 0.4033137442969519 0.2671539288435437 0.4454060428267894 0.26823688188618455
61 0.35754119462296785 0.2005005098765858 0.3931844668774147 0.19915552409024395 0.4052633753367445 0.5192466072779219 0.36962010465776984 0.520591569895879
60 0.3671522528020432 0.5297249328125 0.3279758248770577 0.5297249328125 0.32797648450878114 0.26885536875000005 0.36715162413872804 0.26885536875000005
59 0.29518557559981673 0.28247209233956017 0.3388178012513663 0.2839865088548487 0.3308951358719696 0.5122386679487149 0.2872629111469678 0.5107242723310356
54 0.24027919211357585 0.28373064135368636 0.3005584964314494 0.2873050331877295 0.2879897105232203 0.49925874595122177 0.22771040970133072 0.49568439978144696
43 0.22621499403180678 0.48060122795271065 0.1653134305573758 0.4748559987680552 0.18928090768736183 0.22081317824337932 0.250180849275921 0.22655833122444216
0 0.18613659448192266 0.3740802063560055 0.13128383235880392 0.3675817251839385 0.15195107858119172 0.19314195242027105 0.20680300908338722 0.19964038343895496
64 0.5515251656876217 0.5531113572429794 0.4983652423013609 0.5525541550243206 0.5012411376308137 0.2782839722863552 0.55439920543472 0.2788411647467063
33 0.5539928483276526 0.5368236138909538 0.5539933262207342 0.2679678543284504 0.5986939010887227 0.2679683363106268 0.5986941728199326 0.5368233148326023
34 0.6332041987042203 0.5313175838812929 0.5919185737939188 0.5286469349457762 0.610945601673734 0.23453297529143705 0.6522298327595308 0.23720357946683002
35 0.6815671281128743 0.5323868671875001 0.6368657880702813 0.5323868671875001 0.6368666736062778 0.27240461406249983 0.6815665219256744 0.27240461406249983
36 0.6668844733939068 0.2813872264878986 0.7038564350530123 0.27857016726617984 0.7214034138995657 0.5088526447717626 0.6844314565973946 0.5116696650729369
37 0.7844509726904789 0.4842301602593939 0.7198659517754322 0.48868377132555013 0.7046408531265342 0.2678926277355247 0.7692241571597833 0.26343907802608285
38 0.7634586257304363 0.23038759723844174 0.8256802247935866 0.22545244154619534 0.8439211531023147 0.455423731745015 0.7816995618990177 0.4603588271471728
39 0.7973307773457918 0.17616362341833336 0.8560632743713086 0.16753281808572174 0.8818347123257126 0.3429039681920701 0.8231022300834638 0.35153471228017213
48 0.5350622484126006 0.7761901119438611 0.5032667001343043 0.777351112019548 0.4954536200916664 0.5633908860825455 0.5272478266159624 0.5622299099707148
47 0.5848316510624727 0.8034369964083818 0.5485231324364577 0.8074575734662375 0.5218016115134105 0.5661732474388047 0.5581083320762446 0.5621527699788171
46 0.6412254445737062 0.8277525636728449 0.6024028366097127 0.8353055265776538 0.5506236965564995 0.5691953010471799 0.589444226732553 0.5616425398908763
45 0.682319959626625 0.7816207006541875 0.6386806141961188 0.791120252264209 0.5868146923991162 0.5528872881181789 0.6304520081353076 0.5433879614116146
44 0.63233022188615 0.5425467002339041 0.6776493031782138 0.5326365159683671 0.7305700326932083 0.7746128912903221 0.6852510318875602 0.7845228295012859
42 0.8078908770817179 0.7648881851969627 0.7325661085675392 0.7822302875627418 0.6716023766230137 0.5174662836976858 0.7469234533381268 0.5001246131300173
41 0.8666558195700418 0.6932175404602555 0.7905708798205069 0.7091323129556111 0.7432348065948418 0.4828471329558212 0.8193167845934113 0.4669326744469869
40 0.905750475876971 0.6164292918227494 0.8174115009306888 0.5965766351614642 0.8473832257564027 0.46322678742279677 0.9357202791699137 0.48307921957055167
49 0.5142698965242971 0.7660087592402757 0.4883443877104128 0.7687316146403448 0.4677787402026752 0.5729400348759259 0.4937032132635295 0.5702172344270106
50 0.48996586143675813 0.7982700257137217 0.45234532929271154 0.8004787650787342 0.43803994184759176 0.5568415329649792 0.4756586186606455 0.5546328475243433
51 0.434955870476756 0.8423393718042643 0.393768501786667 0.8411272154490651 0.40230603636371143 0.5511241398602394 0.44349093746825474 0.5523362605363593
52 0.3925468666194547 0.7928690519885235 0.3491430344612354 0.790260333855597 0.3643675636355965 0.5370118279225801 0.40776918118763206 0.5396204795153933
53 0.3261718945935854 0.7836142810106489 0.2821475020914477 0.775888092128955 0.32597636555999543 0.5261890257872911 0.36999869174974265 0.5339150353193246
56 0.2643916801142723 0.5031114186304043 0.32660911849495733 0.5128081544496543 0.28768633322044934 0.7625213687724985 0.2254689492677926 0.7528248689397954
55 0.2293328303888984 0.7161572548957597 0.1607526181836647 0.7055228557288477 0.19441663473162407 0.48846166207188624 0.2629941722101421 0.49909585211599666
57 0.1294793796889735 0.48443301892330126 0.19258257179694738 0.48592118286727004 0.18904974268491515 0.6357116223728705 0.12594655113093722 0.6342234774782206