55 0.41087904463677205 0.5214161844672717 0.4105556221331881 0.48479324404118007 0.6573327874917823 0.4826121201626769 0.6576568959995939 0.519234367219422
56 0.4218420154447813 0.4836816763769674 0.42329343733308633 0.44849998650577955 0.6489077985796712 0.457805838719956 0.6474569697393235 0.49298694608404325
53 0.4312333625 0.4153691609375 0.676131321875 0.4153691609375 0.676131321875 0.4510296328125 0.4312333625 0.4510296328125
52 0.43744420305165477 0.4133600168684501 0.4374447446598424 0.3731790657931723 0.6672582061260073 0.37318083675141034 0.667258216543587 0.4133612374098002
51 0.44116216257191354 0.3707351125291286 0.4423733342890728 0.3316993690618637 0.6790887041412361 0.33904248385684693 0.6778780447907593 0.37807772941532264
47 0.6680266609657792 0.2731431751159665 0.6681954345167469 0.33103215685497456 0.448138037200124 0.33167222555519926 0.44796985130221856 0.2737838192825382
35 0.6647715244299661 0.21691400884466813 0.6656739613563332 0.2710991135556106 0.4528867822301663 0.27464171799154147 0.4519847860204891 0.2204570222906178
0 0.5198179958586024 0.2303887240512026 0.5229710816558963 0.18335450103659254 0.7113238710375072 0.1959807989860689 0.7081710932206988 0.24301472367270047
57 0.40721106174441957 0.5614819250356898 0.4073202556724027 0.5226787050853775 0.6567001992730184 0.5233784030321458 0.6565918088134595 0.5621808141120507
43 0.4139788027796385 0.5950351808173973 0.4130196685849796 0.563960925692526 0.6285081810523252 0.5573089166386591 0.629467884286214 0.5883825715548738
54 0.418933536718896 0.6264575504880614 0.418637651383051 0.594588676925385 0.6759118897173266 0.5921971811679032 0.6762085298636293 0.6240653072959033
59 0.6603075332244543 0.6216063936300013 0.6613761527092947 0.657447462243795 0.4271241451349397 0.664427780447335 0.4260563726924147 0.6285875341410376
60 0.660170252017906 0.6563835230735107 0.6616463421827348 0.6894796278494745 0.4320200068481199 0.6997164043936793 0.4305447350752729 0.6666210842659595
61 0.45058497480022197 0.7539247521254824 0.4491112946054727 0.6971661076027978 0.6677504414503801 0.691488243340828 0.6692254516935918 0.7482455241378418
62 0.4598311488196032 0.8046409295908711 0.45576640859781037 0.7561692701401934 0.6715527052576817 0.7380746431076078 0.6756185618874042 0.7865450854095081
63 0.7144298027531022 0.7858534389301692 0.7141695318072152 0.8315482803981595 0.5181054648003283 0.830428778007076 0.518366832349102 0.7847350371056101
40 0.23783561049083346 0.5303105079382766 0.23769817219465494 0.5076819325763569 0.39216392081812046 0.5067429233591756 0.39230163332365464 0.5293712259986796
39 0.3948534499231755 0.5313911278397357 0.39485367059785403 0.5590155579640802 0.229813605596064 0.5590157516893528 0.2298137640332243 0.531391707413297
38 0.17953247412708606 0.5981118042262618 0.178663775987161 0.5658704722038609 0.40146040408637873 0.5598661350598919 0.4023297187145545 0.5921068374597843
37 0.18087615605202245 0.6498391633939096 0.1768564806576478 0.6143318473566369 0.3863627694425986 0.5906148427037743 0.3903830619145765 0.6261214714228974
36 0.1887453614876904 0.6957476560141405 0.18292522620072305 0.6578642470131272 0.3945882526039668 0.6253486217416778 0.4004090494203183 0.6632311996080833
34 0.216332486907163 0.7689404737082317 0.20167921421250412 0.7064439122996918 0.40398985675142285 0.6590145053298504 0.41864410400717134 0.7215096839559295
33 0.2640014261944543 0.8334720186096994 0.2431468797068419 0.7685090275458857 0.42142944035686014 0.7112860098545816 0.4422847465502855 0.7762475496552095
64 0.3043478265624344 0.8437970874999946 0.3043478267343289 0.8432948263220174 0.30612244849476156 0.8432948268030461 0.3061224484375771 0.8437970878665
41 0.39246162840299803 0.48424635967642665 0.39166488272746847 0.5077637278598928 0.2184973665863481 0.5018959339072886 0.21929440730161787 0.4783788643808192
42 0.4026811944643214 0.4534209661516851 0.4029639275124737 0.48235898132684346 0.21046490212086155 0.4842381114088168 0.21018257010427988 0.45530049350908014
44 0.4032648969185857 0.4198828981917847 0.40260420470940517 0.45342812163987967 0.17341028180499052 0.4489123191086653 0.17407147119888577 0.41536760496462827
45 0.40273978526738574 0.38933545389867513 0.3983167867713746 0.4235967774429918 0.18247150794979916 0.39573190813138676 0.18689488006316424 0.3614710423550573
46 0.4029056313709134 0.3437745621273574 0.3979365947908491 0.3863541274826248 0.17398430153775735 0.3602182561574278 0.178953780868369 0.3176392014124191
48 0.41587793109101767 0.28304089270235555 0.4002376169970603 0.3481717396070189 0.19855124851960682 0.29973968157391767 0.21419195906275945 0.2346094674781115
49 0.43278721332467285 0.2212153544282238 0.42160434803531643 0.2869276609528387 0.2301257104047636 0.25434170661608124 0.24130893335427572 0.18862986848534577
50 0.4546117207195266 0.18611228943403382 0.39232814683543893 0.2523103877381147 0.28437914144262777 0.15074536999469973 0.34666249161568885 0.08454752557707601