55 0.42105143512935683 0.5107870340371782 0.4237378048816254 0.47148075179946153 0.7169024718208448 0.4915126570690724 0.7142170368157394 0.5308180597174645
56 0.4357339794307791 0.4714270211339733 0.43901919118957267 0.4341247278417396 0.7164124107289354 0.45855096371574616 0.7131279924280989 0.4958525159799358
53 0.7146881938635943 0.40881093942787045 0.7111566508535816 0.4542724237848567 0.4326604809756418 0.43263576332204434 0.4361927739839757 0.387175027709682
52 0.6811333918519722 0.35217880145995295 0.6798144960450827 0.3964712121283172 0.4527143204759341 0.3897068631831779 0.45403376990930155 0.34541497648429326
51 0.4570587411112683 0.342992025041783 0.4598904980584848 0.2990894559286687 0.6953441333390629 0.3142750931653098 0.6925129263729559 0.3581771258247773
47 0.46643679801798044 0.3006055255510555 0.46755234890167685 0.23952824014020618 0.687165207823 0.24353889416870764 0.686050225818235 0.3046155782436302
35 0.4982499487723544 0.2343834889181172 0.511126852133998 0.1642452023400015 0.7167488744079265 0.20199513518019055 0.7038725388690636 0.27213290774998766
0 0.7700473666736798 0.1697137147301051 0.7524032631549744 0.23533654359396905 0.58073330697232 0.18917936341887548 0.5983776100122213 0.12355686973480216
57 0.41457292823895386 0.5573504251002455 0.416240315994969 0.5127496023459817 0.6798910431366494 0.5226023224790268 0.6782246562592036 0.567202205589778
43 0.4116774396184155 0.5909133557205837 0.41298118544443696 0.5557660715141529 0.6891696035446557 0.5660065246042782 0.6878667423468414 0.6011529714710373
54 0.6986198964755204 0.5885743782442076 0.699592114035795 0.6340424487491284 0.41408266784094394 0.6401416250647497 0.41311169036214324 0.5946747419673692
59 0.42490043877558037 0.6777805472141665 0.42527933148210195 0.6317277978068231 0.6621212190411825 0.6336743930169841 0.6617434266280497 0.6797260279150095
60 0.6507094344542566 0.6717625850469597 0.6520286599969722 0.7136884682628825 0.432794687548153 0.7205825809401147 0.43147646611703294 0.6786576662495781
61 0.647765556064769 0.7200219147432124 0.6472193576822747 0.7826382688424931 0.42735717959430986 0.7807170637912652 0.42790493580844213 0.7181022725025509
62 0.682576721213195 0.7505671392629806 0.6924321450509296 0.8143869788984585 0.4822378180859914 0.8468358657472664 0.47238423254714235 0.7830176454845009
63 0.7173296633606014 0.7895190105926483 0.7295286489743376 0.8558093896446978 0.5527807946967869 0.8883251252392778 0.5405835279676694 0.822036251986542
40 0.4011502852367812 0.5123217795627679 0.40091873003075307 0.5381185645964968 0.20133016080433208 0.5363259408687109 0.20156212307813348 0.5105295856146372
39 0.4012810178463724 0.5379482386349522 0.40074508262921427 0.5752236913766786 0.209161261780082 0.5724678997523931 0.20969779068082062 0.5351930655866639
38 0.3327417921874485 0.5725765953124691 0.3327417923040912 0.5720743342118431 0.33451641566387025 0.5720743345382826 0.33451641562498935 0.5725765955611886
37 0.410011908714182 0.6068611203612942 0.4123783432452228 0.6503230016805456 0.17394508102574946 0.66330070088221 0.17157969930042327 0.6198398298110962
36 0.1730030060767831 0.7167978218388369 0.16904365081427386 0.6678233387268393 0.42333846386748064 0.6472641327678302 0.4272990041989715 0.6962373608249377
64 0.4789227521915791 0.8007600944657948 0.44753708418738825 0.9130967928164874 0.3314108172654642 0.8806578509167203 0.362797537938377 0.7683228907325631
41 0.18818711447499936 0.5146504300112927 0.18759370414056775 0.48499980050336955 0.4107119296714927 0.48053285092264 0.4113058307113988 0.5101829911784401
42 0.18243688625045706 0.4915983943477249 0.18066928960240602 0.45567283647204915 0.4110863606292696 0.4443347348854776 0.4128545177026126 0.480259720433752
44 0.14557537299788237 0.42753014051236915 0.15106749290760035 0.3790290360520277 0.42379716412995094 0.40990850832847747 0.4183059757626779 0.4584087672962066
45 0.4325409981498751 0.37424310553513 0.4261652594661882 0.419297790466239 0.1729163685399726 0.3834604467913679 0.1792926441612508 0.3384065042915804
46 0.44830431720220076 0.32100194591538755 0.44297932020367625 0.37300894607282176 0.19639763780742214 0.3477606539830088 0.2017232073554851 0.2957543357347662
49 0.4971847537242411 0.21592629784506287 0.4723295420961904 0.29425319890896734 0.2511692452629859 0.22407321397688082 0.2760247676332028 0.14574695926576475
50 0.5242908318823538 0.15848988373301834 0.4978520367727697 0.22585701323564134 0.3205018937866271 0.1562545131662003 0.34694080602571375 0.08888769969039899