63 0.446632809394373 0.24819613447420275 0.4949499934839423 0.2493598977984582 0.4892515109015676 0.48594123484579943 0.44093432701004076 0.4847774869929257
62 0.4105258752442751 0.21633484292888291 0.44410223738793775 0.216941383122008 0.43929237640975316 0.4831930918959898 0.40571601433373417 0.48258656042160164
61 0.374103155705825 0.2110264935402881 0.41729678594936104 0.21317109690447963 0.403587173219762 0.48928167763665337 0.36039354510444355 0.48713710723842546
43 0.3016648892565854 0.429692560871664 0.22612546954053414 0.4391941256986218 0.19840802201861152 0.218836759022939 0.2739456725475975 0.20933531223107976
64 0.5004081317680402 0.2470701440528199 0.5470393063412757 0.24898971522753796 0.5371469040053398 0.4892919852426028 0.4905157308141952 0.4873724403266715
33 0.5746980550525222 0.48409494494808286 0.5390190893866702 0.4853571273904729 0.5304786916072999 0.2439374222047169 0.5661566624416992 0.24267525784625743
34 0.622054743626336 0.4908993059878258 0.576134504406582 0.4923097334021903 0.566877843090765 0.19092360201743055 0.6127965301858467 0.18951319963548396
36 0.6849281571010124 0.47619202019317985 0.6408301967201169 0.4780547282146353 0.6309391490553935 0.2438866217390414 0.6750360110501106 0.24202393646524675
37 0.7511590751613539 0.47167595819745634 0.6880091249391853 0.4773743757709521 0.6672754686356939 0.2476046993327104 0.7304238971078121 0.24190634888193843
38 0.7411209685357107 0.2530275130956011 0.7965022528893542 0.2523509536769986 0.7988672902342842 0.4459400348608472 0.7434860062348889 0.446616587315454
48 0.5241789147987674 0.7045066452575239 0.5000882594031282 0.7046651924332871 0.49876276978727674 0.5032178588567701 0.5228525328119531 0.5030593146168709
47 0.5248618781250001 0.5031055906249999 0.5570065296875 0.5031055906249999 0.5570065296875 0.7018633546874999 0.5248618781250001 0.7018633546874999
46 0.546165207280751 0.49983964666296543 0.5892171462456872 0.4956973979153672 0.6144305361141278 0.7577212508953911 0.57137861236356 0.761863395866646
45 0.6355316835015401 0.7097632381612107 0.5937910598186136 0.7101323736677438 0.5918994664274351 0.49616935110325905 0.6336385332767804 0.4958002222348335
44 0.6358613765625 0.5039929015625 0.6810647921874999 0.5039929015625 0.6810647921874999 0.723158828125 0.6358613765625 0.723158828125
41 0.8152673263514316 0.6528087476480616 0.7341050529771564 0.6853086751195147 0.6679102818346792 0.5200145778552928 0.7490703020631599 0.48751515148121366
40 0.8655985431533963 0.6163204734386862 0.7925735858739245 0.6360208752130556 0.7419417978302363 0.4483527142272888 0.8149646630336065 0.42865260248190185
49 0.46953724529385 0.5007622536597715 0.4995447531720174 0.4991957941686956 0.5096080192630552 0.6919512050246714 0.47960051363008915 0.6935176372290422
50 0.47925111922279484 0.6847854736721997 0.44838508280656697 0.6866572506360575 0.4373480843610196 0.5046662847069792 0.4682131641707201 0.5027945356157155
51 0.39757818447901627 0.4903342494786227 0.44389745335502084 0.49104279715340515 0.4398158401229466 0.7578382942926887 0.39349657171942454 0.7571297643745414
52 0.3819404346123747 0.704028300714447 0.34677449816706485 0.7003567692265803 0.3687668130066868 0.48974640347377074 0.40393143918072383 0.49341786710852675
53 0.3450842889744763 0.7133518459211007 0.2987448423798469 0.7088057241048586 0.3208209350718789 0.4838200923465327 0.3671585035191356 0.4883661219045085
57 0.190858865625 0.54214729375 0.193370165625 0.54214729375 0.193370165625 0.5439219171875 0.190858865625 0.5439219171875