63 0.5056291597433074 0.5877501833236793 0.4657340887732744 0.5871141095828973 0.46969399837257697 0.33880210696960933 0.5095876503675072 0.3394381692850106
62 0.4429002241508897 0.35371131392062866 0.47533753062123196 0.35530781664513417 0.4645360912393244 0.5747552580542363 0.4320987864543895 0.5731587804387782
61 0.3927025256707566 0.3080264976805697 0.4319312174020524 0.3076075577198682 0.43471807031687604 0.5685492783339171 0.39548937875861156 0.5689682109499172
60 0.39343355358334975 0.5676706649521458 0.36135251572170546 0.5679855482487735 0.35920223907498894 0.3488801681559802 0.39128233556346004 0.3485652893492336
59 0.32345555 0.5217391296875 0.3244600703125 0.5217391296875 0.3244600703125 0.5270629984374999 0.32345555 0.5270629984374999
54 0.28085239078711766 0.45655979477706277 0.2770471474630085 0.45541108897236293 0.2915983469733874 0.40721110655475606 0.29540356692371006 0.4083598086040041
43 0.26067302815602034 0.344276840625 0.26017076871892186 0.344276840625 0.26017076878110856 0.34250221875 0.26067302812498383 0.34250221875
0 0.24791528896150794 0.36379875670946127 0.2011316225941755 0.3460186423316157 0.23923683931604955 0.24575844486676826 0.2860200948256306 0.2635384733676269
64 0.5136752525006614 0.3359497060949172 0.5587622226469193 0.3370732044142294 0.5525467603904417 0.5864906221013562 0.5074597906484541 0.5853671435916884
33 0.5839300777423659 0.5610211408368732 0.5538314019005384 0.5640068466234758 0.5313457635437544 0.3373418461338836 0.561443508525258 0.33435618684451557
34 0.5847381014143593 0.2883768953274584 0.6128304679746179 0.2898024861706564 0.6000412422172303 0.5418126072688089 0.5719488773410148 0.5403870388808354
35 0.6304911378055067 0.5606750304167298 0.6009110908519233 0.5609212466386013 0.599101689240797 0.3434948364050606 0.6286808046297665 0.34324862418768476
36 0.6304304380212216 0.32664550187285424 0.6652870080671391 0.326262411599845 0.6678626905799092 0.5606057699854327 0.633006120658365 0.5609888541867033
37 0.6554333743715688 0.3498317668518789 0.7051706370272086 0.34601458450175043 0.720424495292491 0.544758837986238 0.6706872387661633 0.5485759680810922
38 0.7423405328449917 0.35936113593749996 0.7418382718425391 0.35936113593749996 0.7418382719074543 0.35758651249999995 0.7423405328125909 0.35758651249999995
39 0.7201910407439982 0.2783786718999923 0.767996997920477 0.2632963177179963 0.7996862072268414 0.3637375442813122 0.7518802853684292 0.37881982088600114
48 0.5051024555533559 0.600137860831261 0.5282379492408609 0.6012666607437216 0.5183317760285036 0.8042717125398329 0.4951962841550994 0.8031429371223484
47 0.5296300379958438 0.6069909213435908 0.556608366402088 0.6082633371111293 0.5469728802567033 0.8125301014308278 0.5199945538497559 0.8112577136537507
46 0.5855929325633724 0.8417948067457345 0.5482969467351495 0.8409029174154762 0.554052287200193 0.6003148948982483 0.5913462867443968 0.6012067603438173
45 0.5854836601796478 0.6329694140195867 0.6209775821980656 0.6291115017620265 0.6420503907264674 0.822957696441268 0.6065564828550123 0.8268155243059899
44 0.6898139342857803 0.8293291182499221 0.6468662384087338 0.835180760886439 0.6159820032205516 0.6085370509924638 0.658927598854234 0.6026855524136381
42 0.762816783198673 0.7791620183235551 0.6974037477381216 0.7930194361242118 0.6534681093069139 0.5856483870183612 0.718878416168991 0.5717912639812379
41 0.7163492704610235 0.5488054100875065 0.7835452883078915 0.5356404891316873 0.8201752390189085 0.7225851604595864 0.7529792902765848 0.7357498411906023
40 0.7862297950315451 0.5382995199620934 0.8423747273842537 0.5278317691784796 0.8663920143191035 0.656638039276695 0.8102471160170808 0.6671056657456593
50 0.4711970808203887 0.8129955262076283 0.44387132660096995 0.8124063660035878 0.44846488132895956 0.599420701358823 0.47578939427739897 0.6000098482528389
51 0.44845906975263006 0.8417752345786841 0.4136009196088253 0.8423232442245748 0.40971078162294816 0.5948639982925967 0.4445670223531124 0.5943160037742802
52 0.40232189597145407 0.8391439352376209 0.36256254729710236 0.8374129942468826 0.3724830207670493 0.60960902766749 0.412240392492663 0.6113399258577916
53 0.34683166982051716 0.8396725644167227 0.30494648134720137 0.8345192292211439 0.3328148717434942 0.6080597516832008 0.37469793004117946 0.6132129524613805
56 0.29597549566915404 0.790939478704807 0.22922893219515572 0.7770624042372054 0.271562399153936 0.5734825191463356 0.3383061585496989 0.5873592919837737
55 0.18884982349550228 0.6415261749999999 0.18834756400451624 0.6415261749999999 0.18834756412047682 0.639751553125 0.188849823437522 0.639751553125
57 0.13716292451294976 0.535179150400795 0.1917554549225997 0.5270478841248379 0.20925367539211948 0.6445175638486769 0.154661164662798 0.6526487437553646