55 0.2529129927310123 0.5209646696717894 0.25535155713066615 0.47494523198463673 0.5151628323782234 0.48870945937435006 0.5127252332924854 0.5347279764011325
56 0.5087208443558211 0.5361773033345516 0.5065307328369499 0.5748796370118288 0.2586273911573471 0.5608496337237712 0.26081825490086885 0.5221481116713531
53 0.19787045312500595 0.6052235062499536 0.2010286355524613 0.554147039976696 0.5038147677670395 0.5728632121972802 0.5006580522940567 0.6239383140435457
52 0.24571678704444366 0.6629884936034274 0.24294422296634366 0.6286998845751981 0.4231363973456155 0.6141300655372773 0.4259095094823806 0.6484180742094253
51 0.21980302670203855 0.6790069810721319 0.2247237461322129 0.6292458193980542 0.47707028056981926 0.6541929738150699 0.4721509469504781 0.7039528831836274
47 0.4486190808241872 0.6953408914169701 0.45440852732076564 0.7596015068180387 0.22271820690571076 0.7804674372003408 0.21693055626440128 0.7162084608311632
35 0.1758847357631339 0.8329547777260443 0.17324395955017735 0.7676230151063836 0.39165855397254745 0.7587935314415999 0.3943009893839644 0.8241235956228715
57 0.2429976427041538 0.48482384089559766 0.24332517643517804 0.4386422798173145 0.5113361194836443 0.44054046550927395 0.5110094640282341 0.4867211807535134
43 0.5085127692921105 0.4028389511040267 0.5093910944589197 0.43902376136511234 0.25527207409356834 0.4451891148618507 0.25439435580983627 0.4090048842896852
54 0.20037655408202681 0.4085107318298934 0.19922899036396302 0.3625375508699896 0.49942604492309783 0.35504233020324877 0.5005743907242959 0.40101470115369225
59 0.4478318248754931 0.32423554300381785 0.44822709635843694 0.3535413043442946 0.21416817743909178 0.3566969326170505 0.21377326800575247 0.3273915506980315
60 0.4637504612513794 0.277900135790862 0.4681907838638608 0.31872077380035335 0.23700326675077577 0.3438665280293594 0.23256343650359668 0.30304635466583957
61 0.4148269045927009 0.23623735354687211 0.42233534374668125 0.28512399920902376 0.28239290455587707 0.3066165862620244 0.27488478690167995 0.2577302311837441
62 0.3871308753471112 0.18938669421230336 0.3925837328340549 0.2407606997278073 0.23468416131788672 0.25751932169391234 0.229231601901688 0.2061455782828235
63 0.21148948949564783 0.1975385691782011 0.2086770421848314 0.14642738539263422 0.41238757041401186 0.1352176171358851 0.4152002699964896 0.18632854603878315
40 0.7205691297438079 0.4613572853179488 0.7218066350086474 0.48685565844170964 0.5263271233211526 0.49634068960771754 0.5250899992435052 0.4708426850248006
39 0.5171156113617599 0.46985669290056353 0.5155658677608699 0.4404213652644072 0.7298451425699568 0.42913971095492026 0.7313952913521007 0.45857457728913326
38 0.7802157802615284 0.38065374287273446 0.7830447223985857 0.4222903599667297 0.5105322853545431 0.44080156870219905 0.507704091055416 0.3991656172354402
37 0.5048340825924242 0.40338461963736555 0.4982015400127011 0.3592725356849984 0.718429971756791 0.3261607382937759 0.725062945049558 0.3702722055240451
36 0.6887424360149907 0.27585924415051144 0.6972793676699212 0.320526672414713 0.4736365885516989 0.3632668546986897 0.46510021651511124 0.31859991126933757
34 0.5705412593750907 0.2511300858057027 0.5705412594261361 0.25163234526364964 0.5687666375170011 0.2516323453613593 0.568766637499948 0.25113008593753233
33 0.5022182781249285 0.19638372645945684 0.5022182781650599 0.19688598746176028 0.5004436562633146 0.19688598753817474 0.5004436562500132 0.19638372656254557
41 0.7223168860427904 0.49631972704016614 0.7220739349206724 0.5254417840255927 0.526016616860602 0.523804147043749 0.5262600073929207 0.49468251548752307
42 0.7255799338690849 0.5196570901968945 0.726451607399099 0.553038796293915 0.5232772967615347 0.5583414293968006 0.5224061935565487 0.5249602688757616
44 0.5068387961356393 0.5908086840722624 0.510301334406563 0.5505051331772185 0.7731926971237044 0.5730867662828096 0.7697311785651664 0.6133893313691722
45 0.741410775082386 0.6119789829505087 0.7383562046148882 0.6489285624639458 0.488430422829083 0.6282658624280597 0.49148578962103784 0.5913171232434196
46 0.7145594542147364 0.6579257750992377 0.7058352872885507 0.710729593989544 0.46869924901864124 0.6715522590460119 0.4774244312997098 0.6187497260377646
49 0.5545696546875 0.75339025625 0.555456965625 0.75339025625 0.555456965625 0.7548970359375 0.5545696546875 0.7548970359375
50 0.38191247379609194 0.8117407421362645 0.412980583296644 0.7311475972005909 0.5976170418335869 0.802309657839324 0.5665512607249639 0.8829008227216282