55 0.47722009135497956 0.35346128781424835 0.5223070061614408 0.35261064717208784 0.5270644227908861 0.6047542473963964 0.48197750846645704 0.6056048721572467
56 0.4792110035748465 0.6021211464963044 0.4437144421041239 0.6008037095274317 0.4520946443598177 0.3750478869629235 0.48758997246011404 0.37636530051082656
53 0.4451068460780334 0.5969826581902502 0.39936229142927004 0.5958124014504786 0.4060245214710676 0.3354480588749196 0.4517674292241054 0.33661829491365824
51 0.3849884396640846 0.5715501144490386 0.3403729688485555 0.5700932276532223 0.3481778396195523 0.33112006855227544 0.3927918248242577 0.3325769308521964
47 0.2880243710378636 0.35278106975870815 0.35330221650121985 0.356603255916876 0.34114022369055874 0.5643017875829536 0.275862382075843 0.5604796570025523
35 0.274337374583979 0.5414188963143917 0.21451023260613056 0.5329532117501651 0.24701971387480626 0.3032298811298816 0.30684504323426154 0.3116954330040009
0 0.2486476003811049 0.43191503501190426 0.19415310803833563 0.4233339989373882 0.2179644445282065 0.27212785368532727 0.2724580530250478 0.2807088185475208
57 0.5244143558735459 0.346252184012994 0.567320244650773 0.3457462497343558 0.5704061505336995 0.6074312102591475 0.5275002620242049 0.6079371349091619
43 0.5560926402579298 0.34418430006163897 0.5936531424171108 0.34168906908581664 0.6103442793953491 0.5929239592698717 0.5727837819350725 0.5954191444462951
54 0.6040494754346355 0.27280114785152254 0.6450745417151893 0.273630465190949 0.6399266800867736 0.5282761607069135 0.5989016141091952 0.5274468564736027
59 0.6880909905305543 0.5722561081863564 0.6480983894418841 0.5760287490675504 0.6260739757739202 0.34256404625782166 0.6660652108922704 0.338791472333657
61 0.7473056552904609 0.5519043438341326 0.6843478866921942 0.5534793712349328 0.6792412737901259 0.3493370231323651 0.7421972895989484 0.3477620175752856
62 0.7311858247137479 0.3171731362840939 0.7918103724493903 0.3134834266332459 0.8048519584690439 0.5277553566198215 0.7442274163545335 0.5314450144770219
63 0.751559896858339 0.29401528207052097 0.8080459214176017 0.2823264137478232 0.8353655417243999 0.41434296708689733 0.7788795440523018 0.4260317505475434
40 0.5384228853361037 0.6246670418517892 0.5384233019381099 0.7657498040105164 0.5118031254883135 0.7657496495064424 0.5118031067560196 0.6246672856730772
39 0.5732727550827121 0.7745643336065975 0.5401336754753174 0.7751693533251901 0.5373408632691508 0.6221901368521777 0.5704788558667815 0.6215851271109564
38 0.6620284696011822 0.7906337314346391 0.6187847859160911 0.8054290980129418 0.555878697960452 0.6215948461438626 0.5991207625730794 0.6067997775252085
37 0.6834235927216241 0.7780261484826326 0.6422456479695029 0.7877676178185387 0.5982928043166567 0.6020007141242033 0.639469187141799 0.5922594356705393
36 0.7142828342119856 0.7879538084544393 0.6758296952801857 0.7944467543450856 0.6396043390756176 0.5799368732410599 0.6780557796647599 0.5734440733546707
34 0.7864339154946265 0.7636644702804092 0.7169727540990607 0.7771207227387628 0.6755896889408177 0.5635233510887668 0.7450479460367205 0.550067383630406
33 0.8569721973728974 0.7115217229163944 0.7903588847584615 0.7291311262673549 0.7363491869047039 0.5248421215766567 0.8029599734184103 0.5072330703064256
64 0.9151247492499124 0.6121109715370942 0.8459228850198315 0.646856660453174 0.7839323658968169 0.5234029802043353 0.8531328423285913 0.4886577090758893
41 0.5141990433247656 0.7798466197323854 0.48718322505658307 0.7802684145663394 0.4846028613450244 0.614994314348398 0.5116177374460449 0.6145725268376715
42 0.45203415312499995 0.6202307015625 0.48367654375 0.6202307015625 0.48367654375 0.7692990234375 0.45203415312499995 0.7692990234375
44 0.42121298136021323 0.6109969165491871 0.4611102595331431 0.6207647444811906 0.4140793853574678 0.8128372119003678 0.3741821807616361 0.803069592121316
45 0.3763042433231476 0.5879789173392725 0.4179603134250556 0.5898944550784968 0.40967619125399324 0.770020688572522 0.368020123450151 0.7681051864308981
46 0.34024450552658436 0.5972133519880507 0.3837721589611647 0.6059323906918221 0.3399750231080816 0.8245470109483021 0.2964474294522006 0.8158281829058467
48 0.275093400812807 0.567547337103532 0.3446484051863763 0.5770497070892522 0.3156772047626646 0.7890844008168789 0.24612224184818388 0.7795822380003921
49 0.216710854807161 0.5238198498053637 0.28488741490207303 0.5433603959746368 0.22606295674904686 0.748573740617126 0.15788656031770643 0.7290335967417042
50 0.15943042927312945 0.5068376573384463 0.22612737313795606 0.5307298968540519 0.17542623292285953 0.6722511670583543 0.1087294461926831 0.6483592495713311