55 0.5094401503610015 0.4958180433229529 0.4685851104657104 0.49682346028433727 0.4617027489986185 0.2171436456602771 0.5025565733760686 0.21613824345511826
56 0.46588140150777235 0.48344465965615824 0.43289366177498323 0.48178495616693656 0.4455259257041462 0.2307301572387881 0.4785127615324427 0.2323898378871289
53 0.4302687821659674 0.48359820654859165 0.39173305651922874 0.48090537093268887 0.4116046087668792 0.19655444848934478 0.45013917225901423 0.19924724270142746
52 0.39091805560371995 0.46507510299687915 0.35832665778741557 0.4622610632080535 0.37733238771318156 0.24215751647130063 0.40992301655307983 0.24497152292913224
51 0.3585887262927372 0.43759003434485366 0.3303926818060745 0.4327382261204787 0.369852685721753 0.2034285180162951 0.3980481433982277 0.20828027682436126
47 0.2865654295137574 0.22575013465862612 0.3494150038118278 0.22981580106573793 0.337010149884577 0.4215722650167689 0.2741605791601387 0.41750663703208335
35 0.272457459435941 0.4081391049709503 0.2128078619329017 0.40335595483936354 0.22920096373957222 0.1989362840135081 0.2888493381557282 0.20371938228171307
0 0.22714467507398695 0.26923531329866407 0.17002758739090496 0.24531957189717823 0.21206359320660795 0.14492838488493112 0.269180340155458 0.16884404588026608
57 0.5027286410137322 0.21365073788668776 0.5400543173280994 0.21247701279646006 0.5489216515952648 0.49445798876031266 0.5115959761507156 0.49563169562332365
43 0.580753313413652 0.47825483493484017 0.5496765825406555 0.4796620375667652 0.5391136345939458 0.24639080810666647 0.5701895428943544 0.24498362447029048
54 0.6169670265754803 0.4776369782388565 0.5815127242775588 0.47891791215316154 0.571637495713162 0.20558356101297404 0.6070907255145812 0.20430264726544742
59 0.6551639759442196 0.464865586120412 0.6189823407559061 0.46724695094415586 0.6039365856322547 0.23864974024728217 0.6401173205803161 0.2362684054670549
60 0.6879231518273627 0.45625065468642767 0.6510812051647008 0.458146437811919 0.6397771687192062 0.23846813153275936 0.6766182714759452 0.2365723699556992
61 0.7464286959673245 0.43602247425390944 0.6890527490966178 0.442762799355472 0.6653296314257204 0.24082583905028268 0.7227043939298028 0.2340855839570903
62 0.7714716218989679 0.266193434375 0.7709693624760803 0.266193434375 0.7709693625240561 0.26441881093749997 0.77147162187498 0.26441881093749997
63 0.744245196552356 0.17277226186148997 0.7961448313699293 0.15529471650003154 0.8314949606105984 0.26026579766269997 0.7795953574488976 0.27774327942315236
40 0.5197054395051737 0.511319236038475 0.5425605661120017 0.510592506620193 0.5482149915682157 0.6884020288551057 0.5253598655067435 0.6891287464665988
39 0.5449522859375 0.5119787046875001 0.5675539921875 0.5119787046875001 0.5675539921875 0.7009760421875 0.5449522859375 0.7009760421875
38 0.6238966485216224 0.7335178449544717 0.5916375712630497 0.7379852644817017 0.5592039804730575 0.5038089376941911 0.5914616730514126 0.4993416140048373
37 0.6047212453124999 0.5776397515625 0.605725765625 0.5776397515625 0.605725765625 0.579414375 0.6047212453124999 0.579414375
36 0.6284362764338312 0.4883436713099189 0.6726075978731387 0.485152081271243 0.6881428777633118 0.7001380159924232 0.6439715630017417 0.7033295442606282
34 0.7691260992312436 0.6766360996070037 0.7086941051007898 0.689255144718726 0.6639450872988846 0.4749720878987045 0.7243748745745506 0.4623532781142443
33 0.8061275734860374 0.536823425 0.805625314014037 0.536823425 0.8056253141110119 0.5350488015625 0.8061275734374931 0.5350488015625
64 0.7874287755697651 0.4370630328442307 0.8437474333305772 0.424406161097141 0.8716876363370147 0.5487217936428394 0.8153690169543779 0.5613785448363462
41 0.4947966299697555 0.5080425866670559 0.5172973999206079 0.5060280021405168 0.5336692069938636 0.6888652325752429 0.5111684416209528 0.6908797834770898
42 0.5098150866130027 0.6943582521599945 0.48210295223270805 0.6968394581270224 0.465326957946786 0.5094877992555938 0.4930381504561865 0.5070066354602211
44 0.43194374693030113 0.6113575859375 0.43144148588226017 0.6113575859375 0.4314414859927638 0.6095829640625 0.43194374687504933 0.6095829640625
45 0.42656425468953785 0.7084241233082834 0.3944084196029962 0.7074199937236897 0.4014079107843145 0.4833212891796758 0.43356243542109496 0.4843253982589814
46 0.36703122655910647 0.4807356176857887 0.40366527299192967 0.48358372285552526 0.38690907807063013 0.6990906818423277 0.3502750376376298 0.6962426323706044
48 0.30648610662422016 0.44349297848174385 0.38389639684453414 0.4586511755190004 0.34022215091670205 0.6816677701108335 0.26281194168711863 0.6665098692983121
49 0.21848317504964143 0.5492457859375 0.21798091401285546 0.5492457859375 0.21798091411210407 0.5474711624999999 0.21848317499996028 0.5474711624999999
50 0.20849314356746618 0.5808891491867798 0.14231043726988446 0.5688054581038683 0.16419709095146118 0.44894471779284184 0.23037856278540403 0.4610282934198272