55 0.5008362666959556 0.5464788328032592 0.4617302201753546 0.5468477375138481 0.45967082340439447 0.32848905130679956 0.4987757120089782 0.32812015212088946
56 0.42486839072898874 0.31747301147952767 0.4537050926930988 0.31546415642252856 0.46886659943845643 0.5330938715788397 0.4400299004764747 0.5351026983883626
53 0.3985054183599459 0.3118855662592976 0.42931434614718 0.3108717160821289 0.43705180104950614 0.5459860330475812 0.4062428740045334 0.5469998675108144
52 0.37418382656250004 0.35314995625 0.4033149171875 0.35314995625 0.4033149171875 0.550133096875 0.37418382656250004 0.550133096875
51 0.3761753897131257 0.5448669231937335 0.34284009293548934 0.5472645542142431 0.3280450601624807 0.3415693290091254 0.3613794196778599 0.3391717321219564
47 0.33971720952649775 0.5406167025564473 0.2869225337926764 0.5427511326381184 0.2792082200087407 0.35193171195226436 0.3320015224853705 0.34979730971599343
35 0.26670015003298886 0.365572315625 0.26619789059202503 0.365572315625 0.2661978906579634 0.36379769374999993 0.2667001500000197 0.36379769374999993
0 0.20183460798421038 0.32761825710417125 0.25045009726829903 0.3309203121186368 0.23886663023324672 0.5014532136901431 0.1902511445800883 0.4981511942324097
57 0.545041332271353 0.5469529346461042 0.5039230121544733 0.5482316869108996 0.49729860804711734 0.33521742552424605 0.5384156884972526 0.33393869320259306
43 0.5740831367057808 0.3371781761506392 0.5740834413718403 0.5412600856663011 0.5444499553935884 0.5412599053701067 0.5444500571642266 0.3371784052305129
54 0.5740833750000001 0.3149955640625 0.605725765625 0.3149955640625 0.605725765625 0.544809228125 0.5740833750000001 0.544809228125
59 0.6406230358204539 0.5454006193957462 0.6065530857828207 0.5461310728121169 0.6024636047309286 0.3553821853756605 0.6365326697864475 0.35465174140299865
60 0.6774887879495282 0.5411405802115469 0.6407262667105442 0.5418762237410306 0.6365537856548826 0.33335108072288777 0.6733152534101237 0.33261544795399695
61 0.6707217228596392 0.3703100401462754 0.7198206622522321 0.3677046796971285 0.7284546131696743 0.5304052539846636 0.6793556759666899 0.533010585170318
62 0.7178000480511173 0.3452679443413364 0.76327806314589 0.34205031331685365 0.7759117508915097 0.5206055446072996 0.730433740228932 0.5238231372333216
63 0.7541824944611335 0.3119783758580448 0.8096432953651629 0.30594152897928695 0.8314851300644932 0.5065944466205681 0.7760243422821986 0.5126312176048339
40 0.548089201261746 0.7321714339890666 0.5207953114170323 0.7345278708128794 0.5059397359326567 0.5624779186251888 0.5332326848347293 0.5601215231194112
39 0.5719359637364505 0.7432628337285894 0.5405980772850398 0.7442763494298903 0.534730326921931 0.5628535678350302 0.5660670757541766 0.5618400706185391
38 0.5982392333901316 0.7636275359965433 0.5696549671796447 0.7645653916653231 0.5627526286397142 0.5542024305488504 0.5913357120812179 0.5532645940376549
37 0.6442515222647671 0.7652234289097025 0.607161923515946 0.7685441616066041 0.5890530132161302 0.5663054508981502 0.6261411211032737 0.5629847845416946
36 0.7018817297368969 0.7480343517512732 0.6686762336466927 0.7560887545362757 0.6203236452031433 0.5567731417419458 0.6535278738371062 0.5487188974754169
34 0.7533354146046349 0.7244718502724726 0.6937474171932081 0.7366060294918376 0.654054619379167 0.5417047115538917 0.7136404235722011 0.5295707611990575
33 0.7548970359949863 0.6370896187499999 0.7543947765049097 0.6370896187499999 0.7543947766200745 0.6353149953125 0.7548970359374607 0.6353149953125
64 0.8845291539903428 0.632778043644365 0.8191768524471854 0.6618190552742341 0.7565606862291361 0.5209242528895424 0.8219114329820059 0.4918836421275562
41 0.5164782872648175 0.746572836671418 0.49365557693056417 0.7474770368325254 0.48638397902982433 0.5639523753791849 0.5092058563217279 0.5630481917043791
42 0.48108281098257066 0.7478355860827326 0.45216433437440173 0.746347660491353 0.4614896121067886 0.5651440120010922 0.49040706574510295 0.5666319116352118
44 0.42956538987243675 0.5645204898026346 0.460894245709369 0.5656427142955242 0.4538568212850578 0.7620801574409769 0.42252796654054237 0.7609579552008227
45 0.3988059785497171 0.5599538335077185 0.4296351897551176 0.5629622447623449 0.41124127930004306 0.7514338382892073 0.38041207606715943 0.748425483908825
46 0.374764771145351 0.7612142174117136 0.3399234162419589 0.7574835136072553 0.36221227916053067 0.5493620346443254 0.3970522493345925 0.5530926657253264
48 0.30617691041243233 0.5387671342076316 0.3632237205546289 0.5465301249985747 0.3366642641300359 0.7416808676360186 0.2796174845537962 0.7339180265683466
49 0.23807132037552492 0.6965394859374999 0.23756906087453444 0.6965394859374999 0.23756906100049946 0.6947648625 0.2380713203125424 0.6947648625
50 0.19896533115036164 0.49804875224804257 0.2573168514228428 0.5088626906631811 0.22794050413574496 0.667360572914966 0.16958902568069334 0.6565467888991482