63 0.4309458051505999 0.4985832427488699 0.43147200152805 0.4657910004066306 0.6738467263583061 0.4696777305529588 0.673321126490805 0.5024694004917173
62 0.4356699203125 0.4289301859375 0.6637089625 0.4289301859375 0.6637089625 0.46559517812499995 0.4356699203125 0.46559517812499995
61 0.7256266513948049 0.3978385561916209 0.7243235593034569 0.4392905304401441 0.45370811693669566 0.4307811423866035 0.4550118927385256 0.3893298713677412
60 0.5785270625 0.3561024609375 0.581188996875 0.3561024609375 0.581188996875 0.35710698125 0.5785270625 0.35710698125
59 0.47416750600780233 0.34305663048788093 0.4774718099765778 0.3094267207751668 0.7033322616373425 0.33161671643792273 0.7000283827291014 0.3652462374636861
54 0.6992343978133704 0.2707756108768409 0.6929535901552981 0.33143820860958817 0.4827783776677279 0.3096765989278074 0.4890596848019868 0.24901455542644602
43 0.5185980687892879 0.24815575133561996 0.5319223657255634 0.18489713530528343 0.7371538628939334 0.22812445696876674 0.7238301227188231 0.2913825776008246
0 0.6395111529479891 0.2215645558252806 0.6543924621529413 0.17020917960319967 0.7617908838673202 0.20132967306637217 0.7469097899770532 0.25268486604840207
64 0.4307390982027073 0.5429591440232976 0.4287482516934915 0.5021741386357539 0.6787414103212086 0.4899706538007919 0.6807330163775305 0.5307548239873786
33 0.6645961364633877 0.5316910637587133 0.6666203299996596 0.5674386559633129 0.43537491278436846 0.5805290914190284 0.43335145888443094 0.5447822066749402
34 0.43724347034537914 0.624376778606047 0.43399685145698186 0.5827863183985211 0.7316909409053096 0.5595470891501604 0.7349385816100948 0.6011364148059064
35 0.4487265696216127 0.6660774314528963 0.44430615760313685 0.6262984151363052 0.6869386198970915 0.59933699417796 0.6913598475813387 0.6391150715837317
36 0.6935879829034093 0.6347340711866936 0.6985738976065932 0.6714258125782933 0.4710492181926611 0.7023358403553575 0.4660642527139771 0.665644948844287
37 0.6953601370480555 0.6637832025572008 0.7062493322040382 0.7228551555310024 0.4894180110765092 0.7628159059728485 0.47853042202029883 0.703745369649726
38 0.7089618404519342 0.74836730272826 0.7089618890589691 0.7533900235589995 0.6486246741543482 0.7533903749923486 0.6486246602006531 0.7483676887809342
39 0.7632894251569269 0.7482577856176778 0.7757313162240962 0.8084000023359984 0.6610816988654733 0.8321122845743479 0.6486407754059655 0.7719709118413723
48 0.24312333593750002 0.512807634375 0.41437444531249995 0.512807634375 0.41437444531249995 0.5389251625 0.24312333593750002 0.5389251625
47 0.223640750186064 0.5702746987977434 0.2233480916725057 0.5417842729472342 0.4063367031501457 0.5399035423113737 0.4066297979946967 0.5683935278743565
46 0.1998490087726168 0.6151092007379245 0.19812856546388957 0.5783200165220234 0.41078747607639343 0.5683741737461183 0.4125085921044729 0.6051626602236623
45 0.22962266681633992 0.6664960133113218 0.22441081183126244 0.6289263562096868 0.42797471229630446 0.6006885451254429 0.4331871906838387 0.6382574649956637
44 0.44670160243845203 0.6389265437823934 0.4510038413327493 0.6807194985698773 0.24363018515828117 0.7020617663225159 0.23932891793890576 0.6602697194617483
42 0.26079949887810017 0.7842262611280783 0.24740343513735752 0.7204864189655227 0.4698999052097861 0.6737303587668018 0.4832971343145118 0.7374685943086595
41 0.40638864218749404 0.8252134609374904 0.4063886423555232 0.8247111979657225 0.4081632656810825 0.8247111984361568 0.4081632656249212 0.8252134612959292
40 0.40066040426609106 0.8590199508724689 0.4068380120779693 0.804470119870496 0.5313193575764217 0.8185636899972044 0.5251427064351901 0.8731126479807481
49 0.24223602500000002 0.487192365625 0.417923690625 0.487192365625 0.417923690625 0.512807634375 0.24223602500000002 0.512807634375
50 0.23163263317997007 0.4870299671610962 0.2312471324262333 0.45787857853660585 0.4169416071450769 0.45542211399013843 0.4173274915683578 0.4845731112531266
51 0.21981913232070838 0.45096503850313074 0.22214325967900095 0.4105025366925758 0.42227491990809085 0.42199628950916174 0.41995136070624994 0.4624582474516675
52 0.453201392259416 0.39076124873760826 0.44632297365808427 0.4316934198387295 0.23634556844046983 0.3964082760748648 0.24322439605737145 0.3554766496274344
53 0.2469195841513283 0.35630656655726717 0.2536580554158263 0.31386914335430544 0.4664124229296931 0.3476493541248366 0.45967450093610296 0.39008629087812874
56 0.48969115355168924 0.28558361479202 0.4766057003876085 0.3503142562298582 0.24513958881823328 0.30352270374121715 0.2582255426298161 0.23879277610353125
55 0.5254231440444528 0.22234089920430092 0.5043298279193777 0.29633026895761827 0.3131196514138992 0.24181890742304687 0.33421328578856446 0.1678300215762844
57 0.38888771656252175 0.18236328663570997 0.4059464235150472 0.12290598641274489 0.520414009840124 0.15574720085508306 0.5033555141779971 0.2152043217160614