55 0.5634425090269133 0.49271713809369333 0.5634429063862854 0.5369161221569243 0.35048788703750233 0.5369160756860512 0.35048822899773313 0.49271784203398344
56 0.559914444853689 0.5404990821063014 0.558082355440547 0.5748110559238417 0.3576117282832456 0.5641063352420002 0.35944436285910797 0.52979495922432
53 0.32458262717329944 0.6061462609447184 0.325416705168891 0.5678756279477176 0.5596426927096445 0.5729775217546123 0.5588094390848255 0.6112473583196419
52 0.5514776345048631 0.6131665306213552 0.5495754317799992 0.6523801661610258 0.35301595043688394 0.6428441894651261 0.3549188519390327 0.603631287702459
51 0.35662335371637255 0.6721403249186371 0.36115293588682107 0.6314387469148782 0.5416063911487754 0.6515169596768204 0.537077623136156 0.6922177966773319
47 0.35894554956360025 0.732067338115747 0.363816299330324 0.6778429090027897 0.532681681136296 0.6930078401728991 0.5278120043561785 0.747231281961026
35 0.5080949955328151 0.746567591851121 0.5038280763384364 0.8031016195977629 0.33522030053507024 0.7903760436851335 0.3394882432069153 0.7338431355651182
0 0.4708688995542616 0.7997131153700499 0.46676023605789396 0.8523380244327797 0.2931596649311814 0.8387846068852393 0.29726936997781195 0.7861608396305704
57 0.5625081465418589 0.4511505994532951 0.5638821671010419 0.4893689590827217 0.35069431215185887 0.4970312508386601 0.3493208993625103 0.4588134911168497
43 0.5567854083050179 0.4153633420267059 0.5580816959970889 0.44894206259951036 0.3604084601405475 0.45657127569331835 0.3591126283375843 0.42299299953596364
54 0.5515704618767359 0.376670152173985 0.5527510660197095 0.4136797661868472 0.33790351036657285 0.42053173290896945 0.33672340394559797 0.3835226201550696
59 0.35747987375270895 0.3825722949122288 0.35583288587326933 0.34474236460628305 0.5472165705546104 0.33640955534560824 0.548863937797023 0.37423909686706025
60 0.5340375722258841 0.3034282819277761 0.5363055651762352 0.33455276798733996 0.3591525171448211 0.347460269808174 0.35688481500164926 0.3163360544246522
61 0.5227902605088275 0.24949351064865555 0.5256449033356603 0.30301837548160093 0.34871248163551627 0.3124536068470309 0.3458582649756181 0.25892914766636327
62 0.3265824481226218 0.2643939572832062 0.3220060028779699 0.21498428479837345 0.49786970988611756 0.19869519983202713 0.5024464308767165 0.24810456605928546
63 0.46137770691325386 0.14854683541816738 0.46865950936296485 0.2000026225149846 0.309399621429975 0.22253965606918094 0.3021180774056802 0.17108409688197487
40 0.7423636626258485 0.4504960557381944 0.7440944730084311 0.47817589773460484 0.5757628437901303 0.4886995186814377 0.5740323855770839 0.461020003142088
39 0.7365697997898906 0.4316662272321388 0.7361308599574841 0.46116122457570147 0.5755703202011091 0.45877077435689223 0.5760095761269213 0.42927609206163736
38 0.7493017881377 0.37702988224366185 0.7527859805240951 0.4114954530959119 0.5765895871154498 0.429305404891926 0.5731058018449176 0.3948402064445664
37 0.5659205205190574 0.39437559688794466 0.5611851362405105 0.35986709307400544 0.7428422263342327 0.3349398971490725 0.7475779017230479 0.3694480338947848
36 0.5499332439061391 0.3611182579306327 0.5438134362639175 0.32796301833639724 0.7336662959465912 0.2929203900041257 0.7397863469468575 0.32607530186460165
34 0.7113116859189859 0.23048073780928952 0.7249491658598117 0.28823305153288553 0.5380028149639884 0.33237604570696394 0.5243658860665619 0.27462421075559207
33 0.6743566984374638 0.19738824677136216 0.674356698477709 0.197890507774037 0.6725820765759636 0.19789050785083895 0.6725820765624348 0.19738824687497986
64 0.6216960484637184 0.11804214985608337 0.6362849879177475 0.1859430222069018 0.4704927686937026 0.2215636606543225 0.4559041612805004 0.15366306444012426
41 0.7424353471335507 0.48487794883984336 0.7432101129450075 0.5113282512969624 0.5709544310007004 0.5163720700849286 0.5701800221112308 0.48992211156753257
42 0.7424856324820439 0.5124511701965985 0.7436033071468273 0.5434331453904502 0.5766432943503332 0.5494542935824971 0.5755260519819103 0.5184727334951978
44 0.746169522616924 0.5482945407629246 0.7465089815832471 0.5865972651542414 0.5742191610127065 0.5881223783460944 0.573880277049966 0.5498202197658858
45 0.7388977537275423 0.601239138670916 0.73458916843731 0.640685943718501 0.5562815862208481 0.6212103667907791 0.560590748867412 0.5817642029861506
46 0.7473769497036074 0.6532508631287693 0.7400849822872715 0.6927380241516591 0.5466998740154168 0.6570281659843427 0.5539924395008029 0.6175417506171755
48 0.7269151677754735 0.6934007771673332 0.7140396401722455 0.7550850816695452 0.5220255408345338 0.7150086878778361 0.5349020218486658 0.6533256522310773
49 0.7008054450556074 0.7565885989690333 0.6858365930208947 0.8235747416051666 0.5020752365455792 0.7825159609397543 0.5170451371897116 0.7155312956859793
50 0.4593707917888423 0.8508468309504503 0.47023259856837285 0.778230579540921 0.6586805536793463 0.8064114882587232 0.6478207050382707 0.8790259739837288