55 0.3487345920370899 0.5188786852652085 0.3485988018499029 0.48320023854132665 0.5563144765329753 0.4824082623321918 0.5564508303995126 0.5180861486817743
56 0.5546037407746098 0.5199560225144427 0.5543678823751179 0.5504271961670041 0.32991838286272923 0.5486876296775673 0.33015479255300306 0.5182170089129546
53 0.555256778124658 0.5517967135857936 0.55564120253689 0.5868778937918976 0.29759040742646903 0.5897023695364452 0.29720677935893036 0.5546219889044791
52 0.5567588050943186 0.5901186822748843 0.5561653051241819 0.6268463587718823 0.3386600202737782 0.6233295947721792 0.33925424702704277 0.5866026644263038
51 0.32881566030846443 0.647160283906195 0.3313041195289088 0.6137596181375674 0.547888880190385 0.6298920330373129 0.5454011735307631 0.663291992546533
47 0.5330090312407947 0.663647618947777 0.5295476789343638 0.7130436380608558 0.3076957795292401 0.6974974393825862 0.31115817944100854 0.6481025941913169
35 0.5060686906151659 0.7139749172341321 0.49808436267653633 0.7633407159777376 0.30199910740350333 0.7316288971296905 0.30998429399278393 0.6822641855385667
0 0.39710409172880645 0.7359176696362821 0.38775675437443624 0.7771973950955856 0.25098013370643457 0.7462297232078773 0.26032792685157347 0.7049506508672087
57 0.3383938722865878 0.4767672342037071 0.3392777625214194 0.4424303442095305 0.5561161031631627 0.4480103676284565 0.555232750273376 0.48234673436364006
43 0.3398108020263635 0.44444270040542355 0.3398996992884804 0.4143260542924826 0.5484158108530437 0.4149402566431654 0.5483273263450883 0.44505649283358384
54 0.30084031087142193 0.41588281144475747 0.30038932285981446 0.38319267834647736 0.5437294258952079 0.3798339488673833 0.5441808906720098 0.4125236119415391
59 0.54013849026569 0.34244600709106365 0.5430802582918659 0.3756330005719894 0.33169377623516993 0.39436854606167465 0.32875243303931256 0.36118194653785063
60 0.5267224125836947 0.3106336163742385 0.5308594342656079 0.3416053521866823 0.3239675248946696 0.36923872126289486 0.319830874849913 0.33826732839342655
61 0.5033191162382309 0.2652322899175164 0.5095629633013914 0.31128045943458027 0.3271318300620578 0.33601537157409084 0.32088841185532146 0.2899675887390837
62 0.28817141677654945 0.30223179522215404 0.27902045019027355 0.2537321757104808 0.4727091186116468 0.21718689737633545 0.48186037734706133 0.26568614252867395
63 0.25299166866113865 0.2680454111085769 0.2462176329582917 0.22927105575766366 0.3673484288892723 0.20810919205898434 0.37412259993141106 0.24688337471944466
40 0.7621580004270072 0.46537520826221046 0.7626928974366365 0.4870911190720671 0.5690546201716415 0.49185904232171807 0.5685200368538972 0.4701434423861988
39 0.7618200562567381 0.42224625200711907 0.7651627284227516 0.45007958757825184 0.5670552557537576 0.47386852880905833 0.5637129998100363 0.4460355718164716
38 0.778666665279502 0.3901996291358187 0.7819907308759184 0.41955752607386687 0.5588597133453277 0.4448182076556615 0.5555361043810763 0.4154607165673608
37 0.5482923956762988 0.4132783772606222 0.5452446858267876 0.37669088722631766 0.781612757666835 0.3570012977543653 0.7846609281647261 0.39358826311600953
36 0.5481578075492735 0.37932229617997315 0.5412561818789072 0.34802780607304784 0.7458047842744691 0.30291801559154863 0.7527066461898357 0.33421214315920184
34 0.7167932602533256 0.24769900710622497 0.729864414041117 0.30276181946115777 0.5320150875331819 0.3497261170058128 0.5189445229647163 0.29466381470194214
33 0.649511978125 0.2039176296875 0.650399290625 0.2039176296875 0.650399290625 0.205424409375 0.649511978125 0.205424409375
64 0.6135238277344115 0.16502495873307071 0.5986080174313884 0.2426139919489332 0.48090026894101356 0.2199856415262342 0.49581628653322696 0.14239687771949228
41 0.569693028517122 0.5169906588347619 0.568210799915505 0.49342182980385924 0.7698463590618303 0.48074082705744453 0.7713289247382136 0.5043092888186717
42 0.5728251402700835 0.5417632020628712 0.5733246501204121 0.5154502504284608 0.7741847556216044 0.519261594427269 0.7736856812745145 0.5455741163280262
44 0.5708554820452036 0.5746979202993417 0.5720862420156436 0.5420972350674798 0.8034962509317438 0.5508310172080795 0.8022661617626454 0.5834310464307333
45 0.7788962862927065 0.5831435831355679 0.777903799349474 0.6182241135238344 0.563749670832749 0.6121634495853197 0.5647428227642877 0.5770835991883353
46 0.7865279123062692 0.639328453290764 0.7823575094689659 0.6711440158636477 0.55205788351725 0.6409568743194132 0.5562288941807765 0.6091420237460133
48 0.5382750840914241 0.6981096394986915 0.5492064771713103 0.6393658912803705 0.7633450299750848 0.6792065672651676 0.7524151557262257 0.7379489869874486
49 0.5082951129014646 0.7559879056941091 0.5161505658438728 0.697895062547056 0.7341779179582772 0.7273712019293083 0.7263240736776879 0.7854625698047141
50 0.6456516297967028 0.7776122260609821 0.6349151239001003 0.8401973530071389 0.5102492968901515 0.81881370045827 0.5209865589954461 0.7562295368218984