55 0.4577207400243424 0.3255281838807196 0.49417132115763707 0.32370144918532684 0.5060035023601586 0.55978778088445 0.4695529236682887 0.5616144865002416
53 0.400816094615152 0.29009726782031414 0.4412979199094025 0.2909651918205952 0.4353820990050963 0.5668783516883283 0.39490027399631344 0.5660104432035596
52 0.3637754694208297 0.32196722025463365 0.40181429205961194 0.32261965640356494 0.39772343061838455 0.5611156592478765 0.35968460824722115 0.5604632334965314
47 0.2866155335472058 0.360540933074039 0.3465950104271087 0.3588244183573753 0.35251787019922176 0.5657722213398941 0.2925383948078206 0.5674887108431562
35 0.2923150728628343 0.33451616905207116 0.2923155074205397 0.556344344115928 0.24460063167703083 0.5563440572508725 0.24460092671154143 0.3345166354377052
0 0.24424661202692732 0.5200662624391622 0.1948156501482572 0.5152699623090544 0.21419869858641505 0.3155259604164886 0.2636283621095572 0.3203221956838557
57 0.5374732468339971 0.5570196089749397 0.5022992783328846 0.5572408193113829 0.5007886637379215 0.31696264985288425 0.5359614877630747 0.31674144315616126
43 0.5366196287369576 0.3249578004474383 0.5668970747985895 0.32457269278318956 0.5697656753801539 0.5500921896666408 0.5394882294534682 0.5504772914655365
54 0.5983316543250794 0.5520798048650969 0.5653937866617298 0.5515232902652183 0.5698332797544481 0.28881832473490715 0.6027700283841568 0.2893748298178496
59 0.6378168532327209 0.5459860981511535 0.6012400627918169 0.5468950139194051 0.5956935194202515 0.32367998736184933 0.632269229091321 0.32277108502312524
60 0.6647903909604338 0.4915081384548692 0.6342584317804949 0.4925465332516837 0.6269233188354519 0.2768728041069508 0.657454501606253 0.2758344225929641
62 0.7560562266097577 0.5227033527807083 0.70001035232292 0.5214271375098638 0.7056459697327 0.273990788506298 0.7616901268544325 0.27526698395479665
40 0.5127933578668262 0.57417976587148 0.5317309419622234 0.5740746870212537 0.5327497211214904 0.7576588981807475 0.5138121370305271 0.7577639750979716
39 0.5334003015625 0.565217390625 0.5590155703125 0.565217390625 0.5590155703125 0.7879325640625 0.5334003015625 0.7879325640625
38 0.5611278266680984 0.5651547676524502 0.5913311596802941 0.5655036326874158 0.5882686055648492 0.8306119408363243 0.5580652726530388 0.8302630854963553
37 0.6434197370512038 0.7871265946208486 0.6094976493482136 0.7907438020078321 0.5855782981560651 0.5664553234054849 0.619498879370326 0.5628381950100113
36 0.6839759939641681 0.798154306801581 0.6479868239830466 0.802326260671948 0.6200653403286651 0.561491783104434 0.6560527829775538 0.5573199280229005
34 0.7006529375604487 0.6681455187500002 0.7001506780645741 0.6681455187500002 0.7001506781853095 0.666370896875 0.7006529374999673 0.666370896875
33 0.7684580609945897 0.63176575 0.7679558015054226 0.63176575 0.7679558016195642 0.6299911265625 0.7684580609375189 0.6299911265625
41 0.49031937733570885 0.5757163584021994 0.5115915596066998 0.5758747737653773 0.5101175663493223 0.7737791334716385 0.4888453841095952 0.7736207212784261
42 0.46156731784367366 0.5674186126232638 0.48914153733358035 0.5668333880417618 0.4937325667569894 0.7831226943145324 0.4661583476793112 0.783707905916172
44 0.43060308559074656 0.5711656867489535 0.4626642482338639 0.5724171318533903 0.45457433205990583 0.7796487071285657 0.4225131710867345 0.7783972885064813
45 0.42190416664595887 0.7842202611932162 0.3912399471222443 0.7832378955355811 0.3979928149052512 0.5725016916741362 0.42865577902705354 0.5734840380554925
46 0.3879902133011228 0.7916399556992965 0.34909118718951504 0.7900674003906355 0.35804430178268376 0.5686562803056568 0.39694160729663963 0.5702288016413333
50 0.24613183727478827 0.5366153507780422 0.3136179554520595 0.5904178412285072 0.21238044365156838 0.7173874058141383 0.14489507624830367 0.6635857494815057