63 0.5192778068426378 0.5368736917585185 0.48253842501208055 0.5367506442958102 0.48328202695483924 0.3149101330618767 0.5200203089644901 0.3150331786354026
62 0.4810775875555464 0.5011848251377659 0.4533753033826997 0.498228011226159 0.47583001043733475 0.28786586942529585 0.503531581888069 0.29082264446650924
61 0.42890595429162204 0.26113283528614234 0.46640257306432886 0.2620637027167289 0.4600532384346252 0.5178133622956107 0.42255662015452344 0.5168825089460048
60 0.425414613849739 0.4995563437500001 0.3897535539670116 0.4995563437500001 0.38975400844947217 0.27062999062500004 0.4254140582926311 0.27062999062500004
59 0.34520097429788166 0.29236100633351175 0.3860852853152892 0.2913091312005984 0.3914017719342837 0.49794176875307755 0.35051746145461493 0.49899363083360687
54 0.2799068481737095 0.2800665637203606 0.3447881308889009 0.2772570713915736 0.3539123292622435 0.48795950793984716 0.28903104927462664 0.4907689661802371
43 0.28583865781502027 0.4757448024010866 0.22942810571305472 0.47175364666269487 0.24371415294183407 0.2698554440172305 0.3001233615949559 0.27384655084396176
0 0.22984092019908076 0.45922228252053765 0.17276719479161784 0.45497163366790877 0.18365354928027955 0.308814900639388 0.24072625561916539 0.3130655102758947
64 0.5575085142663738 0.31233346803461715 0.5575088064341571 0.537710873197525 0.5213459695110032 0.5377106095490817 0.5213462044496282 0.3123337294543551
33 0.5503905539483185 0.3179631680672732 0.5756014463538577 0.31695192097985253 0.5836874640722272 0.5185307979378458 0.5584765725450325 0.5195420320905518
34 0.6179944502840726 0.5363441428070793 0.5831975549633626 0.5372313368337094 0.5762373576677646 0.2642321353888085 0.6110330915752229 0.2633449562017895
35 0.6516903866511257 0.5257865711859383 0.6184729230031962 0.5266890462999645 0.6120661053939784 0.2908655681183975 0.6452825186722748 0.28996310796955
36 0.6877313079050964 0.5199660707180581 0.6534855096939509 0.521728193524863 0.6429183065824873 0.31636400636404527 0.677163159603424 0.3146019087754114
37 0.7423411921963634 0.5084294593750001 0.684078151355834 0.5084294593750001 0.6840789187325527 0.3025732031250001 0.7423404671874323 0.3025732031250001
38 0.7947760461216831 0.4832600111045718 0.743857584528314 0.4895253562702213 0.7199926146689677 0.2955802836759238 0.7709098689866778 0.289315015256761
39 0.7792100557587673 0.3123753055960264 0.829724862682724 0.30808644968124643 0.8427003932625894 0.4609079403010256 0.7921855915434435 0.46519675743935934
48 0.5462634005546079 0.7083269749036818 0.5250041095862343 0.7099447723737751 0.5127504192487322 0.5489361539245344 0.5340090710401455 0.5473183804920081
47 0.5711393431726037 0.7326080175033474 0.5445778463688384 0.7338607883751082 0.5362229617143157 0.5567323120133053 0.5627835495856743 0.5554795623843081
46 0.6262884861179145 0.7548214052410451 0.5905386284624683 0.7603856559165049 0.557885750119226 0.5506176789156054 0.5936341409853867 0.5450535436812115
45 0.6664286347569259 0.7438832688650497 0.632347758017886 0.7508974637973626 0.590072874010275 0.5455152929162833 0.6241523990099722 0.5385012410178692
44 0.697136246323339 0.7375786691651529 0.6588969631711734 0.7439035158466935 0.6228822968103032 0.5261855470800528 0.6611200266066817 0.5198608293974006
42 0.7684059839023121 0.6925573277710508 0.7044627893740198 0.7083759684928665 0.6569037041513184 0.5161477489946806 0.7208446854953081 0.5003293935983751
41 0.807132093808832 0.6512866015625 0.8066298343161407 0.6512866015625 0.8066298344338065 0.649511978125 0.8071320937500559 0.649511978125
40 0.8813600757334825 0.6165523917588376 0.8118387284317805 0.6316300912160782 0.7752162057322494 0.4627800701882779 0.8447357193545031 0.4477025717295389
49 0.5230549156135567 0.7234356380271937 0.49897831812495497 0.7248700501117937 0.4883307441929219 0.5461673428456182 0.5124065324956746 0.5447329544936236
50 0.46485250227237884 0.5502528237889132 0.48962203197015697 0.5499150137863598 0.49191068763900603 0.7177089633194548 0.4671411580484346 0.718046767886115
51 0.43202511254094134 0.5389835215935659 0.4663159205267675 0.5398656980144397 0.4606515209045483 0.7600187073190846 0.42636071356992034 0.7591365500873689
52 0.40922849350749857 0.7346108695697339 0.3731590841000525 0.7295072178957803 0.4028820930037682 0.5194747516494859 0.4389501212713185 0.5245783068613297
53 0.362511619773386 0.5043183865234553 0.4071823180689762 0.5096141464976346 0.38097327537548153 0.7306686955351425 0.3363025959042716 0.725373045400067
56 0.29999865144679916 0.483907810831904 0.36805115265372024 0.4963756536557713 0.33031913560239445 0.7023057664114729 0.26226669597451746 0.6898381566001928
55 0.24069259981797586 0.4666583349626637 0.30533837610653336 0.48149168153238014 0.26180334877324185 0.6712061215661885 0.19715765357454984 0.6563730205954957
57 0.16814770547614444 0.4422090589105352 0.23550843962971157 0.4454400811268959 0.22736393155139467 0.615224519589778 0.16000319976842547 0.6119935410905735