63 0.4702342984207917 0.40244680129665106 0.5087539786654816 0.403394719379595 0.5039348561352881 0.5992112733222669 0.4654151763211303 0.5982633694154197
62 0.4393839605523908 0.3864610217054152 0.47250373964777737 0.3874476478151394 0.4663293483192774 0.5947000820129931 0.43320956969637336 0.5937134713084905
61 0.430694124033721 0.5908035088550304 0.389719020427151 0.5891469527022951 0.3989147982360919 0.36172334239398046 0.43988850704806737 0.3633798697341502
60 0.3899854500384663 0.5808345360215448 0.35435594942896387 0.5785686446239385 0.3678043960262585 0.3671258097488469 0.40343283277377395 0.36939166769632037
59 0.3431702547512714 0.3566516243918339 0.3770087503681907 0.3601846626427117 0.3551732126160232 0.5693072169140271 0.3213347253416714 0.5657742309752453
54 0.32717046041466347 0.5601016651386007 0.26965547839790815 0.5563454790889889 0.2849399834663018 0.3223389823697277 0.3424530932683183 0.3260951056736832
43 0.23998410294882433 0.3402230491016509 0.29072356328163096 0.34581269743328397 0.2702239732494718 0.5318857204930733 0.21948452403978536 0.5262961417649313
0 0.2004897696616581 0.2760642627841504 0.24705605225994987 0.27865295189362344 0.23699337779169127 0.4596573320703142 0.19042709706650385 0.4570686691292124
64 0.5504772823874191 0.6015971609374999 0.5107985170154734 0.6015971609374999 0.510799156461303 0.40195208593749987 0.5504766725892978 0.40195208593749987
33 0.5871422607269778 0.5927240468750001 0.5580109736321219 0.5927240468750001 0.55801143966562 0.381543921875 0.5871417860417978 0.381543921875
34 0.6243096031585083 0.5856255546875 0.5891510800408923 0.5856255546875 0.589151731567199 0.3593611359375001 0.6243090485492075 0.3593611359375001
35 0.6627626455232303 0.5731336899147378 0.6246960823972358 0.5762116307568926 0.6078660585693569 0.36807348434708437 0.6459314348018097 0.36499559313187097
36 0.6922264668908156 0.556415064879241 0.6610249828480619 0.5597471661452565 0.6421161216281916 0.3826951105472192 0.67331680477605 0.3793630528558388
37 0.741159663787812 0.5538108489457892 0.6852458116459275 0.5534406973523414 0.6864281228090476 0.37496259543490573 0.7423405328125909 0.37533274218750035
38 0.7923413396251817 0.5310589436635531 0.7430809076704463 0.5360026012146933 0.7226602362113681 0.33252860920636385 0.7719193437736749 0.327585018888218
39 0.8236934731125984 0.4571930172343486 0.7766793891804582 0.4581434050241345 0.7733655740786389 0.29419992550617385 0.8203787853709628 0.29324954647602136
48 0.5062782515625 0.6149068328125 0.5298844796875 0.6149068328125 0.5298844796875 0.7834960078125001 0.5062782515625 0.7834960078125001
47 0.5315745125282092 0.6125285091065463 0.5630037459606001 0.611226938077061 0.5707699014002401 0.7987312482065766 0.5393406696238117 0.8000327932818927
46 0.5658288212677007 0.6020456943043183 0.6010608022248789 0.6010756497950209 0.6073141846661656 0.8281658490717048 0.5720822046898775 0.8291358697758143
45 0.5955330484933938 0.5987356989502135 0.632626558834545 0.5955305737016072 0.6501306072655098 0.7980804502960491 0.613037106130264 0.8012855067207444
44 0.6271288867156954 0.580432608858834 0.6641879652185025 0.5744398303539778 0.6997415663702213 0.794272854234366 0.6626825213706979 0.8002654941728666
42 0.7535791575858184 0.759620120877859 0.7018773961121951 0.7697431829215046 0.6621103441306104 0.5666645762207794 0.7138100025571248 0.5565417262720885
41 0.818828295341973 0.7202644213316458 0.7596005244531625 0.7368304693073774 0.708049786446395 0.5525443773418666 0.7672754990345538 0.5359786331537308
40 0.892460467242131 0.6563648110161533 0.8267453531024103 0.6963583064117512 0.7547180127661477 0.5780198769812979 0.8204317928085629 0.5380269116232168
49 0.4770356289800475 0.6093566839364992 0.5044925548597803 0.6079239507901724 0.5132793013617629 0.7762905173689981 0.4858223775966053 0.7777232253093569
50 0.4745628196319558 0.795941398415481 0.44650608129222746 0.7958485376302005 0.4471263892465913 0.6086428352105752 0.47518201099023827 0.6087356941558014
51 0.44036731882295044 0.8103707466497855 0.4041202435037121 0.8092717612572222 0.41035637340019093 0.6036502526178833 0.4466018418090698 0.6047492136123721
52 0.4060777473756616 0.7998050943219789 0.36843767270170247 0.7984380526388669 0.3757091831494108 0.5982791940616093 0.41334767366856795 0.5996462071857148
56 0.2926575224391854 0.5552124098553162 0.35636705397132573 0.5733623168434362 0.3017868151900984 0.7649246873033596 0.23807743409713567 0.7467751446785114
55 0.23859039283388483 0.5336069198408702 0.3003911101769745 0.5538321692677688 0.245788222048418 0.7206585545795471 0.18398765947210904 0.7004336448109532
57 0.1819392529301922 0.5463875229005957 0.2445395503200416 0.5913570247964086 0.16701363906213373 0.6992647654605769 0.10441382008662003 0.6542958291557885