55 0.2587388729923532 0.5276367339255161 0.2596003421097066 0.4941894303461518 0.5413327556398144 0.5014413270376324 0.5404720425043479 0.5348879361113118
56 0.5381487238571481 0.5367482070757459 0.5363133588725759 0.5732316871346232 0.2567087246702613 0.5591637626077907 0.2585448930849452 0.5226811570074391
53 0.2140518610668778 0.5989288873885175 0.2172216289438893 0.5531829130267198 0.541586000123516 0.5756512271692161 0.5384176438468558 0.6213959052928903
52 0.2362812873615212 0.6362736173670025 0.23838371445481243 0.6014230496225794 0.5226910376026126 0.6185683689389242 0.5205896075927967 0.6534180133000559
51 0.24747529084027065 0.6733192548044198 0.2507206598953644 0.633774757329113 0.5156438329281627 0.6555103888629618 0.5123996030999933 0.6950538371026459
47 0.27181028692677955 0.7380201103148291 0.27578865805128316 0.6794835499466629 0.49822717386120985 0.6945970730560074 0.4942503135323477 0.7531322092807793
35 0.22709163572164925 0.7930638364235171 0.2318725881006003 0.7339671116349347 0.47578387470991856 0.7536926380214175 0.47100473374121066 0.8127877101806125
0 0.34641864807838374 0.7788591426744227 0.3360098663511053 0.8390326729906067 0.1883060920463322 0.8134861934928408 0.19871572751912936 0.7533137611573858
57 0.5403724246958745 0.45454507198460237 0.5403729268916777 0.4942238594148094 0.27240445531685964 0.49422466958677463 0.2724047228402924 0.4545466748112529
43 0.5402615955105148 0.41696346696093045 0.5408998509146841 0.4539789899324691 0.2836726627573398 0.45841147358373613 0.2830350528809049 0.42139658094692284
54 0.5404771295496857 0.37501947084940496 0.5419461357543014 0.41963267395895115 0.22584851821704888 0.4300376743654271 0.2243804078368612 0.3854253859104925
59 0.5267570115547642 0.33580933717062955 0.5277830090373072 0.3769075556910753 0.23793748003129167 0.38414120543131247 0.23691215624990036 0.34304369687505654
60 0.515029609866474 0.2926969887800123 0.5187950986781971 0.3326065064653705 0.2600129571958405 0.35702065634690777 0.2562480297103775 0.31711169366502145
61 0.2668142542718215 0.31403411190974756 0.2613705465419116 0.2544052844019118 0.5031955233072267 0.23232773033324028 0.5086397762930801 0.29195596999798956
62 0.24096686952077562 0.2593690225354318 0.23461378818160483 0.20116838943656978 0.46846933006747804 0.17564054232018575 0.47482281765928747 0.23384075895603149
63 0.19101487628665836 0.24471968672980224 0.18022381673836207 0.1795842475314503 0.33141036852066463 0.15453711309006807 0.34220166931004314 0.21967224352751175
40 0.5539105217713995 0.5051764850377688 0.5546200902907685 0.4809500172281409 0.7422700568766913 0.48644506192680786 0.7415608426454128 0.5106711695517686
39 0.5536823421874715 0.4801607234375427 0.553439790210291 0.45012745534168186 0.752273528373621 0.4485207481788925 0.7525164997686034 0.47855358560175826
38 0.8061579492358533 0.38912059541871097 0.8114165765852022 0.43246716097318383 0.5539920047456235 0.4636922475220503 0.5487341756490878 0.4203463894487748
37 0.7993701225797167 0.36441970319139183 0.8008558970351487 0.4060631033515803 0.5589545287388091 0.41469118913701924 0.5574693718129993 0.3730483753718837
36 0.5562855516395757 0.37787498767088085 0.5507769435976115 0.33700145483716126 0.8072080756322748 0.3024418228911715 0.8127171351935658 0.343314774749766
34 0.5455265093514754 0.3444569453143565 0.5298032702046385 0.28334534026735086 0.755432093385366 0.22529461486465296 0.7711557227045205 0.28640558337487226
33 0.6905358818797822 0.16099420790675326 0.7119120426938252 0.22504726050551926 0.5143612908284467 0.29097311973692613 0.4929856643044559 0.226920517347966
64 0.6291896018933585 0.12686950478692077 0.6418579210604776 0.19065198682879056 0.5091298018659245 0.21701351202663097 0.49646174104771035 0.15323125531648463
41 0.7530993204484275 0.5027432601024818 0.7539583783391208 0.5330810425561068 0.55780610139891 0.5386326608112098 0.5569475282578651 0.5082953325680464
44 0.551907438171952 0.5760922800652923 0.5519079584090605 0.5369155906216528 0.8251994243506715 0.5369173345935858 0.8251998129378535 0.5760930773313971
45 0.5554566153048199 0.6147663554229519 0.5554571426418988 0.5775985404823067 0.7968055174738993 0.5776008438407503 0.796805805657641 0.6147677978869625
46 0.5462176269882093 0.6568799001674178 0.5480076290971283 0.6130647142803249 0.8145814456726157 0.6239522042813695 0.8127926334987023 0.667766194969053
48 0.7718012035073798 0.6887250068328481 0.7591097632739547 0.7568676330128694 0.5327091944877793 0.7147039086357015 0.5454019138620652 0.6465629644803993
49 0.4980499018414548 0.7604661141013506 0.5148081740676389 0.6956718019621383 0.7230779977511474 0.7495282677057554 0.7063215985157285 0.814320955510353
50 0.6546161925908791 0.8007912486348372 0.6365830367185481 0.8644974126896263 0.5074665168990578 0.8279544998297343 0.5255003143562362 0.7642493832913263