55 0.48920567585355457 0.511474789612157 0.4887278045422363 0.46837427034964374 0.7512835438487855 0.46546153271891294 0.751762247834904 0.5085611947598027
56 0.5003432910992842 0.46545752157157344 0.5005304031467404 0.42919508238579146 0.7436883499436817 0.43044838626371573 0.7435018437683993 0.4667102012380476
53 0.5072117408195709 0.4247431447146751 0.5089400622459834 0.3850624968525981 0.8034281413033568 0.39788639344324134 0.8017005823547834 0.43756629792757074
52 0.7537895953535099 0.36404966228710633 0.7494586602263098 0.4094686737014873 0.5190077345461077 0.38749312526943225 0.5233392040438503 0.34207471324737687
51 0.5243226958549485 0.3428206980203598 0.5283636366430073 0.3016731076238109 0.7569601689071987 0.32412076936770373 0.7529197464834851 0.36526788845122665
47 0.5311280179500955 0.3062159345467112 0.5303742754591667 0.24626658773301036 0.7318504118842384 0.24373286503430572 0.7326046531908332 0.30368170962457164
35 0.5507674765432284 0.24465984731433593 0.5484436634990288 0.19292772907460046 0.7407148050408523 0.18429064849216098 0.743038929194654 0.23602242428420042
57 0.7627711411506652 0.510882229990899 0.7631717196526324 0.5539751157295394 0.49171018345941775 0.5564948746588287 0.4913105670107143 0.5134029440263935
43 0.4968941163757563 0.5936714813591855 0.49689457346335075 0.5590153264399556 0.7417921956758846 0.5590165904941824 0.7417924832823246 0.5936719892267661
54 0.49275692916251046 0.6400103217577963 0.4916463031187277 0.5984911579941481 0.7773836861218797 0.5908455099574629 0.7784953953445211 0.6323635519537104
59 0.5004417626537361 0.6793031162834257 0.49803847881332786 0.6350067431802976 0.7265366568266245 0.6226093577775802 0.728940889112323 0.6669047128569878
60 0.5093527793934527 0.7173818297808618 0.5040824291348827 0.6817589535678483 0.7187164027574227 0.6500072489596018 0.7239874092248328 0.6856292966463559
61 0.5221902621431127 0.7707848797575688 0.5200166982839391 0.7131736930338077 0.7105509275555733 0.7059850917000182 0.7127256783987832 0.7635950335147114
62 0.76351123646225 0.7670412173597383 0.7645720352126091 0.8185161614727026 0.5394445676979558 0.8231505521015217 0.538385198279002 0.7716769930328586
63 0.7808204419186495 0.8015816683772915 0.783952191910771 0.8505553147920479 0.6155890010454641 0.8613167451580859 0.6124583546697977 0.8123441281697518
40 0.27353806799499125 0.5765236232728902 0.2717857882196313 0.5520004766541946 0.46733361521000916 0.5380277701364433 0.46908627108689416 0.5625505048675695
39 0.2735041842973942 0.5976581611457485 0.2727218309270256 0.570005369287609 0.4708171452540455 0.564399715206661 0.4715999704241085 0.5920520280588792
38 0.23374271213413067 0.6425472826475653 0.23143333402310873 0.6080016647644052 0.47139779372866997 0.5919593196339297 0.4737078962820078 0.6265041647686057
37 0.26428280356788036 0.6791064670893746 0.26112217094157586 0.6471989687923667 0.4819437590297184 0.6253259499669432 0.4851050168274469 0.6572327448202371
36 0.2677618788036398 0.7114884204529521 0.264800077952259 0.6774760119835398 0.4934542768743313 0.657565052759085 0.4964168131233464 0.6915766556736933
34 0.2891874055927701 0.7749741859958185 0.282634045861073 0.7164539844868727 0.5070471002024988 0.6913249480560927 0.5136017456867421 0.7498436862234417
33 0.34161490624990165 0.8141637375000048 0.34161490641577075 0.8136614763304265 0.343389529742808 0.8136614767945657 0.3433895296876699 0.8141637378536439
64 0.4080895558713564 0.9259209253910909 0.37577974469036235 0.8620939023577142 0.5256856582263936 0.7862267499233669 0.5579956864614815 0.8500523686490464
41 0.2815127478644399 0.5458303869133454 0.28045508710965805 0.5215357580074929 0.47111535753242606 0.51323472170078 0.4721733752090813 0.5375289799532121
42 0.276378800785551 0.5242126662439126 0.27454560945727735 0.49667894726636125 0.47704056665997996 0.4831966508378787 0.47887415505238096 0.5107299359854575
44 0.2537710734375 0.44399799062499995 0.48979591874999995 0.44399799062499995 0.48979591874999995 0.4881968859375 0.2537710734375 0.4881968859375
45 0.4980895686758231 0.4076543620803202 0.4954281463483312 0.45279521613279494 0.26947385600828966 0.4394724148807676 0.27213588976508163 0.39433224057202343
46 0.27096184014283153 0.37646399631447824 0.27823742864450196 0.33344017109549356 0.5114533343158882 0.37287549999730435 0.5041784004569081 0.41589874710080654
48 0.2874526738686427 0.34839775061389705 0.29391127198073264 0.2799456107040093 0.5279519774171604 0.3020261058854792 0.5214942392159401 0.37047746305335805
49 0.3300798578125068 0.2280261171484744 0.33007985786673544 0.2290306374999913 0.3283052343711006 0.22903063751589312 0.328305234378945 0.22802611722643312
50 0.5465570111527995 0.1934336394150285 0.5003376906165613 0.26014966817768453 0.3717857940621343 0.17109243809292743 0.41800504532704963 0.10437668535569687