56 0.6307673966533685 0.43480427245511943 0.6294665858169992 0.39802829517813115 0.8558739337000816 0.3900191146728798 0.8571752478364942 0.4267945645826994
53 0.6292880937222662 0.39549763084336576 0.6288684064484187 0.35839534931616307 0.8783413080197988 0.35557194929183433 0.8787615172146843 0.3926737065997649
35 0.8620888748758944 0.17954392104028208 0.8656370360487244 0.2380398290685926 0.6534625054148364 0.25090856142452017 0.6499147751441114 0.1924130736177312
0 0.8376220046874323 0.14515318906255664 0.8376220047169909 0.14465092964618198 0.8393966281348639 0.14465092972892915 0.8393966281249732 0.14515318912561975
57 0.8417674008215954 0.4917927913841143 0.840850392024663 0.5387975792033384 0.6094676823068994 0.5342813411631151 0.6103855253682013 0.48727739954318816
43 0.5982066863822411 0.574856796981207 0.5994130560856092 0.5386454681734735 0.8336875066100902 0.5464476960298541 0.8324818844654374 0.5826582947806648
54 0.8463931904231004 0.5830307558927126 0.8452524526841216 0.6283962035044386 0.5938976031148968 0.6220732185045486 0.5950393628446591 0.5767088302606928
60 0.5913287405951451 0.7024881460302712 0.5797235263609082 0.653283071175536 0.828653035600496 0.5945779516976992 0.8402590862427814 0.6437817309232448
62 0.8052490663314984 0.7141482700654802 0.8035885152837636 0.7800032343579564 0.5834334787800799 0.774449508163659 0.5850956287674762 0.708596196219889
40 0.5914593427070258 0.4744558138103663 0.5883294862799175 0.5033065274976665 0.3631888790607718 0.4788819858158754 0.366319148270577 0.45003175099845943
39 0.5941858069741102 0.49806749578837367 0.5920262304977086 0.5308230992178182 0.36853393372780374 0.5160871955213026 0.37069403470911766 0.48333215732147455
38 0.3599928852673884 0.5564453261914145 0.3621758735473577 0.5140458118149634 0.5837089064140173 0.5254490995201859 0.5815267313600998 0.5678478365278856
37 0.3776770082777148 0.6182539996991855 0.3754974213368314 0.5739651822852924 0.5800693343397825 0.5638969274747438 0.5822496945183957 0.6081849408313938
36 0.359841894620331 0.6894769751676034 0.3524604150615005 0.6391800719707086 0.5633035984765229 0.6082389844806344 0.570685949708718 0.6585348530339962
34 0.36631994514061716 0.747337240040791 0.35982156211252914 0.6805320803091363 0.5836841116193909 0.6587575737772846 0.5901839242305869 0.7255611176610092
41 0.5994054225276386 0.44662479726391785 0.597477129340632 0.47292836421397455 0.40471433725576844 0.4587966547915425 0.4066429515449954 0.4324934444415358
42 0.3840936564884032 0.4222246397976691 0.388296213518629 0.3912935386393701 0.614144612139512 0.42197635149868845 0.6099425590896317 0.45290699334110823
44 0.6057118179298868 0.38493241054422855 0.5999243285790499 0.42149985768003234 0.3678936860902695 0.38477672156623455 0.37368157591413365 0.34820979752289855
45 0.6061038185782763 0.3480611562970736 0.6018726064723978 0.3826337207012041 0.3875866102424652 0.35640778081778135 0.39181816250220436 0.3218356316008514
46 0.6066649717620294 0.30396545351488685 0.6034323198240372 0.34438588234173406 0.3943631978531812 0.32766484867879314 0.3975962174168899 0.28724484201322803