55 0.5039440935256607 0.5960374669172706 0.4619044261314684 0.596647580198521 0.4585170310616604 0.363209918546366 0.5005552473403441 0.36259981588090967
56 0.41716400894290473 0.3791097805272985 0.4539969485634856 0.3780928197883287 0.4599582413848111 0.5939886757299614 0.42312530255208003 0.5950056201731028
53 0.4218905842077447 0.6108226818710888 0.38469003897364473 0.6118135332788117 0.3768207307737157 0.31636114393025694 0.414019704712814 0.3153703136321607
52 0.33995934107929315 0.38969967113002435 0.3788953039605758 0.388883456587873 0.3834563043473054 0.6064423789283826 0.34452034195885517 0.6072585799667163
51 0.304669708793881 0.3901377514419467 0.3447950839694158 0.3908057211676032 0.34119070449094124 0.6073082343203323 0.30106532958291155 0.6066402755890864
47 0.2992177238846807 0.5982490397988678 0.23525733015492278 0.5976354590672895 0.23737795830356845 0.37672970095578395 0.3013361171578026 0.37734327052916333
35 0.23051333536443508 0.5820554936313306 0.1733322640723145 0.5711153613776561 0.21596775158866421 0.3482931579249153 0.2731469818370442 0.35923310600770253
0 0.20300111514620767 0.4369395515783652 0.14832327663918932 0.41965637386498134 0.18918302658642006 0.29039742330553703 0.24386013105026905 0.3076804788048204
57 0.4967837787892222 0.37229881155354144 0.5399493008709442 0.37027686963195483 0.5506174356563633 0.5980111307637306 0.507451916206719 0.60003303823233
43 0.5868247564189915 0.5973920681460473 0.5486997477688647 0.596908958048845 0.5514336781542397 0.381225083154415 0.5895574404682975 0.381708185266465
54 0.6003915918579423 0.29802279093965944 0.6423075775326197 0.3000302734038944 0.6274384506752995 0.6104785017754956 0.5855224678894047 0.6084710629930333
59 0.6448450115278774 0.39692151885825977 0.6878496432198062 0.4007999691821926 0.6688380532800693 0.6115871308472861 0.6258334294087717 0.6077087441883373
60 0.6707155782322616 0.38805449495923977 0.708923256164212 0.38761315833803706 0.711433176352898 0.6048884512128722 0.6732254985303143 0.6053297804697744
61 0.7782379190156234 0.5998487310459744 0.7140732463576569 0.6031671024560288 0.7021957421339948 0.3734960200910057 0.7663581908861943 0.3701777069903012
62 0.8367920604885057 0.5802528433998962 0.7765217329077814 0.5842661236244823 0.7615958194730865 0.36011909156679445 0.8218640901129675 0.35610588282673833
63 0.7574705059384996 0.33154748908405873 0.8161553842431886 0.30497402981007204 0.867638960516274 0.4186661333639546 0.8089541999419225 0.4452394035153395
40 0.49623304843750005 0.6113575859375 0.5243596187499999 0.6113575859375 0.5243596187499999 0.808340728125 0.49623304843750005 0.808340728125
39 0.5555405927120773 0.8188436822243997 0.5243859839763445 0.8193403685157106 0.5211442967046196 0.6159975484778694 0.5522975453184245 0.6155008729016631
38 0.6053914660603823 0.8955830675888358 0.5659593961613609 0.8975236440604039 0.5518755443401915 0.6113654789144782 0.5913050885783377 0.6094249636705342
37 0.5900385987189338 0.6124376456175793 0.6339550569912262 0.6079184982116199 0.656831985275744 0.8302006283284491 0.6129155445917149 0.8347196645878061
36 0.6346519665186179 0.6137931564476784 0.6802118099869858 0.6080327144635528 0.7085484494127741 0.8321167831115406 0.6629886335776973 0.8378770821308376
34 0.7816835423230941 0.8216247074900229 0.7068791662508147 0.8304448342387029 0.6809482680761221 0.6105452873790396 0.7557491345638709 0.6017253671903033
33 0.8480964338566537 0.7762658167865669 0.7766206767551012 0.7835524150163743 0.756160690710999 0.5828704994530298 0.827633512680336 0.5755840510766702
64 0.8327473624999999 0.5962732921875 0.8844801609375 0.5962732921875 0.8844801609375 0.723158828125 0.8327473624999999 0.723158828125
41 0.4957297604653377 0.8099551407985802 0.4696596597860889 0.8102234085115885 0.46762452200061944 0.6124307551786156 0.49369349618496017 0.6121624932942891
42 0.46756466797046414 0.8027973808555888 0.4401414681796041 0.8030902222484094 0.4381052102947933 0.6123936431093072 0.46552728018855305 0.6121008077596299
44 0.4323699200557485 0.8714004360549438 0.39286947412188056 0.8709165506420959 0.3961086502689568 0.6066481614596555 0.43560680019686515 0.6071320330275064
45 0.39019108128013613 0.8531148841856591 0.3490448415844867 0.8524299691318427 0.3531998165456116 0.6029305074917641 0.3943438932017216 0.6036154051683782
46 0.32782562263219006 0.8286499786775482 0.28682259587640146 0.8231492866797072 0.3152234993303864 0.6114887757247297 0.35622466660254304 0.6169893428121316
48 0.24613882191636094 0.5918205066987476 0.31494518841282115 0.5949994152238788 0.3043238724750381 0.8248615692024276 0.23551751149636857 0.8216827393709418
49 0.1783023054460955 0.5756984027209494 0.2470997656524787 0.5818825169260651 0.2290607071481645 0.782538439143675 0.16026326431949656 0.7763544530893896
50 0.1719900879185161 0.7186176751925986 0.11644077213281889 0.7167122594942422 0.120936579747422 0.5856821927370793 0.17648446045836863 0.5875875839214412