63 0.49963740803332257 0.4822038654553968 0.46251638748401547 0.4835170623124026 0.4536926439883473 0.23408604221131046 0.4908126090683709 0.23277286457708132
62 0.45856364328108157 0.46938775468750005 0.4239075209721932 0.46938775468750005 0.42390800767611836 0.23779946718749992 0.4585631839956932 0.23779946718749992
61 0.386238071875 0.2014196984375 0.42440984375 0.2014196984375 0.42440984375 0.481810115625 0.386238071875 0.481810115625
60 0.36941803775800963 0.258366052099289 0.4117243695234265 0.26421957665000845 0.38179475064441704 0.48052744501847666 0.3394884316238631 0.47467399407547134
59 0.34511424062782226 0.46758077736501935 0.30441757288690496 0.46619866900050805 0.31215641035123554 0.23835453211122465 0.35285206435014516 0.23973662305079255
43 0.2974675069656314 0.4371540477595806 0.2360693420462212 0.44156301341084003 0.22028949105617812 0.22181340446706294 0.281686270058799 0.21740448952957783
0 0.23763613152971175 0.335433142596312 0.18337601454663854 0.3266579927758554 0.20944266508843157 0.16548395677312697 0.2637021104329733 0.17425905069767209
64 0.5377230047814692 0.48210809185905523 0.5005572630071811 0.48306429309548227 0.4939415042880455 0.22591419238204988 0.531106146897514 0.2249580058815576
33 0.5735811921134655 0.47027506718750006 0.5374183217559221 0.47027506718750006 0.5374187526357446 0.25110913906250015 0.5735806949442122 0.25110913906250015
34 0.6172353946888052 0.47604617260210813 0.5725542534382839 0.4768465106695783 0.5678507121853045 0.21423259836500402 0.6125305660058302 0.21343227215210892
35 0.6587369949031654 0.4725674605759474 0.6201170649640062 0.47573135206025186 0.6016823536483571 0.2507123962958001 0.6403013108543973 0.2475485453045635
36 0.701499134495748 0.4642155423671796 0.659853772923384 0.46898017609446957 0.6328971122312623 0.23337080114845962 0.6745414255140076 0.22860622831747848
38 0.7245131524072121 0.21860065031138157 0.7872028309079724 0.2154880241315373 0.7985348101688032 0.4437125732579421 0.7358451348683275 0.4468251634629306
39 0.7429314491078003 0.1758142128174277 0.8072882008015085 0.15944193849739838 0.8440767064056445 0.30404945249505044 0.7797199890413822 0.32042163711949134
48 0.5133304859900818 0.514565079968054 0.5399497251091816 0.5146865808959765 0.5392406068160653 0.6700293287945229 0.5126213676973066 0.6699078295723668
47 0.5427813167087834 0.5077815556982651 0.5751030884388229 0.5109356920372363 0.5583631508915232 0.6824596298460427 0.5260413861872166 0.6793055426332166
46 0.5727073516280825 0.5020081593441896 0.6122946724921121 0.5024848829421882 0.609612116679159 0.7252221816293283 0.5700247959523495 0.7247454678753585
45 0.6122551484375001 0.5048802125 0.6569563031250001 0.5048802125 0.6569563031250001 0.7355811890624999 0.6122551484375001 0.7355811890624999
44 0.7070089117419229 0.7382379896240515 0.6582748621399332 0.7384256279426586 0.6573532255092687 0.4987854706358787 0.7060851795938561 0.4985978362168583
41 0.838522023438486 0.6334383868524598 0.7622367106210959 0.6689961189195203 0.6863421907256679 0.5061865748822919 0.7626255067549437 0.47062938182819075
40 0.9111737705783298 0.5595617587206418 0.8363086316691124 0.6079891357161152 0.7566182348429038 0.48480322657175795 0.8314820439254618 0.43637643152487754
49 0.49187263021315175 0.5234508371262695 0.5130608472466065 0.5235629139561603 0.5123002323928176 0.6673431954092658 0.49111201536993576 0.6672311200353673
50 0.4781735016301809 0.677020780507502 0.44806675695326703 0.674057277877312 0.4643409112560448 0.5087483487925879 0.4944467997687525 0.511711810290728
51 0.4537912193862894 0.740146942833473 0.4152605683823367 0.7387667076482802 0.423673853397986 0.503954235780534 0.4622028371373972 0.5053344416304915
52 0.392841078576339 0.7377969623226949 0.3504432229606209 0.7316887704404283 0.3814464975179135 0.516524450895709 0.42384268905266254 0.5226325242696535
53 0.34407522532808343 0.4974409712338331 0.3889299737886631 0.5063609385868679 0.34647270237201155 0.7198384842216173 0.301618007105958 0.7109186950405586
56 0.30292920996112116 0.7041758341362749 0.24052437910620483 0.6924023446652169 0.28044649927414866 0.48082870905789654 0.34284898656665064 0.4926019724967143
55 0.22006889875615343 0.43913770523343676 0.2943089735646254 0.4634648266889914 0.23105816311294802 0.6564731747316078 0.15681827276000604 0.6321464616304423
57 0.1869015375083336 0.4357478128937914 0.20643668253251235 0.5463167116872355 0.13086127595556718 0.55966769550987 0.11132685936593134 0.44909944426407833