55 0.39468078561674247 0.5081302275113143 0.39525325493764285 0.4687174594971495 0.6186770588524269 0.47196117717438196 0.6181052560781382 0.5113732752516101
56 0.4113265108945825 0.4658294083894615 0.4145354278415425 0.4346541845481991 0.6075356212219276 0.4545178225133963 0.6043271653816191 0.4856926183140298
53 0.6518660229588704 0.4185136580151959 0.6485113512754879 0.4555586944939598 0.41826523944007477 0.434707538804771 0.4216204092256248 0.3976630563731641
52 0.6654411767475494 0.38356607985692476 0.662352774739702 0.4190360866860804 0.4307147671877374 0.39886638626241894 0.43380361206197904 0.3633968788243933
51 0.658172531561263 0.3506787154393896 0.6545580297085962 0.38531059670552875 0.4487937485901057 0.36383465876746257 0.4524085932679327 0.3292031690077245
47 0.458850919154429 0.32727269497638767 0.46596421465596904 0.2722984488776801 0.6579803498997308 0.2971428994355592 0.6508676176091512 0.35211662373241825
35 0.692300337700317 0.2828128106688577 0.690960577066221 0.2893564571247293 0.6382846464227896 0.27857165264952616 0.6396244181576094 0.2720280209732493
0 0.7757070184660506 0.23622381266778422 0.7584369210245541 0.2916961296040102 0.6294061643537816 0.2515255875452 0.6466764138475583 0.19605355946817002
57 0.6228930079361135 0.5514816671875 0.39662759093380373 0.5514816671875001 0.3966283261007675 0.5107985937499998 0.622892254645194 0.5107985937499998
43 0.6173204419881131 0.54050281640416 0.619264842801158 0.5714095421756908 0.4170965162468292 0.5841247974019464 0.41515268002103767 0.5532185960646551
54 0.432609309297618 0.6176015260979851 0.42952020200311836 0.584173827156002 0.6782616506344539 0.5611875141671266 0.6813514283772975 0.5946144504023889
59 0.6663453855121588 0.594823777650713 0.670247316959717 0.6304301723982629 0.44476983347112764 0.6551330432457617 0.4408687390795194 0.6195274048169644
60 0.46056829808628663 0.6875454080696534 0.4563461777468092 0.6532616513607514 0.6741471775890204 0.6264402999538055 0.6783699435754897 0.6607233102026069
61 0.6914679410399458 0.65251352593056 0.7003072311388223 0.7057774820466658 0.47686012325527827 0.7428500713873271 0.46802227469186164 0.689587390126816
62 0.6958552039029655 0.7072569205060705 0.7049608870696602 0.758950012443497 0.5106453056642977 0.7931696383215147 0.5015409331767842 0.7414776969403847
63 0.6462309897466412 0.8164471035742098 0.6269719334932233 0.7625849502895887 0.7541808138089436 0.7171076339663692 0.7734402606829462 0.7709689317299164
40 0.2518667434762847 0.5603142461467278 0.24667870800760738 0.5340405309842347 0.3781421220676293 0.5080833780078865 0.3833303705993103 0.5343568043224542
39 0.3825023233545153 0.5377799383155515 0.38634820600168496 0.5700479116305206 0.2297712255302713 0.5887067615617021 0.2259258236624646 0.55643923106439
38 0.22756292154110724 0.6455074087822956 0.2184391692516101 0.6097866332857422 0.3873420527587541 0.5666495164241145 0.3964661789511865 0.6023697161416363
37 0.22121827418141038 0.6656866946429789 0.21661486387927198 0.6292038604367229 0.41200767474799704 0.6045505292512392 0.41661167856671 0.6410326736592875
36 0.239520384804905 0.7137078235819764 0.23184780847793718 0.6782594238647054 0.4258345654052391 0.6362765205807112 0.43350766005357855 0.6717241962459682
34 0.2574521529933236 0.7921920735020842 0.23841023985971788 0.7279734965446204 0.44834659131686294 0.6657316777137968 0.46738941654029986 0.7299487313108627
33 0.35050998137273837 0.8647375100397332 0.31631397461853794 0.7969075802602501 0.48124178493367253 0.7137756385113555 0.5154380394056943 0.7816040611710485
64 0.5027466226287061 0.7908255232633353 0.5235875914033841 0.8467219086072431 0.41078319136170194 0.8887708142208811 0.38994324013413006 0.8328752924305284
41 0.24769451171744095 0.5299247722302018 0.24335509185198134 0.5020279138365047 0.3799493991498366 0.4807813623588626 0.3842890595958579 0.5086779269673755
42 0.2450495370594581 0.5029142579114844 0.24062116576624248 0.47015299239698655 0.38176313749522706 0.4510754828545105 0.3861917929673382 0.48383640756270935
44 0.39893049856448215 0.4211520275626412 0.39803537580507964 0.45990805376513544 0.20788062918779815 0.4555149320110811 0.20877622966406761 0.4167593919393632
45 0.1985601089464808 0.396883128885969 0.20404804367126417 0.35810635727262297 0.41282852130120773 0.3876517926706119 0.4073411280161281 0.4264280835189589
46 0.43102546472027825 0.34995271215120566 0.4210672966378297 0.39569268549766123 0.18957866972414195 0.34529513099866377 0.19953723974276727 0.2995557594141466
48 0.4601152149434711 0.28460722513703113 0.440577046706494 0.3544940534616995 0.2433867002965826 0.2993662307537833 0.2629252437828882 0.22948006340395224
49 0.5103610026145589 0.2306720164982811 0.47630248496807326 0.29836160610460105 0.29552838565882666 0.2074045833139283 0.32958694862190896 0.1397155002725914
50 0.39030325568319313 0.1788266461309176 0.40924962140809384 0.12415774207480984 0.5174050109054633 0.1616403497109618 0.49845883661339485 0.21630909106473417