55 0.6184562956456148 0.5017579109375 0.42235962970573837 0.5017579109375 0.4223604546805291 0.45554997499999983 0.6184557953504282 0.45554997499999983
56 0.41112692208423596 0.4500796443481198 0.4137517155419346 0.4183170652826035 0.6341672918474615 0.43652896055242124 0.6315430061719098 0.4682910783009751
53 0.4349952047723491 0.4177544243853624 0.43621297316133223 0.3826279089356894 0.6291890001922411 0.38931699898986066 0.6279716633918042 0.42444308443932
52 0.43426129874683284 0.38991013879235153 0.43465901379909155 0.36684591811951645 0.6439879122627872 0.37045443499359726 0.6435904816424909 0.39351836953611224
51 0.6362023269124393 0.3425406020552221 0.6355199795261797 0.37007862456113355 0.4617881124380574 0.36577270933951794 0.4624707113861177 0.33823492513319225
47 0.6409616478947555 0.3019097242916868 0.6325483928153517 0.3539325043573433 0.4530142468803433 0.3248974960022181 0.46142786968835026 0.27287513907711525
35 0.6737955382623113 0.24146033187329316 0.6671616517941175 0.2942005497266436 0.4761807499846782 0.27017758752937754 0.4828149803845463 0.21743773853611362
0 0.5674774962001266 0.23713547108583596 0.5745677929911608 0.18703376180278894 0.7285045557561034 0.20881805444166826 0.7214145542344568 0.25891949600071645
57 0.6418706752647267 0.49892560556289234 0.6430321566815564 0.5404511892154383 0.41998546823276683 0.5466868193818911 0.41882474353940324 0.5051619638351404
43 0.4347083436656476 0.5879395783844835 0.42998874188924674 0.5536618371767443 0.6511736909507135 0.5232090434083678 0.6558938299839383 0.5574861161579261
54 0.665977861449619 0.5599631131236844 0.6705960910417161 0.5949756966918207 0.44888833213099133 0.6242134034901492 0.4442708811650391 0.5892015154121407
59 0.6814600523198351 0.5834796254330105 0.6881040394052889 0.6169727837652579 0.4785997727942686 0.6585242960188965 0.47195655510790857 0.6250318070264848
60 0.49053451647807833 0.684571656419868 0.48564547365742783 0.6492009256363372 0.6751420209362777 0.6230103378700207 0.6800316245709155 0.6583803848496409
61 0.6344276843749412 0.7066800608167341 0.6344276845429704 0.7076845812500154 0.6326530609254633 0.7076845812994682 0.6326530609495649 0.7066800610582098
62 0.707313166355334 0.7319787781428365 0.7099199374944192 0.7777449593924525 0.5367672951252871 0.7876035340133428 0.5341614906249106 0.7418382718750368
40 0.21065039121333484 0.537547700915121 0.2092206857811334 0.5089160757277287 0.3828508803934483 0.5002455591428927 0.3842809593876382 0.5288767933834937
39 0.3733939734655678 0.5334564870411123 0.37408167330158903 0.5605763423947687 0.22403123399419655 0.5643799597604545 0.22334388272895467 0.5372604486735871
38 0.20764720388649494 0.5954822026627855 0.206257658583354 0.5696162173093887 0.3802079120448525 0.5602707315630576 0.3815978323050331 0.5861363366284722
37 0.39341378870858534 0.5867964522300648 0.3983059282505792 0.6177600346318886 0.24024778447756034 0.642728698560767 0.23535616695210138 0.6117655876318522
36 0.21917674624387473 0.6784514698456114 0.21538182308256637 0.6449268503949698 0.41663268594584224 0.6221461558040265 0.42042819889343264 0.655670129803756
34 0.26990291451124904 0.7641226540355612 0.249664088546524 0.7008108573051275 0.43559210995533704 0.6413824214653828 0.4558316683516068 0.7046929580551159
33 0.37799467656248 0.7659467609374686 0.3779946767184583 0.7654444997816678 0.37976929848946384 0.7654445002183285 0.37976929843750895 0.7659467612701673
64 0.47204952550350754 0.7860354630460844 0.47916523839398906 0.8601741261360364 0.37168063746298685 0.8704868758481258 0.3645660153085828 0.7963492185437772
41 0.2051599103102717 0.5023374886115051 0.20420590959656693 0.4768601432783364 0.38115325979265435 0.47023366486928747 0.38210758208742845 0.49571068113802785
42 0.22375643490772745 0.47056873990991815 0.22320968763312976 0.4439867187590053 0.3916446365669799 0.4405216355692426 0.39219168795079895 0.46710334788744234
44 0.2254248986358789 0.44677606779498025 0.22263869561743377 0.41642081006176707 0.3788489040921377 0.40208288627505945 0.3816353839713429 0.4324378395538255
45 0.19927350533612298 0.3978545871913647 0.200025905311918 0.37128082793887995 0.3844387979715975 0.37650094408621304 0.38368669552266965 0.403074421477775
46 0.22451702059925083 0.34987793238692505 0.2292340268903672 0.3151593310834026 0.40260838062079074 0.3387131663473069 0.3978917277859182 0.37343145087445784
48 0.4241242842929296 0.277731101842182 0.40907130569212313 0.3377206507322646 0.22748438834912577 0.2921559143626824 0.24253768276059873 0.23216686274559012
49 0.48210069762740204 0.22342177227067572 0.43659446477477104 0.2894583689467382 0.316061002223023 0.20639886338618213 0.3615671448443436 0.14036259255200165