55 0.5070022007470243 0.5398672402557813 0.46607685848721303 0.537540203134014 0.48105993315584783 0.27406296095860494 0.5219839761863341 0.2763899617353381
56 0.4463554513217787 0.2601313357845011 0.4806263829348154 0.26185014544988666 0.4674076534234928 0.525404466944087 0.4331367237825816 0.5236856843075824
53 0.37791371348419034 0.2519998302361655 0.4184627141148667 0.24798333500051953 0.4450782881037867 0.5166735324285207 0.4045292970911305 0.5206899638868565
52 0.35257386927059997 0.2941891311722933 0.38843121432478256 0.2920104881985121 0.4027767941291813 0.5281074122668602 0.3669194522253747 0.5302860227943171
51 0.36343014778776705 0.5264030420221875 0.3228020106336089 0.5258555230139549 0.32582482298573723 0.3016095220927193 0.36645173151566723 0.30215703246320447
47 0.25033970400079397 0.2934610615511169 0.32207819264260706 0.2923118594188531 0.32581223763418166 0.5253977262693115 0.2540737492487324 0.5265469117684618
35 0.25256496244480786 0.5093671183510782 0.18958647912893412 0.5091229605687873 0.1904403757912405 0.289111973586009 0.2534171564946064 0.2893561280451977
0 0.1951917594067254 0.427858679967932 0.14513082234805097 0.4145763365803358 0.18868203307772546 0.25044051720398675 0.23874212975317732 0.26372274270884977
57 0.5460779147446146 0.539100625982184 0.5060618178900995 0.5379957656889812 0.5132498941783297 0.2776988605088487 0.553264691833192 0.27880370282110994
43 0.5871421343759948 0.2945873431346026 0.5871424447259415 0.5341615995733195 0.5464590057468968 0.5341613091432158 0.5464593148535641 0.2945876810710458
54 0.6322757809169843 0.5374341284308626 0.5884952105975572 0.538106475113471 0.5844372346954287 0.27382712518877284 0.6282163325635111 0.27315479003339793
59 0.6712997011168227 0.5242064447268664 0.633252588348796 0.5247832870324436 0.629689998983622 0.28977592417005893 0.6677359406425012 0.2891990910601442
60 0.6578041201506721 0.30030732350063705 0.6918509086351605 0.2976943083361813 0.7082733757962387 0.5116644221582242 0.6742265909794014 0.5142774024928146
61 0.768563258731092 0.5152743757689671 0.7055339758423997 0.5156157720657359 0.7043679366505557 0.3001958439015718 0.7673955142482782 0.29985445225738555
62 0.7684255670523044 0.281437047847241 0.8275506203984833 0.2808698326978264 0.8297901498415285 0.5143028135672616 0.7706650967515998 0.5148700207240354
63 0.7942910769311311 0.2386669836176001 0.8476826543848119 0.23300052593854684 0.867106813905707 0.4160173326217207 0.8137152456686181 0.42168373826695926
40 0.5106603891622399 0.5529596941880589 0.5408835005609944 0.5513806976223988 0.5495056022493827 0.71639488553577 0.5192824928967639 0.7179738569419258
39 0.5412170971532078 0.548559423616306 0.5712757959947794 0.5478697175459261 0.5752265806836476 0.7200327387110552 0.5451678822887516 0.7207224333476208
38 0.6384493596328866 0.775379230694811 0.5995546663584719 0.7827981335131939 0.5582874556107527 0.5664763977114452 0.5971804718510612 0.5590576576224913
37 0.5976190262927048 0.550645915132089 0.6310837878816073 0.5443325253482911 0.6709346089444352 0.7555404544204661 0.6374698844613249 0.761853709211538
36 0.6333813564554021 0.542768141899484 0.6718417958956024 0.5367740569014373 0.7081275174784878 0.7695699305766617 0.6696671115778372 0.7755638750519146
34 0.7787075608213172 0.7637832868360358 0.7065153250074445 0.7736527010865664 0.6748124023617947 0.541776778706929 0.7470014383820853 0.531907581355829
33 0.8374573872544033 0.7393321309802224 0.7683307451395649 0.7468385590120373 0.7451565335865098 0.5334405420889192 0.8142804408461188 0.5259342596356789
64 0.9101649689621354 0.6573270593551843 0.8415251880387586 0.6862381323838775 0.787398951669843 0.5577461444632502 0.8560371709157835 0.528835445685099
41 0.5313629177618395 0.740168536052428 0.5017864332885438 0.743799894807998 0.47854153902846974 0.5544978261014063 0.50811690626972 0.5508665374053526
42 0.5068338237525722 0.7426077838685385 0.47197988579762296 0.7479233445617071 0.4417547276574396 0.5497602122666099 0.4766073235840622 0.544444755204699
44 0.4197437379797293 0.5529143805876267 0.45676137094699243 0.5525920563958149 0.4587088244242068 0.7762213210494263 0.421691191552668 0.7765436379300632
45 0.38013479504877523 0.5423988020589273 0.4260564721392939 0.5448354518723786 0.4136282927421462 0.7790312926049123 0.3677066196381702 0.7765946999950503
46 0.3390297811090477 0.5491809109024822 0.3801363933736184 0.5518467572752027 0.3653073214871938 0.7804785571257571 0.32420071549393015 0.777812772414637
48 0.2738966300537413 0.5321190168043713 0.3478811656389098 0.544794176699684 0.3083068853944724 0.775759984371279 0.23432242337946718 0.7630851198485917
49 0.19186338593750002 0.715173025 0.19286790625 0.715173025 0.19286790625 0.7169476484375 0.19186338593750002 0.7169476484375
50 0.13693968959159974 0.525718518512346 0.20390293098932943 0.5412673413774793 0.16810049769833313 0.6954388402241567 0.10113732957279353 0.6798902456094071