63 0.44727865123104493 0.27003690451682466 0.49412384286677025 0.26940559274707165 0.49771272513748954 0.5356995774592918 0.4508675337129944 0.5363308787954595
62 0.4477727542662251 0.5273257484635919 0.4054034554783357 0.5268044127696703 0.4084514735316134 0.2791707783171126 0.45081942616309334 0.2796921054922585
61 0.37653058564876574 0.22339686313551607 0.4201879482714048 0.22569556005597502 0.40472841441919627 0.5192956680798148 0.3610710545182201 0.5169970098849271
60 0.3601648150637402 0.48965454831367755 0.32081063061059467 0.4866845386834832 0.34293725807572173 0.19351715733542313 0.3822901495645965 0.19648711561813387
59 0.2965551322038209 0.18758220769547876 0.3294976336489981 0.18835913418753222 0.3226289406823071 0.4795906528295402 0.28968643970813446 0.4788137377865099
54 0.2647073637409676 0.24117521889845905 0.27193533055697117 0.24142570437927155 0.26892117619934197 0.32839960958725284 0.26169320943211005 0.32814912505879684
43 0.22584938816919475 0.4270775387408723 0.17493740510929 0.41863102672443836 0.2147101668256255 0.17891040122734106 0.26562097324540446 0.18735681042796903
0 0.2079579871245869 0.3208686656760489 0.15792469298662581 0.3168984642471064 0.17406214956849908 0.11353937666754617 0.22409478113524983 0.11750955192260959
64 0.5452596452711305 0.5370963946865721 0.49807607757406913 0.536651288254521 0.500723017162386 0.2561673846074472 0.5479049420431465 0.25661248315215596
33 0.5906580910515231 0.5341614906250001 0.5479657179974993 0.5341614906250001 0.5479663000173787 0.28571428593750003 0.5906572814642459 0.28571428593750003
34 0.6420383024294551 0.5282287816514937 0.595662848183224 0.5327853344198723 0.565732898439478 0.22817255626918181 0.612106712113814 0.22361608519404302
35 0.6785431154243042 0.5016778215945779 0.6351759828548893 0.5030118990896953 0.6262613300843896 0.21321256496895805 0.6696270700045943 0.2118785091608488
36 0.7148962271105574 0.47912419521197763 0.6800265987577632 0.48286745498854633 0.6507760882151388 0.21039715482971003 0.6856447050466841 0.2066539503936882
37 0.7797246082242282 0.4560592895752052 0.7123157490295853 0.4611846415405704 0.6932830400658077 0.21086449241163072 0.7606902279809447 0.20573920323841124
38 0.7560527240671036 0.18565808675642975 0.8129770747450493 0.18146938059793485 0.8309632014415911 0.42589392310087626 0.7740388564637897 0.4300825796869198
39 0.77275341641257 0.14300128718391417 0.8304013159565784 0.13261876548003046 0.8653797259609064 0.32683013692924257 0.8077318462329686 0.33721258491192674
48 0.5437620211168905 0.7122602143186371 0.5090362660563414 0.7135327817248084 0.5033188994468674 0.5575241017807481 0.5380436325814344 0.556251552807722
47 0.6008190554819066 0.7353785289272841 0.562906695778338 0.740780419916484 0.5364747249955144 0.5552911383169173 0.5743857107669328 0.5498893466028818
46 0.6857691390852096 0.7698105721450487 0.6409450469876674 0.7831688956164448 0.5672633163151204 0.5359594497956224 0.6120853227088219 0.5226014520989741
45 0.721430502208591 0.7720156832590531 0.679634926852259 0.7827218301693205 0.6144718824151596 0.5283629126672861 0.6562654626022777 0.5176570277931584
44 0.764427166969881 0.7532797699180563 0.7234562448182942 0.7641570687977782 0.653085864169384 0.4991271245205275 0.6940547809664395 0.48825010355971116
42 0.7815109314456095 0.6818191011704131 0.7830467649295088 0.6812659555435346 0.7870707374062249 0.6924370953992025 0.7855349042683883 0.6929902403389365
41 0.8703968541590257 0.6499338093702052 0.8028034923779614 0.6623272272616556 0.7595500935995005 0.4264390836502139 0.8271409041705056 0.4140459029646901
40 0.9328289340562606 0.565073377371075 0.8642135180655259 0.5881904873581875 0.8142341547697924 0.4398526756087114 0.8828480778477115 0.4167358364389846
49 0.5086635655424061 0.7139118742623656 0.47290669301594335 0.7151945467160902 0.46709639479820453 0.5532276480562905 0.5028521534093215 0.5519449955598886
50 0.46268927829794393 0.7209600421551103 0.4257391496743139 0.7199641803204537 0.4304310499011308 0.5459203841762147 0.467379966373187 0.5469162299239925
51 0.39428957859763614 0.51534290216739 0.43934166028918753 0.5246552829563051 0.3888997635344822 0.7686584669247551 0.3438477497107897 0.7593463111004618
52 0.35026753945771816 0.5105429899107395 0.392603061851446 0.5182841714036577 0.3427252125297855 0.7910278653872634 0.30038974747765224 0.7832868943146931
53 0.3128164283494925 0.48150851617527435 0.3540177565588465 0.4888347913987702 0.30671184957100195 0.7548444242444449 0.2655105688883168 0.7475183341595996
56 0.23304871881362033 0.7036379765625002 0.2325464593113793 0.7036379765625002 0.23254645943859487 0.7018633546874999 0.23304871875006938 0.7018633546874999
55 0.16172777505767044 0.6379769296875 0.16122551400485463 0.6379769296875 0.16122551412024677 0.63620230625 0.16172777500003122 0.63620230625
57 0.12687315950768152 0.4206575261538451 0.1886225658525973 0.4342745954936183 0.15519711771844413 0.585838049350598 0.09344776184650527 0.5722211417518533