63 0.4932197278044441 0.5696539484375001 0.4520339180603514 0.5696539484375001 0.4520345663371472 0.3371783499999999 0.4932190359463675 0.3371783499999999
62 0.4526935703249819 0.555567822165641 0.4184483708885409 0.5575061135959155 0.40459888763439267 0.3128235009186694 0.43884286951333706 0.3108852460986481
61 0.39593062639914933 0.227960616596528 0.43449213834298916 0.23163662962754503 0.40243190516900995 0.5679356787067557 0.36387040268209603 0.5642597412656136
60 0.3427570857400042 0.3221029050895032 0.3812062264754559 0.32457994899965315 0.3659102020760656 0.5619951040735447 0.32746106543709175 0.5595180998236046
59 0.32550451874283226 0.5511006557884947 0.2897235306145376 0.5478307079423106 0.30892034395924384 0.33779269557224156 0.34470030841760035 0.34106259608974604
54 0.2925174327971263 0.5393214381301862 0.23029034548130767 0.534702182215113 0.2502374468524522 0.26602253413364635 0.3124624837241754 0.2706417135302536
43 0.2418863259867976 0.5380259940626987 0.1895901714028696 0.5371290247716651 0.1931678539474433 0.32860327398152106 0.24546255470124834 0.3295002307178239
0 0.18857639448344798 0.4916530105395102 0.13567590427908272 0.4840619647234631 0.16314563313756025 0.2926462990875784 0.21604487972365405 0.3002372523587013
64 0.496735309375 0.339840284375 0.54043194375 0.339840284375 0.54043194375 0.560780834375 0.496735309375 0.560780834375
33 0.5427657848294984 0.3122585508530179 0.5749825635341494 0.31244849942327324 0.5735700417242242 0.552011298950132 0.5413532630210511 0.5518213533715326
34 0.5732056826935832 0.23619340893325316 0.6159390895892329 0.23497257175482164 0.625235957873997 0.5603812996087415 0.5825025525170986 0.561602113158539
35 0.6665156489852961 0.5451635156536724 0.6291032319456917 0.5500701444985008 0.5990894530012838 0.3212286246819069 0.6365007577559254 0.316322069135672
36 0.6403334308757849 0.33388244545723306 0.6774506822715693 0.3289518114514099 0.7059471288868053 0.5434587339138649 0.6688298920159923 0.5483892971115316
37 0.691840249828374 0.3146028207596087 0.7501215096390297 0.3119099374002524 0.7606823907290163 0.5404643852442043 0.7024011331749307 0.5431572279592175
38 0.8181332403493116 0.513060956269164 0.7621583930466613 0.5185637832005011 0.7418982851047531 0.31248325929796283 0.7978717204915711 0.30698050116214654
39 0.8156744522481176 0.2582216107564651 0.8659775786765067 0.2665112014495839 0.8381890314958582 0.43513289247886056 0.787885922739747 0.42684337570781444
48 0.5027624312500001 0.5776397515625 0.5273731796875001 0.5776397515625 0.5273731796875001 0.745341615625 0.5027624312500001 0.745341615625
47 0.5276923594140044 0.5716456198779593 0.5592025223025985 0.5710628179314842 0.562697911017267 0.7600233824088971 0.5311877484722345 0.7606061733033846
46 0.6022194595637984 0.8283610981126941 0.5649854782924422 0.8289996774282695 0.5604810595841627 0.5663466095696637 0.5977130021890389 0.565708047519494
45 0.5930351507923888 0.5648758577552957 0.6324222038713287 0.5595540142785697 0.6660893393689094 0.8086930878364677 0.626702315847524 0.8140147935424866
44 0.6347163295322389 0.56284328830774 0.6722050578376866 0.5579808368575593 0.7028413166935934 0.7941519644925974 0.6653526119998787 0.7990142985231863
42 0.7772334569182249 0.7771132112037401 0.7101977401434851 0.7882532551212559 0.6718535140322501 0.5575411755715777 0.7388861908523268 0.5464013852706754
41 0.7995981922456394 0.6433007984375001 0.7990959311919141 0.6433007984375001 0.7990959313081021 0.6415261749999999 0.7995981921874318 0.6415261749999999
40 0.8864892016193835 0.6291038156250001 0.8859869405681593 0.6291038156250001 0.8859869406818461 0.6273291921875 0.8864892015625401 0.6273291921875
49 0.5062788676741548 0.7426796601744187 0.4790113602864494 0.7436124107233154 0.47336820235568666 0.5786563330233571 0.5006348222840415 0.577723597468287
50 0.47141710030723516 0.7739875498689469 0.4419102887244435 0.7734308796035267 0.44569122456584864 0.5730835267319075 0.47519683627331233 0.5736401857570064
51 0.40833751874999996 0.5581189 0.4450025109375 0.5581189 0.4450025109375 0.8198757765625 0.40833751874999996 0.8198757765625
52 0.369226613607907 0.5675849461913132 0.4078213133475401 0.570434149109489 0.3906330467993939 0.8032326263225977 0.35203835477398115 0.8003834917128906
53 0.3519663528085175 0.8009130724355693 0.3113920870006268 0.7982235995879517 0.32723123917980956 0.5593215526963687 0.3678036031577676 0.5620109645851324
56 0.26541873655060044 0.5445355988276049 0.33211128130017187 0.5534378980237326 0.3001767531858377 0.7926494458850435 0.23348425042524923 0.7837473612723772
57 0.18768420791218432 0.5108449877060716 0.2589032543982057 0.5443603667887221 0.18798024364173216 0.6950531153393332 0.11676151672747892 0.6615382428026377