63 0.5047250347383851 0.5496243872419663 0.45300504286490195 0.5477047647183674 0.46194592818312685 0.3068481662720437 0.5136642603637256 0.30876775753122937
62 0.4455529057139529 0.5566386117472227 0.41226209476383247 0.5539467528368179 0.43043509961194104 0.3292206656976396 0.46372483570553413 0.33191247913745736
61 0.38441433188779683 0.2824374104722944 0.43012424066353105 0.2850246531450827 0.41513073427938707 0.5499085247483799 0.369420829254409 0.5473213266400225
59 0.33630535061763567 0.3244148874954488 0.37563896496203597 0.3272937756062384 0.36221076061917756 0.5107513290589619 0.3228771498493188 0.5078724750501286
54 0.2683585454232116 0.3330345876254809 0.33849469478900573 0.34091584790603574 0.32184886976608595 0.4890416804079421 0.2517127332076825 0.4811604935973472
43 0.2460875951203434 0.45178305120293855 0.19635486700644833 0.4447455837229238 0.2191979651126985 0.28332786684729405 0.268929823638814 0.2903652729601304
0 0.19195300388537362 0.1706174073237281 0.24217778884667496 0.17772467645517584 0.22394347517160895 0.3065786381245648 0.17371869751389113 0.29947140307825393
64 0.554569895462464 0.5449862926901806 0.5064610196736794 0.5474921539859272 0.4939940252232873 0.3081466968726102 0.5421013803876349 0.30564087570616855
33 0.5589214146175436 0.31306926051251754 0.5938969062294746 0.3135059506662651 0.5910267536186211 0.5433715684175914 0.5560512620403415 0.5429348847746387
34 0.63897035365801 0.5307030277704742 0.5959532440074327 0.5338943526604232 0.5774769052121655 0.28484999619769297 0.6204926744701424 0.28165872151072086
36 0.6889480688842013 0.4938066519098667 0.6466633632760477 0.49681931134592894 0.6312930158380823 0.28108838068304104 0.6735765353923853 0.27807576626283986
37 0.7455745803430318 0.4783027296908176 0.6861951680373295 0.48112315431294955 0.676750026089735 0.28226994941431727 0.7361280288812395 0.2794495590061819
38 0.7425884809069885 0.2603426083043209 0.7879988633832227 0.2585821050299754 0.7949691138458093 0.43836662162100365 0.7495587328282909 0.44012710796221516
39 0.8341849296274404 0.3679645474073229 0.7701616980542667 0.36549369744509624 0.7745928728936633 0.2506868505933536 0.8386154462907598 0.25315768828209567
48 0.5395847500392392 0.7464525632604779 0.5143578617102094 0.7475897350812151 0.505793530230676 0.5576156987856477 0.5310194586666057 0.5564785487600582
47 0.5662442441158646 0.7658342561891925 0.535442527868554 0.7636686652581973 0.5495118883884516 0.5635957369325809 0.5803124039688328 0.5657612865552808
46 0.5840250276338566 0.5485466461804386 0.6187106615192306 0.549376145173515 0.6132443961345189 0.7779210529423243 0.5785587629586644 0.7770915729047125
45 0.6180636518652136 0.5535517187496573 0.6559916375504145 0.5511841152350166 0.6691266288826228 0.7615756888739303 0.6311986480365022 0.7639432428469771
42 0.7171440271948768 0.5251010957038409 0.7950487513558073 0.699837390892643 0.7213498222782846 0.732690183721994 0.6434466698580081 0.5579552160992478
41 0.8332456806432447 0.6692439157004073 0.772893501161775 0.6885397750388369 0.7129085148885679 0.5009398019175656 0.773258802507371 0.48164426112896963
40 0.8262179812500108 0.5527950312499915 0.8255575526512757 0.5520474326237557 0.8265620730579712 0.5511601218087773 0.8272225015962249 0.551907720350696
49 0.5152970505378107 0.7397926354191424 0.485003917585459 0.7420720691706704 0.4714658321314573 0.5621729164158206 0.5017579109374992 0.5598935218750026
50 0.4329881199735155 0.5724376712284249 0.4710456346446108 0.5696700653487157 0.48607339232023605 0.7762919154363135 0.44801588419625205 0.7790594636480256
51 0.4451316411738162 0.8014854332753204 0.40640676135706144 0.8037449318315772 0.3930472282734172 0.574798715687657 0.4317703047066743 0.5725392688376177
52 0.35954460283426215 0.5621205719839188 0.4006864291840202 0.5631952745203043 0.39531275963315693 0.7688849105749005 0.3541709340528314 0.7678102302526771
56 0.27674535468747763 0.7409050578124912 0.20677049933806302 0.7053739834474205 0.29292064392541306 0.5357333612825061 0.3628935161653999 0.5712638492995755
55 0.22903063755404673 0.5980479140624999 0.2285283780709051 0.5980479140624999 0.22852837817902127 0.5962732921875 0.2290306375000455 0.5962732921875
57 0.1579406198044353 0.4552706134454326 0.22274632863400257 0.4630199547696587 0.20448885278676698 0.6156900480080836 0.1396831595130834 0.6079408026847662