55 0.4683772944086968 0.516286673727202 0.4685533296637914 0.4775691197155511 0.7205762184158857 0.4787130052270234 0.720400927342439 0.517429811020496
56 0.7248791403611676 0.4479624248820035 0.7251235987464497 0.4821136940131068 0.48017312089302777 0.4838646327665001 0.47992925981532153 0.44971396142526193
53 0.744133232382751 0.4026140743117787 0.7446711857040782 0.45007222380080064 0.4856659610921952 0.4530053631088111 0.4851288158740772 0.4055480108570084
52 0.7263928853150219 0.363618343443383 0.727530996244127 0.3999551594389323 0.4956664578371601 0.4072152066390084 0.4945288551220983 0.3708788797034516
51 0.7178702181929566 0.33103668989553897 0.717551053204943 0.37152862332932124 0.5064233152936595 0.36986288451582855 0.5067429334023927 0.3293713886319855
47 0.7200218141226742 0.2667130469303638 0.7190967392590437 0.33431151477842547 0.5045585396463821 0.33137411723900145 0.5054842652789375 0.2637762786977268
35 0.5186152912561965 0.2632693344915454 0.5201728976533104 0.1986219547836096 0.7328224461170976 0.20374512583466695 0.7312653465434096 0.2683919701994812
0 0.5588746933829043 0.19646640273880772 0.5761417619949043 0.1374922477210858 0.7711208843691111 0.19457936315012045 0.7538542371287349 0.25355315596020633
57 0.4664267355251468 0.5600186998837535 0.46395168000128706 0.5198710866792812 0.7155793563636053 0.5043583340158201 0.7180551747467234 0.544505090713745
43 0.47706857272066827 0.5905978814905913 0.4758291970716755 0.5575877104135003 0.7140475079677344 0.5486425707909336 0.715287539477572 0.5816520552923342
54 0.486083106383262 0.634410873277814 0.48270488727405336 0.5932185224076486 0.7787857028591816 0.5689366866046242 0.7821649352424629 0.610127874192029
59 0.68946176795464 0.6182527389316466 0.6929435401679029 0.6571979805097348 0.4921740689363787 0.6751424616476723 0.4886931305550206 0.636197994362755
60 0.5018624214121701 0.7065736420321643 0.5007454664980742 0.6730181918390303 0.7039650201814993 0.6662529449889733 0.7050826636899501 0.6998076769155596
61 0.5072971017696091 0.7663163498306605 0.5063617402225873 0.7072611787147055 0.7272861466663016 0.7037604633530111 0.7282229423785793 0.7628141823778529
62 0.7298452720243631 0.7391844846735852 0.7377633205611573 0.7897926005961172 0.5361107742579634 0.8213333881056744 0.5281940960525162 0.770726482270213
63 0.7530961234749611 0.7661145952018769 0.7683272532482306 0.8207313947903927 0.5877664188412837 0.8710719105863761 0.5725367781686828 0.8164563861706187
40 0.2648607443846913 0.5578214840048925 0.26061096048374566 0.5295231725934793 0.44240727634371524 0.5022225788336944 0.4466574032826429 0.5305204694023176
39 0.4455128502659136 0.5303840543797209 0.4503828634145748 0.5621934430141636 0.2520436945426354 0.5925544393852701 0.24717429167742466 0.5607455989869006
38 0.22028056421754627 0.6085253023225113 0.21899782620118913 0.5728894414753327 0.45133344777809725 0.5645249638379545 0.45261689856124576 0.6001600929799534
37 0.4592314458390092 0.6029047414210483 0.46019882862117356 0.6404810841520129 0.2672627040062707 0.645445627121372 0.266296030001854 0.6078699845113392
36 0.4704669076653545 0.6383851946341939 0.4750436756241925 0.6761095752128787 0.2598248249196331 0.7022143163654853 0.255248977193105 0.6644907846468804
34 0.2621613917214063 0.7662440603151252 0.25390352273052486 0.7086159847485374 0.475356889549289 0.6768850144723086 0.48361593506081135 0.7345117101301573
33 0.50480521325062 0.7315426004429635 0.5149025813782373 0.7891603031135895 0.31753205647589766 0.8237404289503435 0.3074362453063486 0.766124128052304
64 0.5056126276992927 0.805548854697212 0.501664572036475 0.8596021338983557 0.34661144960796264 0.848277307414538 0.3505604762343637 0.7942250806898742
41 0.4540372112667228 0.48888846895149957 0.45503572994948627 0.5107819627432272 0.27273704190395165 0.5190941506692351 0.27173884258047565 0.4972009625144335
42 0.45675400972959324 0.45531606539775776 0.4592709741247063 0.4880030988575612 0.2638648122108407 0.5030471560550392 0.26134834734386914 0.470360593168936
44 0.23488745165354885 0.46761537416579774 0.2328214054412001 0.42198287374241705 0.4629361132303984 0.41156349124343894 0.4650028305821934 0.45719528149413563
45 0.2556760033825185 0.40954781934065326 0.2585389560997555 0.370778962572358 0.46677178455331614 0.38615441939341194 0.4639093551680844 0.4249227889135813
46 0.25173553087495293 0.35211165668794825 0.25928741516258924 0.30728896057660765 0.4729868578690457 0.3432915772687315 0.4654355554567928 0.38811375742497967
48 0.49027592443144385 0.27820364828681216 0.4789316189451256 0.3440545601345724 0.2582675127885068 0.30603975055161453 0.269612334018575 0.24018948415718736
49 0.5158292070568677 0.20999476357082145 0.508705513820928 0.2787664256130538 0.30612934609951026 0.2577821156882143 0.3132534710480286 0.1890109763579055
50 0.5155280439133776 0.20492215 0.3141079183076272 0.20492215000000003 0.314108387584497 0.135610246875 0.5155277794226549 0.13561024687500006