63 0.5581389972837769 0.5112841728674895 0.5592818850894901 0.5543308894496798 0.31459594707098404 0.5608238590870901 0.3134539412168351 0.5177780031979976
62 0.3223027868564259 0.5935271604415004 0.3218962628209283 0.5615280563190194 0.5437901855195832 0.5587074071275834 0.5441973246433918 0.5907058913953208
61 0.27617716890233623 0.6366845615432559 0.27517677976356936 0.5992464079663075 0.546996064124869 0.5919807633694876 0.5479973808796785 0.6294179698410931
60 0.3341776335252007 0.6740206500965804 0.3351103749505455 0.6284211253654024 0.5499443763918634 0.6328133656221195 0.5490126310543246 0.6784119065887159
59 0.37460876601790005 0.703712257268901 0.3772835405765136 0.668286064657903 0.5408826495680614 0.680635447268629 0.5382085300209383 0.7160610238322015
54 0.527087227216839 0.712723695443228 0.5283585233518124 0.7778025436420658 0.343818575090836 0.7814044092691985 0.3425486738492509 0.7163269401767615
43 0.5084293035270093 0.7795075989452687 0.5084300457717745 0.8382724274524096 0.3034600432820298 0.838271732869909 0.30346078042350655 0.7795083854169499
0 0.4505835275788286 0.8407962468700984 0.43440607737340997 0.9054027955747745 0.2802383817062264 0.866805965739466 0.296416708118727 0.8022007623520786
64 0.5558776151350457 0.46754357079511555 0.5553482503811438 0.5106006341650182 0.3003758064332942 0.5074633719019592 0.3009059740294333 0.4644071268430165
33 0.5455163295881675 0.4328758127606555 0.5443073876678 0.4656311486707434 0.31351277694102464 0.45711146973275363 0.314722210703394 0.4243566507725984
34 0.28926353125 0.3852335515625 0.5474711625 0.3852335515625 0.5474711625 0.42641888437500003 0.28926353125 0.42641888437500003
35 0.5456509527978142 0.33896451371000635 0.5457971560412034 0.3890938091685612 0.33818951766204464 0.3896979981617297 0.33804389325803186 0.33956929940739405
36 0.5394773446438421 0.29990559802853634 0.5417918778517787 0.3361154377999976 0.35658649212462024 0.34795236275364444 0.35427230776224405 0.3117428508130905
37 0.35607609912528915 0.3039290409142185 0.3545025746718693 0.24276192745485486 0.5257649826306761 0.23835593282916367 0.5273389266428694 0.2995226105649935
38 0.30142904208321397 0.23661974923421616 0.3023582315257727 0.17645822811262243 0.5126549001897729 0.17970572769695642 0.5117261233167483 0.23986683724799357
39 0.29412379374889497 0.21652304891997054 0.2781480689351383 0.1479800039282558 0.43931215240866095 0.11041672454147997 0.4552880691902601 0.178959466731914
48 0.7434885537861646 0.4696844059762593 0.7438122627816028 0.49633679809142345 0.5759946987474223 0.49837365976014714 0.5756713230776995 0.4717215957823199
47 0.57409050625 0.441486690625 0.7382431234375 0.441486690625 0.7382431234375 0.469111 0.57409050625 0.469111
46 0.7751070600088497 0.39851544916943266 0.7764292319282049 0.43237543804210754 0.5702594518988917 0.44042390079851834 0.5689377418299273 0.40656435286105125
45 0.5701659369124172 0.4051668451684585 0.5674659882162132 0.3689143167383512 0.7672103969109685 0.3540379867477993 0.7699107302977382 0.3902900827192818
44 0.7646556909755873 0.3093847823362095 0.7682973997195859 0.353744952619148 0.5615679371520628 0.3707141099906473 0.5579267357369417 0.32635439949694534
42 0.7406580059690668 0.2399462110491763 0.7473460081286021 0.30566056010045867 0.5528268635713403 0.3254558718439092 0.5461394581400327 0.25974206156709606
41 0.6938775515624229 0.18131592177984376 0.6938775515993711 0.18181818121474447 0.6921029281373876 0.18181818128529875 0.6921029281249957 0.18131592187502188
40 0.6655861404755115 0.0970742212727304 0.6891099348008538 0.16706569562541665 0.5502823390917229 0.2137242471134537 0.5267588173311424 0.14373299633781458
49 0.7383765166187004 0.5016663381134572 0.7381196806518346 0.5289203225427758 0.5783465813810835 0.5274134699153012 0.5786037551258687 0.5001598214872188
50 0.5755574595998496 0.5603553004037461 0.57453964372678 0.5297808332828008 0.7441958385628595 0.5241326506827007 0.7452140678309433 0.5547066851845897
51 0.777589601020054 0.5700052087611208 0.7753893636812563 0.6066983032414772 0.5721586801902276 0.594510893410465 0.5743595369528975 0.5578184542814296
52 0.7786930079719241 0.6153519979661397 0.7751302867948198 0.6518607816116156 0.5709343745265869 0.6319341058698021 0.5744977285947925 0.5954260239896323
53 0.7704660627242674 0.6718856523240804 0.7596763817014107 0.718449205484327 0.5624029722295063 0.6727408277309976 0.5731933221857162 0.6261782244864574
56 0.5553061021042822 0.7416604133751769 0.5626785001589951 0.6760977211801693 0.7596324452587169 0.6982405238518173 0.7522616116788186 0.7638017644892378
55 0.5266961821206451 0.8082600510290928 0.5366729616810062 0.7393530679446664 0.737859523200882 0.7684757241587706 0.7278846258102476 0.8373809974287788
57 0.5391278664458241 0.8725970832112512 0.5636959481432768 0.7966645439619091 0.7106352740413513 0.8441963940049075 0.6860690059281751 0.9201273828405687