55 0.42058538048081573 0.5138121235300608 0.4205859054384291 0.4746356623608001 0.6947646980172522 0.47463738897038366 0.6947649820186825 0.5138130165818956
56 0.6798918760456445 0.45960577428476995 0.6779813476754271 0.4892372712274215 0.4348324145855713 0.4735584397422182 0.4367434204435767 0.44392744730022526
53 0.7022785457730834 0.4046245734438675 0.7028834461341376 0.4441315084374529 0.4367828484500933 0.44820272888631013 0.43617864281861785 0.4086964641070358
52 0.44298303768653113 0.40510736609206616 0.4442222914052536 0.36571882194071575 0.7005594224423248 0.3737817128178627 0.6993207854036427 0.4131696622003131
51 0.6967865734749239 0.3517958046515912 0.6928892920684575 0.38851843145764425 0.4588573669163907 0.3636802766509092 0.46275506384813525 0.32695810693127547
47 0.47176050034329364 0.32282440871459245 0.48440268775505047 0.26097961361180594 0.6965237903461912 0.30433922261200436 0.6838823370477485 0.3661833679517538
35 0.7291384376843553 0.2488832528807596 0.716539395166933 0.3082382766343361 0.5088926065263877 0.2641615727066343 0.5214920166754382 0.20480699227974078
0 0.6459657870643696 0.2554410047532462 0.6432651353388792 0.1981850933193034 0.8042209594906353 0.1905930093573538 0.806921909972516 0.24784859358382877
57 0.4154047182918248 0.5584561396177661 0.41416366481564637 0.516778949447277 0.7135246280316778 0.5078621176821522 0.7147666634755296 0.5495383021850672
43 0.6851612718206752 0.5388738964125764 0.6877892576736713 0.5679693904154745 0.4378166975370732 0.5905420196662283 0.43518938684007935 0.5614471407007862
54 0.4392798884163085 0.6248779009101716 0.4374755772231538 0.5903391161963916 0.7066927642124483 0.5762742314151004 0.7084978780934534 0.6108121463878508
59 0.6969784893435644 0.6099614729187358 0.6995344882358268 0.6460699069424971 0.45599532993492176 0.6633034091040333 0.45344023894926977 0.6271958161519762
60 0.6934050944852288 0.6355795203755814 0.6980008876784041 0.6687856169134156 0.47415016095101237 0.6997596311415061 0.46955521289942226 0.6665542897181008
61 0.624309167615479 0.7141825310738444 0.6233798294491635 0.7080637677788606 0.6762384215822976 0.7000365557513322 0.6771677883853044 0.7061552835571087
62 0.7493290607031895 0.7248194092288439 0.756610717594981 0.7805476192658973 0.5353455385094321 0.8094498893030363 0.5280654813569754 0.7537231151358512
63 0.6882785767992345 0.815705208021385 0.6912610312878087 0.7630360272079015 0.8474045724815369 0.77187541337834 0.8444231661255799 0.8245435902592342
40 0.20187042809868672 0.5492810332079023 0.20014522478356866 0.5231002085203389 0.4030273298996008 0.5097307304802899 0.40475293244435306 0.5359111289041616
39 0.40564148953490076 0.5374083719146575 0.40762210056345793 0.5653948906116535 0.2067800227329144 0.5796056559069418 0.20479992227546973 0.5516196290692869
38 0.41950230666293464 0.5660814469294554 0.4220821717008221 0.5994907867884359 0.18572523525813267 0.6177379645473688 0.18314613509539868 0.5843293567938479
37 0.20042147604851834 0.6584740987401135 0.19670174494774528 0.6223264236200615 0.42975000549154174 0.5983454678414929 0.433470453889754 0.6344923339122689
36 0.4352865282687617 0.6308456125403179 0.44457163999197746 0.6685668033229616 0.22455976768560504 0.7227128629368469 0.21527568009571496 0.6849925611199205
34 0.2619268900456291 0.787780749925346 0.24456531021257888 0.7241061460231616 0.4699940948581798 0.6626478831214936 0.4873567112138062 0.7263208827333411
33 0.31902077996335265 0.8578040962811944 0.29436983217692614 0.7903936181321314 0.506398170909165 0.7128708425919676 0.5310499418399104 0.7802795216076331
64 0.4504901219687554 0.9158565389890924 0.3920163482312091 0.8438730200287519 0.4891463751412175 0.7649901239343619 0.547619494753917 0.8369724658154835
41 0.4050924693590332 0.48431114538640174 0.4064336843945284 0.5085908868805612 0.2235117640017279 0.5186933647618202 0.22217090591675515 0.4944139649734601
42 0.20658540563692895 0.4844302749826568 0.20692375771454863 0.45488119877501076 0.40389813169451827 0.45713522723871947 0.4035602031927965 0.48668388821816966
44 0.18370711201703216 0.45516511271960564 0.18357020930920953 0.4199438865613171 0.4169644450406622 0.4190351406654762 0.4171018934861195 0.45425582247129204
45 0.2055417600021201 0.38939761190001476 0.21270001697564567 0.3510360096003937 0.4288873164761071 0.3913735638016163 0.42172962915128664 0.42973466504920216
46 0.44568329108778926 0.35553437227738843 0.4351326325249829 0.39636273731360044 0.20496279827648323 0.33688417948608507 0.21551377968216912 0.29605634615788484
48 0.2350205112029471 0.2866899563754182 0.2572548128823655 0.21821976104270271 0.4761476116045742 0.28929830810568546 0.4539141125904962 0.3577678284191786
49 0.5138306954148675 0.23442740088416694 0.49033250214381496 0.29977977219863616 0.2938242392007169 0.2291232687232252 0.317322651955692 0.16377137666264688
50 0.5091889709956376 0.16635341058971875 0.4703327179745429 0.23886550013880573 0.35568536919083726 0.1774309748994083 0.3945416440996041 0.10491912837106895