55 0.5111740145890735 0.5525271141667388 0.4591738191099921 0.5505071942882983 0.4698501255757037 0.2757086045154245 0.521848317187505 0.2777284828125021
56 0.4580530166539347 0.5356230136593275 0.4208685289326013 0.5332176265129792 0.43783414053268643 0.27097624117571656 0.4750174043401785 0.27338158801667944
53 0.3816564265044917 0.2574541181467874 0.4245087566314396 0.2571195653228265 0.42667001574955066 0.5339399465937638 0.38381768568501684 0.5342744937144795
52 0.34364194179113383 0.3099283211093301 0.3826241583446972 0.3090917576888864 0.38761337849257416 0.5415680813092595 0.34863116225983504 0.542404631988631
51 0.3463990386102296 0.5479594415925009 0.3094099192792328 0.5473250172889632 0.31350832324142175 0.30842424484580494 0.3504962395495568 0.30905865854158526
47 0.30920644340687886 0.5579912021797419 0.23855176560732616 0.5611905004548265 0.2262880919993222 0.2903426012423099 0.2969400353556466 0.2871433689326979
35 0.23313950563147046 0.525098760397152 0.17299831147397526 0.515086849720284 0.21038207036440326 0.2905443831938665 0.27052150890074245 0.30055613965203754
0 0.2095798952370842 0.3848487635855847 0.1476912949931375 0.37945941262414873 0.1587603776523565 0.2523568553053121 0.22064822273227946 0.25774617337963956
57 0.5329603851289448 0.28414063356698305 0.5828400504038882 0.28870344171031664 0.5585639543610341 0.5540717264655372 0.5086843004196453 0.5495089975757863
43 0.5984932768257067 0.5513941889086882 0.5615897934793566 0.549214565385179 0.5784045904928234 0.26455007486183335 0.6153067543813222 0.26672965902140605
54 0.6361298700185216 0.5587656031347882 0.5917756935183434 0.5533570360418012 0.6276716916735268 0.2590103579832423 0.67202410781249 0.2644188109374962
59 0.6724301142895683 0.5662459314235497 0.635961005158947 0.5628214479173603 0.6577299907086172 0.331013437839706 0.6941979346410108 0.3344378659120408
60 0.6745353250870494 0.5740906044781259 0.674535860495098 0.34427637636377284 0.7147161022758155 0.3442769085671497 0.7147162329499679 0.5740904272800093
61 0.7775554173163073 0.5752248765356753 0.7149242204542361 0.5770767273069187 0.7079006990220478 0.3395146539755806 0.770529737874881 0.3376628359694637
62 0.771162765233953 0.3333617437595458 0.8367556377459096 0.33150543382723513 0.8433945665486817 0.5660794970282523 0.7778016959908882 0.567935776745313
63 0.7878961787946537 0.3204688017251767 0.8591367730936099 0.2962745816847994 0.9007759569586824 0.4188778690564907 0.8295354494919138 0.4430719125050364
40 0.523820759090313 0.8116543984458593 0.4953822797023122 0.8100448664790972 0.5092755343786166 0.5646194995858665 0.537712614706038 0.566228993044548
39 0.5373342365886629 0.5645141124014701 0.5688788225861572 0.5667042449135686 0.551652886709121 0.8147768122377811 0.5201083063202532 0.8125867372011556
38 0.5633319135893089 0.5598278547923196 0.6078975985321904 0.5624371774947692 0.5914293723453738 0.8436673874821972 0.5468636943883212 0.8410581415946592
37 0.6303249569555192 0.8296698864916114 0.5927269147441621 0.827586599816085 0.6065158215818656 0.5787869445735777 0.6441118777906922 0.5808701764613337
36 0.6368951644188883 0.5866507081918878 0.6758315899504623 0.5860551194954056 0.6794322437797291 0.8214141631314212 0.6404958186404883 0.8220097368815777
34 0.6735336084669825 0.5906050047193514 0.743939895429321 0.5853420671442293 0.7624025868869921 0.8322966049869889 0.6919963160347606 0.837559401697454
33 0.7449450482038174 0.573874035890829 0.8167046856855222 0.5685764775730313 0.8329099349798526 0.7880612027534759 0.7611503108528268 0.7933586411212518
64 0.864376917591585 0.7306850764771944 0.8103699387132792 0.7258046908238909 0.8235466382989216 0.5800193946853293 0.8775520433102884 0.584899708622778
41 0.4793507620481705 0.5637920327024735 0.5094182622375456 0.5652234103240018 0.49775293149525623 0.8102328711884066 0.46768543399616647 0.808801530175886
42 0.44569808286371426 0.5637745310129667 0.47784305619723 0.564832253654182 0.4700883011469159 0.8004748243727546 0.43794332897357435 0.7994171272445966
44 0.4073815980634663 0.5511095837515639 0.44917361102773157 0.5539198728147291 0.4277404573432477 0.8726107670385173 0.38594845383181564 0.869800573029438
45 0.367276339088221 0.5617070452353938 0.40345659291949687 0.5629868691492421 0.39448856608373717 0.8164772431353207 0.3583083142759733 0.8151974529085833
46 0.34673243401482523 0.8101638895637557 0.3068009463055432 0.8061756984559805 0.3299088641782646 0.5748542329901886 0.3698384426817256 0.5788423291912798
48 0.263907710209196 0.5651099951149718 0.3328966182344857 0.5771953598877982 0.28996660380960293 0.8222274038706755 0.22097778026284232 0.8101423505945513
49 0.18659594465873397 0.5423409288748887 0.2603183567919132 0.5461150228421563 0.24921980640192487 0.7628861895972643 0.17549740058552743 0.7591121762702017
50 0.18092202292893944 0.6882016778681497 0.125352177160039 0.6870222431085129 0.1283509706388486 0.5457901583293763 0.18391937106525802 0.5469695779533935