55 0.5249311445353442 0.5136379097777466 0.5256920848034952 0.47335385714487926 0.7909885659004203 0.47836272331405133 0.7902284479127957 0.5186459587849094
56 0.5360349934620672 0.47093812366889115 0.5391346813389646 0.43411249577540123 0.8218332669399615 0.45790392612085906 0.818734373385837 0.49472881235605465
53 0.8696592572783857 0.41220458850535024 0.8674347869165331 0.45694828476086014 0.54339272596917 0.44083543730705815 0.5456180877606585 0.39609269747559295
52 0.7768185542142874 0.3764672014325874 0.7739944578036102 0.4116451895542271 0.5595987030687866 0.3944326484465446 0.5624232048202202 0.35925510407404054
51 0.7689893709366515 0.33946314929055865 0.7648119883475601 0.3788241748196067 0.5662461329144435 0.35774988381450035 0.5704238816084626 0.3183892708549299
47 0.7675244015624685 0.30286288281248824 0.7675244016240867 0.3023606233512042 0.7692990234581885 0.3023606235238579 0.7692990234374975 0.3028628829440655
35 0.7941437437500554 0.2486187843750168 0.7941437438005323 0.24811652492919775 0.7959183672044219 0.2481165250709268 0.7959183671874825 0.24861878448303026
0 0.6971700416995645 0.21878121840442644 0.6926121963622336 0.16509984969637398 0.848719599202127 0.1518454334157607 0.8532776601334717 0.2055265502427225
57 0.5183054946163566 0.5536115025107842 0.5181235541713249 0.5162720406221396 0.7886705735223813 0.514951255643794 0.7888533331245071 0.5522898969742329
43 0.5332741796875 0.5554997484374999 0.8039041703124999 0.5554997484374999 0.8039041703124999 0.5901557000000001 0.5332741796875 0.5901557000000001
54 0.5364726423465527 0.629575198014036 0.5350112758927708 0.5906080782354622 0.8604219185622242 0.5784016811907362 0.8618844072666434 0.6173676181666352
59 0.5519329676840243 0.6717881855016685 0.5485509920770255 0.6317118713914657 0.7910485515502614 0.611247887862721 0.7944313905036324 0.6513232547731724
60 0.5555170546276713 0.7028627349478493 0.5531772285306715 0.6701152260594043 0.7944421148005176 0.6528768269616034 0.7967826944126273 0.6856235059220469
61 0.8001689336648496 0.6816666541488707 0.8056503387850853 0.7397479907107026 0.5724540830958631 0.7617482404753116 0.5669742955532229 0.7036683889346637
62 0.5926365569908967 0.8166317122094884 0.5911372483271862 0.7583392634157204 0.8212633098288507 0.752419425696055 0.8227641750443127 0.8107102547307722
63 0.696908191815055 0.8489206198918352 0.6927540387315503 0.7985248530615797 0.8462859781328689 0.78587082061732 0.8504410084340179 0.8362656142506051
40 0.2899852825448761 0.5670522670843133 0.28538175198673343 0.5382168235240794 0.46658072854347665 0.5092899371003058 0.47118460933336337 0.5381249545200902
39 0.4697016452673779 0.5404432500719777 0.4737870986928101 0.5685065121178859 0.2664839180931722 0.5986806739486712 0.262399032409121 0.5706179212841764
38 0.196550093467863 0.6414883771620343 0.19181132029746095 0.6045083048801118 0.46878870009118145 0.5690157956059683 0.4735282833248675 0.6059949332200114
37 0.4600662205224353 0.6077495380398934 0.46624168324171933 0.6448347436707035 0.21757851123027194 0.686233904567397 0.21140408490612117 0.6491496238529741
36 0.46923497421835236 0.6451149375311794 0.47570151647221337 0.679836082015613 0.24166162460073792 0.7234150265494385 0.23519606167383245 0.6886947491642422
34 0.24858926896934008 0.8109400702958326 0.23038204481906632 0.7402379400643758 0.4865542450867224 0.6742769604957517 0.5047628357175427 0.7449769658262386
33 0.3143848185944762 0.843525300188655 0.31399762447460944 0.8424994732196788 0.3172703043723004 0.8412644804048747 0.3176574986878222 0.8422903069134952
64 0.39043987635488975 0.9050505547664108 0.40318006521238203 0.8165527453434268 0.5291504172911345 0.8346830627099288 0.5164118839596767 0.9231793917087372
41 0.3073233577334804 0.5342995512143597 0.3030286006769529 0.5059366342800453 0.46404688467487176 0.48155610669555154 0.46834193235156363 0.5099186648315819
42 0.276752707487276 0.5022403687057305 0.2740540334435764 0.47176595105590896 0.4614549575329647 0.4551707785179124 0.4641540071517056 0.4856447722664036
44 0.4717183210115081 0.42824306943368967 0.4674168139919175 0.4693730158779535 0.20846345921029297 0.4422899923966096 0.21276558609827134 0.40116076835413145
45 0.22707756938052626 0.39629215975962395 0.23268839297577415 0.3530151370421349 0.47633206168529796 0.3846008300824515 0.4707219444377415 0.42787719585596984
46 0.4853986496785865 0.3463994269742174 0.47749829128622423 0.3882706286932451 0.2514911830512574 0.34562707994356207 0.2593919248547536 0.3037563881455727
48 0.5131839322750693 0.27194769368085975 0.4909584562983582 0.3544779321874175 0.23844171599671427 0.2864749039690021 0.2606677614811588 0.20394561193186553
49 0.5483922374554595 0.19948029168898956 0.5376257313197357 0.2733709961329684 0.29447734173481876 0.2379416009091983 0.3052443314622906 0.16405154911145584
50 0.5187246659543234 0.07575028132347277 0.5362086499164889 0.1787081550832273 0.4078023378119724 0.20051324592956343 0.39031867247456375 0.09755565367073857