63 0.40163684025526436 0.49864801313815477 0.40207906234866186 0.45650905740398584 0.6329807508011527 0.4589306552916306 0.6325392456841428 0.5010688914756914
62 0.56521739062498 0.4384731296875201 0.5652173907142242 0.43797086862501855 0.5669920140923068 0.43797086887499864 0.5669920140625209 0.4384731298779974
61 0.3979766138828609 0.4150505396455406 0.40040515830719414 0.3719949080940178 0.6782317165769882 0.3876630295606542 0.6758039453699212 0.4307179206122309
60 0.4174776210498976 0.3677861356042737 0.42443365545261713 0.3288748946861409 0.6043078862614948 0.3610285552230628 0.5973522997328473 0.39993939833168135
59 0.4367707984574736 0.3319175643512162 0.44100426630132006 0.29452624960463386 0.6228805565599487 0.31511716619529506 0.6186474592677769 0.3525081402622007
54 0.4494207964571615 0.2987112064082751 0.45294147184881695 0.232379791418778 0.6538026725793316 0.24304032588003235 0.6502825818191695 0.30937115830127876
43 0.6628216499999553 0.25916624843750474 0.662821650052706 0.25866398742613955 0.6645962734551176 0.2586639875738949 0.6645962734374962 0.2591662485500936
0 0.6108182984704627 0.2223463996140253 0.6394138608209232 0.1637108977221821 0.7462551346327473 0.21581488841516286 0.7176598454734631 0.2744501568009498
64 0.40143866125083605 0.541591689843268 0.40243194272670735 0.4995087777695442 0.6175269623611257 0.5045838144411695 0.616534420237258 0.5466660010594917
33 0.39740588787117304 0.576506289519656 0.39757360708028955 0.5443717184924853 0.6150450122534039 0.5455050685916641 0.6148778932948744 0.5776390375239804
34 0.6250709681536364 0.5673605767867665 0.6273861173588102 0.6041596658816162 0.38964225539064046 0.6191122641652181 0.3873279437019619 0.582313964701969
35 0.592980872950875 0.5891022652645331 0.6011267646841816 0.6322671806314796 0.41148837470996114 0.6680482037406393 0.40334338496620603 0.6248840745241552
36 0.4249570307177919 0.7016337840654767 0.41987666632974197 0.6679790041150288 0.6170230443435685 0.638221267883479 0.6221039657349365 0.6718753578891133
37 0.6363711076247682 0.6732548608537182 0.6450311851443757 0.7344364659239694 0.4504153884964808 0.7619765268400867 0.44175676780457707 0.7007962246066112
38 0.6632242074814485 0.7133151894068612 0.6768793445376105 0.7673726572361036 0.4958690321298036 0.8130858795673392 0.48221525044118607 0.7590295749875452
39 0.7168022099721156 0.717161833430939 0.7476468329460886 0.774366680583003 0.641965745910511 0.8313380425626271 0.6111220628761203 0.7741340016380861
48 0.38635373630722825 0.5196884244927006 0.38811494050810325 0.549458706378558 0.21686847350554217 0.5595874147815175 0.21510771091629977 0.5298175550665116
47 0.38129908195162443 0.5533856428439156 0.3793658108661475 0.5824176233644729 0.2045710315692304 0.5707775820182095 0.2065047048274664 0.5417460411499241
46 0.17966572335785713 0.6050808508034743 0.18173767666246476 0.5694100532685828 0.386930674715245 0.5813258121071497 0.3848594189940968 0.6169959520886649
45 0.2216983927723959 0.6626142878267963 0.2175132058403051 0.6267024660024326 0.3900104817554393 0.6066004892259071 0.39419619097895975 0.6425117230570824
44 0.405885738914435 0.6423010957241314 0.4109190837209553 0.6791290646192286 0.21525546917848715 0.7058649458094074 0.21022295207615116 0.6690377273698073
42 0.4260178653702269 0.6737912780244921 0.439714118376628 0.730238016241571 0.24358840463492015 0.7778158533054499 0.2298936105399889 0.7213703795870806
41 0.35936113593754726 0.7805123046875404 0.3593611360963678 0.7800100463113783 0.3611357594280662 0.7800100467563366 0.36113575937508813 0.7805123050265671
40 0.4667848353082036 0.7962484363840213 0.47404219730231034 0.8533430717630301 0.3543367657177896 0.8685542745537965 0.34708036578297197 0.8114605080541993
49 0.3812485862035828 0.4963924121524408 0.3824068534207754 0.5194049137068278 0.22162908037159923 0.5274953024287847 0.22047111519782447 0.504483087003884
50 0.21350466436786064 0.5109873573277844 0.21056035193987555 0.48308517664739986 0.3833713276231947 0.464849939392137 0.38631595731237667 0.49275176566296314
51 0.39033894814781434 0.42998047202791173 0.3924440851653799 0.464927630140759 0.18307173843686542 0.4775369732494574 0.18096713341117265 0.44259030943197586
52 0.21813898855327807 0.4238710126253778 0.22089610819966765 0.3862120247629658 0.40491174127839713 0.3996827261750627 0.4021550859189347 0.4373412821927741
53 0.4095805385646827 0.36057750990789356 0.40097397304737115 0.40268240562460567 0.2210205813076982 0.36589908776562596 0.22962745895085845 0.32379463358187616
56 0.23981474406105008 0.31623418992476166 0.2562365708457719 0.25210730688398897 0.44235304777112106 0.29976696701313316 0.42593189505680584 0.36389326626733254
55 0.4665715493017615 0.23288107023839602 0.4552283528519183 0.29952534237770206 0.26652405974823523 0.26740666920441575 0.27786763560050076 0.20076289414449558
57 0.32820455491332723 0.20755251311652895 0.34250673002065923 0.14859822039810341 0.46054867035741154 0.1772345031623441 0.446246736866442 0.23618858988187388