55 0.5001010147201441 0.5008635967918087 0.4630722971234036 0.5002647747284382 0.46701868883701536 0.2562773321253366 0.5040463148490062 0.2568761450925797
56 0.4620794566707218 0.49423247500000006 0.43395270984638046 0.49423247500000006 0.433953115542522 0.2670807453124999 0.4620791002275837 0.2670807453124999
53 0.39422842962562754 0.26233684923683015 0.427099393372373 0.26107545225345297 0.4364245659992321 0.5040722395837257 0.40355360338423907 0.5053336186260269
52 0.37700338788965837 0.26652979704620283 0.4209193415435948 0.2704190328937802 0.4004162479002389 0.5019239588301866 0.35650029993246335 0.49803477560557213
51 0.35211132498034203 0.279007932827815 0.3922242009349475 0.285735246354752 0.35872119152872983 0.48549512763768154 0.31860833357734464 0.47876789376818846
35 0.28930159174774417 0.25022161346185073 0.289301913061081 0.45962744698933233 0.23555992337378484 0.45962717234114125 0.2355602174411615 0.2502219680485037
57 0.5045480335082857 0.25536706131897036 0.546179705817508 0.25577334247108946 0.5437886059627317 0.5007803037744336 0.5021569336938683 0.5003740283479727
43 0.5737834982209051 0.4898189101731805 0.5450455940767824 0.4914455259462218 0.5327074431005485 0.2734672815693719 0.5614446028708926 0.2718406872236065
54 0.5685450017206222 0.2565346490556967 0.6071232359985288 0.2562227051491801 0.6091114574816174 0.5020974936720798 0.5705332232603268 0.5024094331451407
59 0.6020622373204105 0.2759689102844654 0.6428550242161464 0.27441927844756353 0.6509471382898937 0.4874291465573997 0.6101543525068109 0.48897875911817734
60 0.6899545351853931 0.473097083023344 0.6463779594923835 0.47953144623089594 0.6163296599083878 0.2760355426701908 0.659905233125528 0.26960125441687444
62 0.7780011958041086 0.4409937890625 0.7187341647240828 0.4409937890624999 0.7187347917546276 0.24223602500000005 0.7780005568519073 0.24223602500000005
40 0.5018833063637658 0.508216247673244 0.5275580724239717 0.5087173458122073 0.5241814795085702 0.6817065797618078 0.4985067136866519 0.6812054894277858
39 0.5399876196960349 0.7143133231067705 0.5113914657741816 0.7117237126417144 0.5301215935354548 0.5049247917249163 0.5587166969161217 0.5075143556825067
38 0.6165175547661192 0.7256146481561523 0.5804486342036626 0.7330060079476934 0.5374551128849134 0.5232257671360799 0.5735226020432265 0.5158345590534946
37 0.6400280897230459 0.7325847210175342 0.5990882957407848 0.7369158084645182 0.5754394844586841 0.5133921828150193 0.6163775746774718 0.509061185223626
36 0.6165616485513965 0.5056673718894587 0.6573230327198871 0.5003940742416284 0.6864552615294315 0.7255558920009793 0.6456938986478917 0.7308290778797852
34 0.7466442041338723 0.6892126828449927 0.6820878394198644 0.6973635461636408 0.6543519601463004 0.47770549489793024 0.718905879507588 0.46955478514207233
33 0.7820190859375 0.6308784390625 0.78302360625 0.6308784390625 0.78302360625 0.6326530609375001 0.7820190859375 0.6326530609375001
64 0.8921119875839167 0.5625722461223732 0.796408641704943 0.5860928216646095 0.7653984473228093 0.45992181937199406 0.8610999380720159 0.43640148263680406
41 0.47915620312499996 0.5146406390625 0.5022601703125 0.5146406390625 0.5022601703125 0.6850044359374999 0.47915620312499996 0.6850044359374999
42 0.4771471556761071 0.5119786095740663 0.47714737917692673 0.700976069738337 0.45354075504656066 0.7009758513288858 0.4535409411702176 0.5119787969922738
44 0.420336411521248 0.49754960575452767 0.45359662466557893 0.4979873981635507 0.45066548155648434 0.720650763120288 0.417405268599623 0.7202129797428692
45 0.3980610173483683 0.7421160589127573 0.3613500775670673 0.7378066086673258 0.38861560692384955 0.5055778355253934 0.42532493096302915 0.5098871898859779
46 0.34695098000088365 0.4928948059928275 0.3910108659057414 0.49843652080826467 0.35996488734303966 0.7452442987725332 0.31590502528638353 0.7397027121620251
48 0.2876799160376322 0.47196980948666317 0.3473253654385644 0.48005778104754465 0.3185959458587604 0.6919052069214122 0.25895052648149885 0.6838173878758612
49 0.26500881771426066 0.6843063291885644 0.20178242090889853 0.678342044376199 0.22185577089874187 0.4655838293132997 0.28507987276464064 0.47154800688246457
50 0.1389348874084817 0.48859891303785924 0.22142780156309527 0.4895517877530488 0.22003985634171386 0.6096995713308025 0.13754694210001617 0.6087467061241646