55 0.36882529361309935 0.5235221544575301 0.37188495597297333 0.48839797307669497 0.6310137933570559 0.5109668594862736 0.6279549061101761 0.5460903123108445
56 0.3703084227825002 0.488657548304683 0.3737271815805343 0.45150319898855534 0.624881926133412 0.47460957132193804 0.621463907949078 0.5117632396216873
53 0.394997279134941 0.4537277729583654 0.39896580127185644 0.4125241247530767 0.655998423789697 0.43727650925009154 0.6520306813755496 0.4784794537112413
52 0.6308786540014353 0.4289301859374999 0.384205664864794 0.42893018593750004 0.38420613342873366 0.39326971406249994 0.6308780181407201 0.3932697140625
51 0.3940023625773392 0.39366579618408637 0.3954665018605965 0.3489254095604098 0.6375252376490153 0.3568452469225614 0.636061739455613 0.4015850048346756
47 0.40650134836096186 0.34767724091285146 0.4147098592400198 0.27517588533274345 0.6200155657807045 0.29841927134956936 0.6118078706831511 0.3709198536873758
35 0.4658341745492862 0.2805261808681828 0.4853036608516277 0.21348757241706667 0.6596230213178842 0.26411248535761367 0.6401541319480657 0.3311505777923706
0 0.6525458665487349 0.1905532753419338 0.6864285832930364 0.25513604800720546 0.6040627181732816 0.29834744495626553 0.5701802635038575 0.233764896915808
57 0.36707811917415256 0.5714481761130604 0.3675251038320084 0.5257208256536999 0.6028260515992088 0.5280188395944997 0.602379979194211 0.5737452851038524
43 0.602764513875627 0.5767504494308335 0.6022120293863509 0.6140972005681006 0.3733429272658668 0.6107088400910776 0.3738961729922039 0.57336285175692
54 0.65876244946935 0.609756927935233 0.6581781539813392 0.6369560995709735 0.4150481452774102 0.6317310884732482 0.41563305053705335 0.6045325539498178
59 0.595928414079026 0.623212489850354 0.5963378614154635 0.6614848875815748 0.38078317552924545 0.6637876629285954 0.3803745466110513 0.6255160633588251
60 0.3973779361841707 0.6964819532411798 0.3950887206680136 0.6647428473466385 0.6050855769608461 0.64959733572937 0.6073754213932716 0.6813357363742097
61 0.40993743989349696 0.752888062012035 0.4099381209563262 0.6951278088217414 0.6157937042723916 0.6951288552089556 0.6157943340558631 0.7528877821160155
62 0.6402325227164738 0.7381087578859248 0.6427311207667117 0.7919251038663631 0.4698918040681974 0.7999458271133136 0.46739434201481345 0.7461305635574608
63 0.676901271448628 0.7523201546646122 0.6934784848739355 0.8072191286498986 0.5899817417291615 0.8384637575153919 0.5734053697648278 0.7835655006631852
40 0.17691664374910943 0.5685657043154629 0.17468293307445037 0.5389659968183794 0.34998542778987485 0.5257369876903764 0.35221953645032045 0.5553362659377794
39 0.3543358990110619 0.5588815670045515 0.35358955279298243 0.5918532233188571 0.15869683110736332 0.5874406116423985 0.15944372513547478 0.5544695359470152
38 0.3611361549440062 0.6283274734375002 0.12156142123546942 0.6283274734375002 0.12156226985655394 0.592164740625 0.36113538518986843 0.592164740625
37 0.336913155976049 0.6272442053586669 0.3390020763964685 0.6619800954875618 0.14614413039953433 0.6735743730691731 0.1440559089467115 0.6388391448922798
36 0.1737550498244218 0.720217554544072 0.16713912895772864 0.681260076323586 0.36490123175701683 0.6476780955225587 0.37151780016927205 0.6866347743065713
34 0.20472909048669408 0.7825669828244249 0.19319765709644798 0.7214569482666976 0.3920925336670962 0.6839297174974123 0.40362502426569336 0.745038400662753
33 0.2467050211661217 0.8307841251205744 0.23803357597228114 0.7702721497285161 0.42113710329817877 0.7440365525028879 0.42980966071877447 0.8045471961898425
64 0.44334884082036297 0.8071445535603184 0.4439219983481735 0.8587140724797583 0.325008676665675 0.8600341610910163 0.3244363066776259 0.8084654221575992
41 0.3510534498856259 0.49443302004509393 0.35601656122048553 0.5203747995583506 0.17520643368527544 0.554962577322579 0.17024375678408887 0.529021180324414
42 0.29547471093746935 0.5022601703124582 0.2954747110397875 0.5017579107942954 0.2972493344091163 0.5017579110806369 0.2972493343750102 0.5022601705306432
44 0.1230147087695741 0.5255474935595129 0.1099308042089433 0.4764607941540739 0.3538331129608423 0.41145173574095156 0.36691758422432486 0.46053757993623257
45 0.14290165106945096 0.44821165710507826 0.13713073011831511 0.3972309837721182 0.33883062370603056 0.374399176687728 0.3446021107370143 0.4253791930042234
46 0.3844037196639647 0.36160494580056557 0.3672226816958073 0.4119621649684765 0.16340777603568313 0.3424254015325943 0.18058909698663683 0.292068779951703
48 0.4121410443934792 0.2799648715216294 0.39242095146983047 0.3606444693301996 0.18571129511349227 0.3101196738566186 0.20543188947135604 0.22944087542370736
49 0.4327470693773421 0.20747191462054784 0.4284542790582009 0.27573328871831615 0.2409592177189097 0.2639415976575657 0.2452524359543986 0.19568070050116737
50 0.4511742965650001 0.14602686686788643 0.4544782495022446 0.20147525270148792 0.3362465385091582 0.20851989893828723 0.3329427729904637 0.15307169619660643