55 0.46185523339465817 0.2877970454413262 0.5109763612026654 0.2872724547458087 0.5134289466867585 0.5169151064635304 0.4643078189415064 0.5174396896657978
56 0.4642952816191155 0.5025778917087249 0.428307262099338 0.5037095469856245 0.4204966276433879 0.25531843348944594 0.45648356838182735 0.2541867956805471
53 0.3838687891504833 0.21995397471280484 0.42836893371770657 0.22059512410307006 0.4242289144077631 0.507930302863735 0.37972877004403927 0.5072891640236135
52 0.3442769659930036 0.2480315602564858 0.3968554468964385 0.25051160048050203 0.3850764326796252 0.5002251914012527 0.3324979532787893 0.49774518636570153
51 0.3014955218417299 0.27127014658494525 0.3472404866280385 0.2744277764483139 0.3323961905998658 0.4894704875140991 0.2866512295896655 0.4863128969586433
47 0.27254438825127636 0.33206228841981345 0.25680741072130786 0.33484592866917706 0.24320099163674058 0.25792551195070573 0.25893786056394674 0.2551418815701737
35 0.21648599950572134 0.30891882076627175 0.20430914896417107 0.3087273616287967 0.20542703546925623 0.23763366802696886 0.21760381247224814 0.23782512657845808
0 0.17363256725741394 0.3341482858593439 0.10809111026355822 0.3108536106796893 0.16188520179218813 0.15950412825089028 0.22742592656129546 0.18279865916449825
57 0.5597299926214419 0.5200968718804487 0.5124748765994127 0.5198396879920956 0.5137028297002644 0.2943653860341765 0.5609565878822877 0.29462256616185506
43 0.5980374041124605 0.49569836935379175 0.5660856032631045 0.49640759168006077 0.560926663927944 0.26397961947802445 0.5928775896735488 0.2632704069852127
54 0.6424854423053148 0.48530720438075925 0.602378489495095 0.48544074246731517 0.6015076766997254 0.22370348975287024 0.6416134831847558 0.22356995358880147
59 0.6875883408115442 0.47596809459494055 0.6446390562193756 0.47950412565657674 0.6254809365539131 0.24680881942584942 0.6684291183142932 0.24327283409268813
60 0.726378378746972 0.4595066230549723 0.683820499161925 0.4632224668381692 0.6649600704957948 0.247214833680935 0.7075169624589535 0.2434990332331678
61 0.7828478688102223 0.4474105458991807 0.7230039570002873 0.44709098523406704 0.7242140006603677 0.22064260102830677 0.7840564244603456 0.22096215752608936
62 0.786496523752362 0.20023133017497713 0.8407271006432211 0.2016394087087787 0.8347950743761885 0.4300987473339131 0.7805644977568136 0.42869068438946256
63 0.8106307468286786 0.17759727634752331 0.8216080251116864 0.17315899883864636 0.8301636140231494 0.1943194901145406 0.819186337363135 0.19875776474956183
40 0.5267286564438791 0.6952011548881133 0.5003183956921475 0.6965397650838454 0.4921046147778725 0.5344980322135333 0.5185140731043703 0.5331594424171545
39 0.5203171005334752 0.5311675097359956 0.5530334638979184 0.5295982651371514 0.5621606005740887 0.7198642338301193 0.5294442393205827 0.7214334500719433
38 0.5516024274962774 0.5245803220371928 0.5917707482758487 0.5200333616456312 0.6165914095498692 0.7392771429455783 0.5764231050570743 0.7438240067772228
37 0.591461861858761 0.5215052111608507 0.6329716680049842 0.517359175794411 0.6556480789076886 0.7443686468366238 0.614138285849549 0.7485145917703283
36 0.6329368567622851 0.5143824476019255 0.6754064176794827 0.5083730813789098 0.7071725400650166 0.7328475078575005 0.6647030061330952 0.7388567459307093
34 0.7804390270927115 0.7106453161571852 0.7148814148887368 0.7227259853248796 0.6737411733303134 0.49949161368608436 0.7392961813990269 0.4874111864248739
33 0.847200724045706 0.683295463828281 0.7804334408991735 0.6959675064276676 0.7377934712857268 0.4713211176270766 0.8045582437501935 0.45864931351186655
64 0.9259189525679403 0.6107430281097235 0.8529697760362751 0.6430562940442754 0.7842784320092733 0.48799406622450203 0.8572258181744701 0.45568125638069923
41 0.46509291875000003 0.5332741796875 0.49321948750000005 0.5332741796875 0.49321948750000005 0.7054126000000001 0.46509291875000003 0.7054126000000001
42 0.4630838485500135 0.5332739142834431 0.46308436180356694 0.7222716415726957 0.43093917139401583 0.722271398050299 0.43093924037941633 0.5332742551341066
44 0.3945626244006917 0.5247082701276629 0.4329750168525379 0.5271788193826796 0.4188341238129851 0.7470180960853793 0.380421736439871 0.7445475994442828
45 0.35478246017828496 0.5298495446420365 0.39663685684035954 0.5345873732562854 0.3714179560821549 0.7573473661289475 0.32956357744660636 0.7526096414154014
46 0.3228623815066385 0.7440607985513719 0.2815058237569019 0.7379923095047797 0.3138611591185736 0.5175277195793428 0.35521598111745334 0.5235960794976442
48 0.24875523700416124 0.49960380577200053 0.3143131418125904 0.5112719377778859 0.27396470808491813 0.737946818780588 0.20840687039640216 0.7262789392014014
49 0.18372880574838746 0.4756481403261126 0.24978509106529145 0.4878350304665372 0.20870725814643265 0.7104659949784825 0.14265104145056284 0.6982793534981349
50 0.0971248621004861 0.6366791416409515 0.035681084627867676 0.5521078041798624 0.14756952706443371 0.4708250418455888 0.20901297657337636 0.5553954110305931