55 0.39285275347572224 0.504119611399057 0.3940289435267914 0.46050239908310087 0.6295842777069538 0.4668524323125121 0.6284088671740165 0.5104688789734233
56 0.6237352866444326 0.4370699079837552 0.6202928134672447 0.475842502782582 0.4139714981238285 0.45752332530684814 0.4174144649748541 0.41875127220195413
53 0.6651117869365635 0.37808039025900514 0.6660273002989925 0.41795579975976127 0.4165817686803166 0.4236806284544249 0.4156668754030761 0.3838058382010856
52 0.6327443628749734 0.34488103728629094 0.6324973098681994 0.3820411194006672 0.4230807485743071 0.38064712593024197 0.423328227586353 0.34348744697866335
51 0.6260037024924259 0.31104942944742675 0.6246210309163871 0.3476960423757199 0.41915191328769197 0.3399425596428456 0.42053494350841447 0.3032963045237655
47 0.6339289629909217 0.24959149551432733 0.6331648132339751 0.3049646960091952 0.42043069912517694 0.30202772452002796 0.4211953353365061 0.24665499986914055
35 0.606921030538274 0.223003515625 0.584738242338176 0.223003515625 0.5847382437500528 0.22149673593750005 0.6069210296875553 0.22149673593750005
0 0.5606221142959384 0.2014494115913098 0.5660565440168739 0.15756235774058944 0.6788359980043879 0.17152733782651683 0.6734017248300006 0.2154142483696454
57 0.39693058506998113 0.5572198637549152 0.3951730611372568 0.5121889024398892 0.6437701489428491 0.5024852130030787 0.6455285403339985 0.5475152632316037
43 0.6275698208020231 0.5526869584456275 0.6285100692241485 0.5867172868488115 0.4061029301966528 0.5928587207671939 0.405163358394816 0.558829032291444
54 0.4037264057739094 0.635359043647189 0.40372700497971437 0.5941735121889098 0.646849885516076 0.5941749538912149 0.646850224095374 0.6353595387261124
59 0.41351383827395694 0.6752397443460416 0.4113697853507574 0.6405985998119078 0.6229060725499949 0.6275061572626851 0.6250508043111722 0.6621465569277005
60 0.4189889815472725 0.7112544958998088 0.4166418637261131 0.6768303160370774 0.6149225338996303 0.6633113986190282 0.617270315006067 0.6977348584633841
61 0.4266521210663541 0.7649609832981787 0.4256615457738917 0.7106697801291726 0.6214165699230989 0.7070971887647638 0.6224083143982853 0.7613871979092387
62 0.44897904685649337 0.8216977426347741 0.4489798451143088 0.7669507876786751 0.6699198432321509 0.7669518480451791 0.6699205047251553 0.8216973409154432
63 0.5842766871846834 0.8524067692696958 0.5769708544216883 0.8050891362151779 0.6918144621503188 0.7873605570092329 0.6991208516370762 0.8346774973992737
40 0.3788818957590365 0.4962329414274463 0.3788820838541369 0.523857331250408 0.24489793343502697 0.523857476609772 0.24489803325127468 0.4962333774422589
39 0.3797695010071038 0.5600200906250001 0.24578515451753447 0.5600200906250002 0.24578553846833984 0.5283776999999998 0.37976918196045517 0.5283777
38 0.38420609368063197 0.5981918640625 0.20940533450504972 0.5981918640625 0.2094059934526058 0.562531390625 0.38420565006117613 0.5625313906250001
37 0.3857733951404043 0.6002599977036971 0.38944802375726795 0.6383347977062411 0.213541263635193 0.6553080043889129 0.20986733096094667 0.6172338511680512
36 0.4028857014889127 0.6413835800481706 0.4047865258951333 0.6799861486310697 0.1928832790387105 0.6904167900329741 0.1909833262424172 0.6518150706680492
34 0.21081795265342862 0.7771154344492155 0.19960500425781902 0.7117063657468745 0.4118406482349428 0.6753268123814581 0.4230548274040302 0.7407343577570584
33 0.26353149999999914 0.8302360625000097 0.26353150016905147 0.8297338013258629 0.2653061219314168 0.829733801799163 0.2653061218750281 0.8302360628606265
64 0.31387445101916 0.9313490311605175 0.2718992617975573 0.8619929113500648 0.39196693335134114 0.7893430785376517 0.43394203540151466 0.8586979113979819
41 0.24667258281249999 0.46509291875000003 0.3788819875 0.46509291875000003 0.3788819875 0.4942240078125 0.24667258281249999 0.4942240078125
42 0.3877550680696231 0.4304368630908685 0.38775527172902 0.4605725553125407 0.24667253667576006 0.46057269636319514 0.24667262165905868 0.4304372931243183
44 0.3950280004862634 0.39056194204092526 0.39454135999631035 0.4275477252846174 0.19930686381087526 0.42497787668970866 0.19979394594520272 0.38799255576026176
45 0.39532568541642377 0.3535036100491069 0.3937506134625437 0.3889859766511553 0.2027972644006013 0.3805087138871118 0.2043726965944188 0.3450267305557134
46 0.19415204889014603 0.33144159082360514 0.19828930616370144 0.2941317939139034 0.40981647687522127 0.31758617546521944 0.4056796485634777 0.35489558514473707
48 0.41427592671050206 0.2578815804243753 0.4024713631712302 0.31836085528858243 0.20326873471617546 0.27947966818294195 0.2150736743917605 0.21900091204220923
49 0.2644188109375136 0.16172777499997584 0.26541004013949987 0.16056035660373635 0.26895928506394284 0.16357391796446621 0.26796805600497464 0.1647413362260428
50 0.43034597591349666 0.09643389251963277 0.4303461137241129 0.17629334821098538 0.28660151030783254 0.1762932460244812 0.2866016065073609 0.09643401255101204