55 0.5277149409868116 0.49748182917966205 0.5245563042867616 0.5402686119855297 0.2738464366206017 0.5217590043380087 0.2770058417978589 0.47897304811290903
56 0.2684755146071893 0.5450582085940744 0.2726056412931257 0.5119720927622584 0.5121559204441155 0.5418703036139073 0.5080265219476132 0.574955761917495
53 0.24817820245971234 0.59387255459022 0.25062157157117326 0.5541791716590558 0.5140513013305963 0.5703907737166566 0.5116089152248833 0.6100832207307293
52 0.27952208215936025 0.6293186376768919 0.2813804773903712 0.5970992682910156 0.5008011423648213 0.6097519814366661 0.498943451233572 0.6419706810461626
51 0.4805776859192292 0.6416115278326472 0.4790813447217488 0.6687124339334497 0.26992500942378683 0.6571632234176907 0.271421878729484 0.6300628800962763
47 0.2521901087416154 0.7255522081466572 0.2561609332122998 0.657770343374696 0.4707512416961208 0.670337545452036 0.4667820459625318 0.7381178928884399
35 0.29998329949989966 0.7440332391194548 0.2999071369831654 0.7491473512436295 0.25369488446892774 0.7484591382642374 0.2537710734376333 0.7433450531249783
0 0.30140394874706544 0.7718044445955975 0.2860633321988644 0.8243575343702688 0.17450649267652807 0.7917982421691726 0.1898475367854644 0.7392458715269726
57 0.535721196880786 0.4528248654111429 0.5364102587593607 0.4953785127562535 0.29504296269738006 0.4992842583185661 0.2943546565243196 0.4567313600209095
43 0.5304034096376427 0.42164694210007503 0.5307773918218572 0.45177900177316627 0.2877783516356658 0.4547926437180301 0.28740486368212714 0.42466107508125994
54 0.538052293032365 0.3819109736411773 0.5392430258289096 0.4176517212877637 0.29082015974825026 0.4259255338396604 0.2896299901887005 0.39018533056448634
59 0.5264727897704233 0.34932180469149615 0.5276162590390641 0.38192008798145566 0.30673578660162093 0.3896661855783645 0.3055927360255737 0.35706830936810385
60 0.3059695871028225 0.36086914217619936 0.3036465941491997 0.3259835468886225 0.5007764983304241 0.3128565549959145 0.5030998190578657 0.34774179238115777
61 0.27998081001635455 0.3184205360655885 0.27837747430646687 0.2560897706993125 0.4868477390662065 0.25072663639002996 0.48845162661041286 0.3130568504392402
62 0.25884491403508036 0.28956150996244556 0.2470126460279971 0.23299907004981818 0.45535632174176044 0.18941583790390076 0.4671889109744143 0.24597785225029664
63 0.21579955959521158 0.2514033918624984 0.1980548351430116 0.19633190253514182 0.30170644695226656 0.16293444112560834 0.3194512710665549 0.2180057354995615
40 0.5509592669253607 0.48616194153213604 0.551141778358442 0.46075095347472245 0.7436674233675831 0.4621326233558916 0.7434852680049744 0.4875432533437164
39 0.7522150772327905 0.43933254890285944 0.7510772185521546 0.4671955394081148 0.5495217447355571 0.45896322342249496 0.5506599716313758 0.43110060865251665
38 0.7885405643843342 0.40021835341506723 0.7867968735707791 0.4407887670498459 0.5448779988595334 0.4303891985820146 0.5466222840472028 0.38981937463229344
37 0.5865128656249999 0.35308890000000004 0.788819875 0.35308890000000004 0.788819875 0.39126067343750004 0.5865128656249999 0.39126067343750004
36 0.5596062836621059 0.3797549085643675 0.5474390674944516 0.33960322824330774 0.7537302381031168 0.27709196128763364 0.7658976920224632 0.3172431872964304
34 0.5292167539199681 0.3363495186651951 0.5176189421957815 0.2680525075983491 0.7485362153202004 0.2288397755504359 0.760134563401266 0.29713605439156876
33 0.7085313570486278 0.1755767711284217 0.7165761912257267 0.24146464195839004 0.49462616426535533 0.26856275880348973 0.48658186554405347 0.202675334510983
64 0.5231660127353734 0.19414200004320548 0.5204077528929929 0.1421631205600862 0.6472292682148009 0.13543326544057802 0.6499876844367236 0.1874119792338037
41 0.5428919744753102 0.5143385815514174 0.543313566633401 0.48605955249480126 0.7331707677525401 0.48888891941020124 0.732749592679852 0.5171675266453027
42 0.7490252030487454 0.5174684609994497 0.7481851745524182 0.5511366266853953 0.529293099606889 0.5456731338337993 0.5301337097339456 0.5120055503635517
44 0.5330464230901271 0.5781166714981363 0.5369707179368106 0.535760193645127 0.7718602799463952 0.5575186685396013 0.7679369201230202 0.5998742750387791
45 0.7639866412472429 0.6050712814311002 0.7591011081173065 0.6420635718688205 0.527921271454943 0.611532449971993 0.5328074779580447 0.5745409558768033
46 0.7531780688610752 0.6551650557229788 0.7435879691483933 0.700342599962597 0.5231293283472951 0.6535474128743474 0.532720163713293 0.6083708551708771
48 0.49586923838080565 0.7217138129347793 0.5084201685165226 0.6500219800650454 0.7459196570646327 0.6915931784316637 0.7333708407820723 0.7632831115269118
49 0.46679717924325814 0.7908233015187685 0.4778612971937264 0.7196728244896502 0.6871545335717428 0.7522118735543475 0.6760924086959221 0.8233605461831452
50 0.50274816833371 0.8619893411358298 0.4936029088410123 0.8081427504064466 0.6126188124852661 0.787932907865214 0.6217647137812037 0.8417786796037994