63 0.48562623384009385 0.5206713383824543 0.4863909220612186 0.4707419184032377 0.7121299271132102 0.4741976603068985 0.7113661072256718 0.5241262112859599
62 0.4813777837498492 0.4698923027025767 0.48351492587698885 0.4279567164632188 0.7494864895862747 0.4415086279040893 0.7473501609288178 0.48344342614660196
61 0.7960038311287008 0.3839356133819198 0.7952518673793065 0.4351296170063562 0.4769965886940781 0.4304511938721063 0.47774954579244877 0.3792581692561892
60 0.7200559299158158 0.3375302741369824 0.7186892338773987 0.3882461725703318 0.49681907153978955 0.3822657901662315 0.4981863630191583 0.33155050515715184
59 0.4976573450056776 0.3292544679790332 0.5000823031963364 0.28886909727860904 0.7292506084037313 0.30262822912751525 0.7268261209399043 0.343013150933121
54 0.5115295049600945 0.28656541820846265 0.5201261865712468 0.20946786532965722 0.7617486533141573 0.23640842287563316 0.7531527807240082 0.31350524475534564
43 0.5602451527879566 0.2140777663381588 0.5734117580968814 0.14733250964045158 0.7928308711705085 0.19061571820596399 0.7796647968871184 0.25736049878046996
0 0.6672581025445652 0.19437469660927703 0.6672582465790811 0.14213959087345787 0.8598047531068005 0.14213975528818665 0.8598048655219372 0.1943746087751784
64 0.4725349885218293 0.5667306494596863 0.474548115959351 0.5180355493870061 0.6971729161798521 0.5272367513248831 0.6951607302236198 0.5759309452997665
33 0.4696938920382081 0.6091824444079558 0.46882518786333094 0.5680188182447039 0.7144472956088066 0.5628342154651932 0.7153168835418455 0.6039969071652118
34 0.45868885672814486 0.6543480516836963 0.4587993515647213 0.6100787579532791 0.7578604463309375 0.6108216657253446 0.7577512340685644 0.6550896697801633
35 0.4779330578982126 0.6973901156334091 0.47510443555245274 0.6507435599888018 0.6988316601028828 0.6371767295588733 0.7016612777700857 0.6838222162000529
36 0.4878742558654494 0.7408084442047663 0.4834584342256676 0.6986336750918621 0.7166242306881259 0.6742220112390405 0.7210409898879107 0.7163957048258305
37 0.5125428367078939 0.8020132751797827 0.5072901192265817 0.7359292064566086 0.7278123831176799 0.7184024406547387 0.733066641200594 0.7844847858684076
38 0.7639698953096286 0.8106211874606079 0.7640213171425785 0.8157931976726532 0.7027878681449238 0.8164016446228541 0.702736485933201 0.8112296737195374
48 0.47278005485225094 0.5242041594638204 0.4732980234792876 0.5562114050607848 0.3010581491270159 0.5589971597617287 0.30054064214118625 0.5269903732372675
47 0.47192013572305314 0.5574295507608822 0.47277819594853554 0.59454640876938 0.27749932904850994 0.5990584480159931 0.27664192051122427 0.5619422304699423
46 0.21320373610808474 0.6478452820167412 0.21126787194100416 0.6015320976372138 0.4721583933747979 0.5906251668355571 0.4740953491683513 0.6369372340116582
45 0.45508652526427795 0.63876566356131 0.4578286971880061 0.6807379822751642 0.23792560574258914 0.6951003544170015 0.2351844276133761 0.6531289853788602
42 0.264214911176623 0.793888495351909 0.24844668430546335 0.7240405426652683 0.4773792250009592 0.672364801241607 0.4931487465440796 0.7422109595930045
41 0.30876220953803113 0.860160321891226 0.2920448921083789 0.7906525663222183 0.5127493795459941 0.7375794848722631 0.5294679907311775 0.8070852993481759
40 0.5481537862738151 0.8872306586035943 0.37585710483710955 0.9028367199662714 0.36898074033626926 0.8269151026289893 0.54127400745881 0.8113091969456245
49 0.4723085441089552 0.49047177252175866 0.4748915101976081 0.5224077493231829 0.2920757874252331 0.5371912362982856 0.2894933129914534 0.5052557239129405
50 0.27874571888332866 0.4965113870205959 0.27809826133682236 0.4575808283293333 0.46813050768594167 0.45441955422900754 0.46877849322186194 0.4933495759060248
51 0.47444497309140843 0.40569094170811015 0.476113603696831 0.4538201095694155 0.23811277074594273 0.4620690988535464 0.23644492277128393 0.41394070657827625
52 0.4749791522940541 0.35198696291436554 0.47602900133210824 0.40064594077181137 0.24280676163152748 0.40567589759234296 0.24175758198748554 0.357017588288086
56 0.5052267195991362 0.27834255609193026 0.48595071874524365 0.35990529146181194 0.2672116388732775 0.3082099926381168 0.28648818439558 0.22664810663470128
55 0.5394639966451678 0.2122097535097618 0.5175972747946389 0.28495643603021453 0.3042522130299403 0.22082762433492717 0.32611922690318806 0.14808149113344218
57 0.5566043879100562 0.13149565454104634 0.5526539842926468 0.20428143922815248 0.3681757224668445 0.19426855126309187 0.37212643852762994 0.12148312380326823