55 0.24253005886043866 0.5457287502237471 0.24168161378656805 0.5014592172322551 0.5123174335608383 0.4962702730561967 0.5131668126622344 0.540538857297882
56 0.2517637333480707 0.5716606090677409 0.25271985556344134 0.5362162141631349 0.5090472266271036 0.5431275307621427 0.5080918959826022 0.5785711598051037
53 0.23501320735681475 0.6185502278666805 0.23546175584374396 0.575904617514952 0.5175211349701385 0.5788682689390346 0.5170736962588762 0.6215127659718129
52 0.24663036578078845 0.6594354488681354 0.2467180429320024 0.6209046212705494 0.5129276850351516 0.6215067011090604 0.5128410103621945 0.6600365540974984
51 0.25325373004079665 0.6878232162419226 0.2546668287953935 0.6528998864241533 0.5014632896705962 0.6628814301924006 0.5000511107463126 0.6978038894810142
47 0.4924120958412459 0.6990857559174428 0.4893866944784122 0.7643056287410724 0.2721357090665606 0.7542261720351561 0.2751625976023888 0.6890078694924617
35 0.4735148580907662 0.7668562230432753 0.4652630577079435 0.832451817187927 0.25905923726043056 0.8065134553910425 0.26731242231824126 0.7409194968256352
0 0.36886801087575805 0.8152843024859359 0.35489450481009044 0.8695868227748852 0.19287815888833393 0.827902147097452 0.20685240066620736 0.7736007617158004
57 0.2593601079047403 0.49232723849956317 0.2602837466748724 0.4466752152400533 0.5159886117327233 0.45184646452770166 0.5150658303602995 0.4974976434742512
43 0.24163044552869906 0.44146528699548415 0.24368194536816645 0.40410485622466247 0.4954705610985002 0.41792829779341023 0.4934197099643143 0.45528811210122416
54 0.5173967962105053 0.3749836849032365 0.5152974134142596 0.41839247358296805 0.22549668063027184 0.40437490211733035 0.22759676877581114 0.3609668848725751
59 0.5036113062424192 0.33451791290764166 0.5044079720333912 0.3701430317839884 0.25260440796421335 0.3757716481605738 0.251808236458146 0.3401470019153594
60 0.2328485944917702 0.34177402394752626 0.2314792178353855 0.30402483526932556 0.49627810501760905 0.29441777215981774 0.49764794952670854 0.33216648487345457
61 0.4854657422282571 0.2244917361315461 0.4910310652790031 0.29453448230977786 0.2691270862754891 0.3121644677531397 0.263562444109084 0.24212236741144383
62 0.24155773726681673 0.25256073365827947 0.23231043117743866 0.18394479454757606 0.447167445394939 0.15498836532486135 0.4564151572967603 0.2236038771812013
63 0.3404802111782601 0.11978058840565754 0.3547991620223456 0.1802436651356919 0.18217015774291667 0.2211250322563877 0.16785152759632638 0.160662232481465
40 0.7020716377550116 0.4734787757974029 0.7008706361220902 0.4975275588321695 0.5246597556731558 0.4887268481583534 0.5258610507553385 0.4646783741500486
39 0.7095542942556676 0.4588389350334834 0.7040725505656837 0.49130973913718506 0.5138934380985347 0.459204032587688 0.5193755284990402 0.42673365696548393
38 0.7885996101679211 0.3926535931895973 0.7894300659352211 0.43663632571002353 0.5362095424388826 0.4414149501103192 0.5353798059301198 0.3974329308035055
37 0.7520802596835665 0.34355730182842104 0.7566003067803422 0.38126811304811903 0.5413351774269586 0.4070672419156793 0.5368156439486711 0.36935689564680896
36 0.7862788152079929 0.29763300409591026 0.7915149667181822 0.336793706644206 0.5294205961117768 0.37183477826596795 0.524185023092059 0.3326745839633642
34 0.5157289072344611 0.33863217834468906 0.49794258148517656 0.26269625923652934 0.7489149597619189 0.20391241290489995 0.7667018061465569 0.27984740006264786
33 0.6751569092502905 0.1736687788100403 0.6753311122862442 0.1748997781532624 0.6708422937696241 0.17553500033008296 0.6706680908985163 0.17430400113512495
64 0.6156840559104921 0.06711634487347322 0.652968147200113 0.14196498489398407 0.5051400691872914 0.21560123947652354 0.4678562743824841 0.14075284906462696
41 0.7079842674518204 0.48690326089235114 0.7083726972136901 0.5119213003104988 0.528929393913586 0.5147056482188966 0.5285413111733988 0.48968794808278454
42 0.7112027087555362 0.4977845800265733 0.7148701471699042 0.5323913103321635 0.527182210500996 0.5522779301278865 0.523515339664641 0.5176717138971836
44 0.5322387384845797 0.5759335094921837 0.5378708905002441 0.523434520268985 0.7866307196375146 0.5501169638227351 0.780999796157289 0.602614836010442
45 0.795540143129756 0.6049428390761927 0.7915789502631014 0.6416835633285638 0.5457681545768764 0.6151807798137608 0.5497300900491382 0.5784408732041305
46 0.7845966151215862 0.6538938150523398 0.7776283200953458 0.6941818385018756 0.5318961637054826 0.6516816712984287 0.5388652407551717 0.6113946485527347
48 0.772739029651234 0.7100406539729378 0.7515336170030196 0.7906035959193976 0.5060402019062167 0.7259912255523087 0.5272470630400221 0.6454304380320407
49 0.7206252563412363 0.7641688985794182 0.7083466182723441 0.839447917578076 0.4859351260625999 0.8031739495845177 0.49821537861578236 0.72789697345508
50 0.5025443744922313 0.8128537456089959 0.6408593438993648 0.8049732153147849 0.6470446106035297 0.9135102433249639 0.5087296528132583 0.9213906612827346