55 0.3392493047555263 0.5101744747198268 0.3406844959722548 0.4689990968495068 0.5706909785312746 0.47701356732663186 0.5692565231801154 0.5181882489295813
56 0.3395599272448635 0.5391923651083873 0.34189959508989887 0.5054462166451513 0.5672034921487921 0.5210636283139086 0.5648644762529784 0.554809170022026
53 0.5581186983647513 0.5529881078127596 0.558119162345065 0.5941737151393508 0.3176573590224052 0.594173892109546 0.31765775918665895 0.5529891696993814
52 0.33742592079204314 0.6390914229157785 0.3362832701767502 0.6010018519809618 0.5477849334527036 0.5946558994813792 0.5489283194615382 0.6327447158605104
51 0.5513357656540165 0.6322512953916978 0.5526279074816784 0.6733128298768456 0.3299902632552403 0.6803149182001405 0.3286990609858549 0.6392542909989524
47 0.3379959176935472 0.7374490637682201 0.33857852059736615 0.6692199930846291 0.5461801520599465 0.6709906955202707 0.5455990834998374 0.739218255555875
35 0.5321762092913787 0.7421204492422065 0.5281440292386606 0.8002982540556978 0.3143710698831228 0.7854817666771396 0.31840458906424374 0.7273054345918655
0 0.5245114817756757 0.8032090768276823 0.5186223575831264 0.8515549791973124 0.30853960979891326 0.8259665057858138 0.3144298155773413 0.777621886226283
57 0.5704153460333146 0.44143620307075065 0.5707786388494469 0.4763609619815303 0.3312456613911081 0.47884999976068077 0.3308829592101574 0.4439258170518279
43 0.3428021440716975 0.4426730430162398 0.3423232522860644 0.4143141705373973 0.565717494888645 0.4105406072294037 0.5661967917275206 0.43889906415015667
54 0.5649610339811488 0.3792050092061038 0.5617484743694376 0.4174671225463157 0.30610858678733166 0.3960020957706977 0.3093216679599209 0.35774057769771617
59 0.5582578152193491 0.3401602117157943 0.5578067652031677 0.3739851866147627 0.3421745769636573 0.3711083458607701 0.3426260161022583 0.33728376002120625
60 0.5582309006287005 0.3029264144922649 0.5580246285212525 0.33981042549448687 0.35830686373174103 0.33869257527268376 0.3585134931952325 0.3018089383134828
61 0.5591907896414341 0.2444358332270224 0.5583237743624068 0.30419232776488914 0.3658611086578958 0.30139891394144663 0.36672859354086995 0.24164289538250677
62 0.35408259923110563 0.229067297123468 0.35361919789761487 0.21842396200899122 0.4362885822935141 0.2148245773928991 0.4367520120027848 0.2254678822417709
63 0.31173781502695874 0.2122319100611719 0.3064419408052572 0.16336994339698507 0.5356100742454828 0.13853124010444615 0.5409062152098159 0.18739292425489396
40 0.752359722890219 0.4473401893273784 0.7529062067658288 0.4724226230810404 0.5990256384410486 0.47577408039643904 0.5984794317374735 0.4506919170203973
39 0.7835974211035364 0.4256682396982654 0.7830371863465189 0.4520120969981155 0.5969246957617997 0.44805289772016554 0.5974852499215331 0.42170935816831595
38 0.8276442917072018 0.38081077088775483 0.8288907421749627 0.4148248618367613 0.601955353840367 0.4231384774123398 0.6007093917361317 0.3891248458804258
37 0.8187448755807054 0.34011948726754504 0.8207379078273789 0.37637325701139684 0.6029276058535515 0.38834504835517075 0.6009350316008977 0.35209170181136484
36 0.8076912264301654 0.29926006516810755 0.8104031154019822 0.33737107238289976 0.6006949045115562 0.35229155975333143 0.5979834360974792 0.31418094139470315
34 0.8075650381192645 0.21344770436081198 0.8203902752526346 0.2764597077741065 0.6001179167740247 0.32129095451957845 0.5872933427928047 0.2582795358834222
33 0.7803165673450394 0.15722340340488727 0.7935362090281615 0.21560685426597867 0.5862065764245017 0.2625505678716827 0.5729873910952392 0.20416751225480703
64 0.7176641010662479 0.11579353375952303 0.7289740482980278 0.17084965436342855 0.5652309337566521 0.20448601218870882 0.5539212431698388 0.14943011546567422
41 0.7761524320739 0.4678972498894893 0.77735083147968 0.4959354426315658 0.5958762790920673 0.503689751629622 0.594678270705117 0.4756519260016254
42 0.784969427609326 0.5061343054173473 0.7835154457504814 0.5363948271566249 0.5901898282287448 0.5271046523562901 0.591644247280783 0.4968445837937826
44 0.5774997849989632 0.5669318873446565 0.5777163303022235 0.5282639661548015 0.7925593080861972 0.5294658297014094 0.7923434608376283 0.5681330385110035
45 0.5851186962588599 0.6086646785320637 0.5881013641511572 0.5647685255335666 0.7993977557163134 0.5791227928057959 0.7964159808982458 0.6230180990518267
46 0.5822913760629262 0.6468356574811597 0.5898042699715234 0.6051311020614962 0.822931340597961 0.6471206673318581 0.8154195482784417 0.6888242496982973
48 0.5660905238378291 0.7232361709024441 0.5803354983912641 0.6482271919104151 0.7920656555784262 0.6884298854116676 0.7778226587699919 0.7634371161050217
49 0.5425547830451478 0.7832276687191468 0.5615568863712497 0.7151615317658545 0.7668342961065946 0.772458034777462 0.7478342134910463 0.8405224263761328
50 0.5191261064055652 0.8279685325777105 0.5607165018986962 0.7661567760279206 0.6825277880244585 0.8481013553224435 0.640938701600021 0.9099119524479927