55 0.5143725366657463 0.4793276009518087 0.5136093721313273 0.5292577113492503 0.2878699043277493 0.5258053855791462 0.2886339168229597 0.4758761463733282
56 0.5186214851393061 0.5301061301812774 0.5164856178427044 0.5720423689958753 0.25051310274079697 0.558494052567835 0.2526498435228177 0.516558748799133
53 0.20399597616813026 0.6160625348900157 0.20474987902446173 0.5648679329517396 0.5230031171447536 0.5695499605585078 0.5222507090219324 0.6207431057508944
52 0.2799436975564049 0.6624687669142397 0.2813116173404069 0.6117524611377287 0.5031805674634597 0.6177344644529724 0.5018137784916235 0.668449651561449
51 0.502342367171309 0.6707448274338635 0.4999181638982009 0.7111306590274281 0.2707490944702613 0.6973733842159217 0.2731742003376212 0.6569885223980382
47 0.48847023842699855 0.713433663591728 0.47987443464910484 0.7905316622644716 0.2382504957764695 0.7635929416169884 0.24684813736791966 0.6864970665183083
35 0.4397552960091389 0.7859208960291904 0.42658786864512876 0.85266683047905 0.20716803198206435 0.8093853241466051 0.22033680558058677 0.7426412172314658
0 0.33274129332210123 0.8056251139581585 0.3327419983418167 0.8578604659055288 0.14019496875528148 0.8578600995105577 0.1401955392408354 0.8056260239310228
57 0.5274647046069276 0.433267837934444 0.52545338484083 0.4819636631679656 0.3028270805846205 0.4727667219053089 0.30483911432327204 0.4240716316619815
43 0.5303056208986163 0.39081623002644905 0.5311756408449355 0.43198031243792134 0.2855525889829096 0.43716949847825887 0.284683218740156 0.3960060736394622
54 0.5413100500910559 0.3456483823948556 0.5412019314550207 0.38991907081002253 0.2421398559346244 0.389185811913739 0.24224870990610725 0.34491585594354895
59 0.5220664941493851 0.30260962616631903 0.5248959613646775 0.34925601505281423 0.30116788399061534 0.3628247982339142 0.2983389716922602 0.31617892655963836
60 0.5121250563200874 0.2591894560013945 0.5165422637596748 0.3013651649235869 0.28337616938654264 0.32578340426770847 0.27895943885334873 0.2836081316820612
61 0.48745602357428197 0.1979850675042257 0.492710462052969 0.26406988392241226 0.27218757430227924 0.28160241484867915 0.26693370750876966 0.21551814731279562
62 0.23603009392707008 0.1893784633068811 0.2359787441185972 0.18420651936313368 0.29721215029906034 0.18359852541837907 0.29726350902024024 0.18877046024053507
40 0.5272197824125442 0.4757956857523114 0.5267023454724722 0.44378850923321267 0.6989417075717483 0.44100352026332945 0.6994595234110648 0.4730103043744179
39 0.5280797403904671 0.4425702152255655 0.5272224702993071 0.40545341325953965 0.7225004534907384 0.40094255267799556 0.7233581790966355 0.43805887932749615
38 0.7867958662692445 0.3521518403896747 0.7887337954671239 0.39846258439535964 0.5278418270505654 0.40937685283022995 0.525904625015869 0.3630667881305192
37 0.5449131163010179 0.3612341719299756 0.5421719204363171 0.31926190416522837 0.7620741207755373 0.30489993555935374 0.7648157521750818 0.3468717053856818
34 0.7357844247294452 0.2061097345729141 0.7515527874714962 0.2759555389293842 0.5226197147812854 0.32763672210785455 0.5068521083519499 0.2577915584892828
33 0.6912375282727226 0.1398379625227435 0.7079540675549651 0.20934353579366252 0.487249117907254 0.2624229153860265 0.470533135003393 0.19291782258793277
64 0.45184742782362264 0.11276993140612192 0.6241415737965781 0.09716073642719039 0.6310198202912716 0.17308244282518412 0.45872568048616813 0.18869161182901897
41 0.5276912932091591 0.5095279922181963 0.5251089343904596 0.4775921060386131 0.7079241803219247 0.4628097360394419 0.7105069327114961 0.49474517988738115
42 0.721253945246076 0.5034862965731965 0.7219028792958397 0.5424163820092437 0.5318697231821261 0.5455819836155248 0.5312213884425319 0.506652482861339
44 0.5255540869889046 0.5943077068864661 0.5238867679729537 0.5461790123053906 0.7618869905179508 0.5379332342241585 0.7635552612770198 0.5860609159977769
45 0.5250200114289783 0.6480120970085789 0.5239715580340771 0.5993535931848676 0.757193119003432 0.5943271079250501 0.7582426216805516 0.6429845254686931
48 0.4947725954905309 0.7216550490243876 0.5140541510700132 0.6400941936639829 0.7327884451358386 0.6917959882869795 0.7135091831743239 0.7733548406451337
49 0.4605356350571128 0.7877887852262376 0.4824084708676537 0.715043304356354 0.6957491263589191 0.7791771405722081 0.6738785732146653 0.8519206605807885
50 0.4433933330196851 0.8685033365080325 0.4473468689291167 0.7957177642306603 0.6318248286295329 0.80573513505304 0.6278730941825188 0.8785189743378201