55 0.367912255647866 0.5039857776281179 0.370287347296653 0.46902860110929323 0.5667046159209121 0.4823714123780262 0.5643300727056157 0.5173280793452454
56 0.38915138297693375 0.5324895954942156 0.3929970660745994 0.5009043625423419 0.5655132882201315 0.5219063756257862 0.5616680887326311 0.5534911725632009
53 0.5616679827460302 0.558512931896476 0.5616683767433415 0.5971872050833033 0.382431043384031 0.5971876000359194 0.38243125685482937 0.5585139472546128
51 0.3517528614256662 0.6564677173938687 0.35368615716083696 0.6251725635320449 0.5567571845388102 0.6377137035872578 0.5548245500078792 0.6690082455753188
47 0.3442765368002938 0.7343037497851518 0.34427767206352655 0.6715197516793846 0.5616679371332793 0.671522188351324 0.5616682704252298 0.7343047001081038
35 0.5057670642911489 0.7423381225343534 0.5138231848715122 0.7844848790281632 0.37432971859902864 0.8111417739311184 0.3662744001711644 0.7689957192767296
57 0.5689655077529778 0.4342481699252455 0.5700105977072099 0.4711601039176054 0.4086064222656205 0.4757285232501201 0.4075617550743118 0.43881699900693477
43 0.3927311696294282 0.4243422674074088 0.3935894694983517 0.3935220678509889 0.5729807484802905 0.3985168836174897 0.5721228054383118 0.42933673096853786
54 0.5498818806022427 0.3623877964582799 0.5512960828881432 0.3901413692528972 0.38292186755950297 0.39871972969413494 0.3815079491198503 0.37096643090436754
60 0.427846350856953 0.3273716215910633 0.42592758644082096 0.3009295613482819 0.5491015354180036 0.2919915038313232 0.5510204410079496 0.3184334058582689
61 0.5387575211545936 0.28633429792442633 0.37353340207096153 0.29816747887319944 0.3698253820850823 0.24638865568935772 0.5350488015625388 0.2345554999999996
62 0.5014218852735439 0.18065712354603666 0.5130085250988259 0.2235754045170093 0.3691728973907402 0.2624057528943931 0.3575865125001201 0.2194876953125308
40 0.6944125008924402 0.4603161744578906 0.694895649857358 0.4847717211645454 0.5867155512729596 0.48690829986778517 0.5862325967376592 0.46245294437988355
39 0.7163222516323913 0.4199051745329871 0.7190056717345215 0.4395425361864157 0.6008703057470939 0.45568410604088183 0.5981870588276479 0.43604690071348085
38 0.7324617619939318 0.3766321724952386 0.7363631138273377 0.4074135499309841 0.5958115367938035 0.4252260157910052 0.5919104783264402 0.3944449047436298
37 0.593833881222281 0.38304289831749716 0.5946690817263516 0.35550657912683714 0.7285299648641512 0.35956626559657545 0.7276949790284561 0.38710237015527205
36 0.7203926514314389 0.3183362311179012 0.720763938804339 0.3419367806975255 0.5865128656250818 0.34404821718753226 0.5861417403195901 0.3204478264152331
34 0.575865128124974 0.3124058265624635 0.5645519020785059 0.270587894175095 0.7220737968161757 0.2279732848942671 0.7333871939636083 0.26979092915507663
33 0.5599501822880484 0.2573038133383056 0.5472339507609831 0.20624690340297183 0.6851299530582082 0.17190282061390263 0.6978463413340705 0.2229594910573078
64 0.5299084516979065 0.1996576220148873 0.5246055832027423 0.15950744459334038 0.642566806433365 0.14392763523025376 0.6478697808296374 0.18407768615118095
41 0.7107364969341461 0.49070717468823133 0.7098966993770546 0.5208857620436956 0.601644430254737 0.5178729651158408 0.6024844718749591 0.4876946265624853
42 0.6104702750000115 0.5414364640624872 0.6104705522094491 0.5178296558110284 0.7524401079946301 0.5178307655355587 0.7524401007912047 0.5414373002789946
44 0.613049293936001 0.5790918956899084 0.6194837188929796 0.5412079930855075 0.7426297226427323 0.5621213392296402 0.7361957610808076 0.6000048315476765
45 0.7505199650382792 0.60329947138438 0.7484570205299406 0.6282054105405676 0.601423082483052 0.6160265084715332 0.6034863375045916 0.5911208983225955
46 0.5916802241670212 0.6642700213039392 0.6013256574459547 0.6266465617454791 0.7197410846617913 0.6570001676690632 0.710096190303716 0.6946231614109735
48 0.5824661492728183 0.7381297710404107 0.5923254913145684 0.6807306252780269 0.744292953944182 0.7068289514660491 0.7344347112111791 0.764227123721385
49 0.6787604951812227 0.7667265116093174 0.6675393449168041 0.8193964486038887 0.516002559839535 0.7871160530887019 0.5272244087191211 0.7344470687564197
50 0.6708068739620785 0.8086381446768205 0.6708075758222094 0.8608738152663807 0.5439218491679867 0.8608741768920073 0.5439219916796674 0.8086393550091038