63 0.6674020537332126 0.4689874752437136 0.6656250675358706 0.5139460248163915 0.3902002925204897 0.5030567563948192 0.3919781591670244 0.4580990808995443
62 0.6512130289690958 0.43248551592166323 0.6493700952692052 0.4699337998609213 0.3997034383044138 0.4576448652730473 0.4015469737659032 0.42019718592850547
61 0.6951066319149959 0.3771024397849067 0.6958111350160152 0.4193844765995793 0.4041502298873638 0.4242403184732654 0.40344649105065855 0.381958991895538
60 0.4133284738597922 0.38094270974600375 0.4143594821065335 0.34681323301633843 0.6716570667235828 0.3545841025159721 0.6706265649047509 0.3887130793029517
59 0.4306000587454264 0.3449641471439339 0.4338229299606837 0.30963097309955445 0.6835870507655954 0.3324110348058795 0.6803646748430765 0.3677437371380619
54 0.692481385019164 0.2683066801006668 0.6908501019995583 0.3263301824999315 0.44493656904137424 0.3194146138971447 0.44656847309204295 0.26139168582917693
43 0.47677641655297975 0.26695327927090323 0.47596794653179586 0.21027259843040647 0.6754073050160514 0.20742772886881627 0.6762161818638788 0.26410794855570935
0 0.5236405671171269 0.21400479694934135 0.5422001289736045 0.1435734219118785 0.7420877193071647 0.19624562305791288 0.7235287074079224 0.26667650468920023
64 0.6440803882078399 0.502028799754158 0.6445729406946157 0.5398312585850138 0.3950775232843853 0.5430789291186172 0.3945857310562815 0.5052772188839871
33 0.6845786201523651 0.5200799927048921 0.688104513831604 0.5599342268001186 0.41063831141366336 0.5844747087767271 0.4071134146491886 0.544621364062145
34 0.40985116026251944 0.6282456954623484 0.4065460385475035 0.5851321722626757 0.7199679710993223 0.5611045099892 0.7232742121398132 0.6042167594031917
35 0.41768714465410994 0.6593471199009248 0.4152771060970508 0.6288428887043579 0.6870700803543741 0.6073690423151438 0.689480850764653 0.6378724632926257
36 0.6754062614795657 0.635057877357939 0.6788310322215239 0.6698361727918082 0.43305387621103364 0.6940317212560757 0.4296300459518534 0.6592542812267406
37 0.4547302515127285 0.754088661234823 0.44741238814276585 0.6916613940411698 0.6841827874116007 0.6639097306720892 0.6915020235285283 0.7263353157373871
38 0.6740037676438533 0.7335995308730139 0.6784151431903638 0.7926319375537503 0.4828949288879585 0.8072364640707277 0.4784849901436701 0.7482053708126665
39 0.7294283519062219 0.7375380427719285 0.7494152327494703 0.7977094997168233 0.5566134139903625 0.861735396433036 0.5366282630648129 0.8015653955963368
48 0.20585625625005832 0.5615268703125504 0.20302682264139094 0.5345673819762884 0.3777215890414709 0.5162330601809163 0.38055136545278856 0.5431921765169181
47 0.19787045312500595 0.5851330984374913 0.19645820410482884 0.554151780934859 0.3840462611443627 0.5456000263387442 0.38545898750317065 0.5765808549183767
46 0.17302573281244804 0.6333500750000494 0.16918465898311297 0.5958583423770013 0.38514579680111183 0.5737324995253322 0.38898753836144806 0.6112235301408911
45 0.19121933088990772 0.6772691484466948 0.18527134042062698 0.6418059477054997 0.3960427340480237 0.6064566549960054 0.4019913186626809 0.6419191465576152
44 0.19487293619943102 0.7255079199866489 0.18674072259557306 0.6883263205408678 0.4094743517882762 0.6396156282497728 0.4176071900456009 0.6767963479003022
42 0.2295487701088632 0.8039369629954738 0.20955524643568424 0.7386585930503696 0.4339411551420653 0.6699418628961363 0.453935667711562 0.7352185934197537
41 0.2791602589896911 0.8489986722624445 0.2633778075959299 0.7831830647210057 0.4749313709909302 0.7324597898367521 0.4907150093439441 0.7982737404099033
40 0.5063738207860524 0.7973448364408636 0.5195344264807318 0.8649600043758191 0.3213336787555363 0.9035253999928592 0.3081750748280001 0.8359119738368002
49 0.37970623655451163 0.4918828903086992 0.38092985058563045 0.517817305205803 0.22007884907009156 0.5254048239695547 0.2188555733027897 0.4994707378346342
50 0.2115492972030779 0.4994409226543393 0.21006616679062518 0.46839323377036735 0.3784626619660685 0.46034868369611404 0.3799461568859215 0.49139599121407035
51 0.17925114030015266 0.4532262561108812 0.18142459836826674 0.4152492496723894 0.3934298558608589 0.42738014876458236 0.3912569634801457 0.4653566387471165
52 0.196130726158799 0.39691055551078847 0.20218191634501181 0.361535971473549 0.40102031092669677 0.39554632363312997 0.39496959905318363 0.4309205013928082
53 0.18427937010608275 0.34843054960521436 0.19289699833689156 0.31003362432478637 0.4143241415237071 0.35972629453167854 0.4057070406103094 0.39812278251204364
56 0.1898245125049698 0.29822333668509066 0.2094905550960675 0.227720704496117 0.44377243275357614 0.2930686601751754 0.42410726467983295 0.3635705703507302
55 0.4747160667168373 0.23191783129068314 0.459923994178439 0.29670492378989227 0.24679242759873432 0.24804304355486081 0.2615848502011886 0.18325650423148984
57 0.28886220299500565 0.19189558268886714 0.30376528728140784 0.12287528924376236 0.5096547192789558 0.16733087851894254 0.49475209414936216 0.23635077164874374