55 0.4902085878543403 0.25692061010914713 0.5268242659817588 0.2578920978781014 0.5198572227784553 0.5204713629818261 0.48324154517263196 0.5194998905590528
56 0.4814474529148356 0.515303882567879 0.44455150476119343 0.5137096820772566 0.456185229962216 0.24448889688204725 0.4930800361793217 0.24608307276687502
53 0.40577007254364617 0.23401141893047017 0.442633479488336 0.23252918204671236 0.45419674647052943 0.5200984298533899 0.41733334113632736 0.5215806423419329
52 0.37468608754454635 0.49245785312500007 0.3741838265179922 0.49245785312500007 0.374183826607009 0.4906832296875 0.3746860875000948 0.4906832296875
51 0.3259668516059264 0.480922803125 0.3254645905815323 0.480922803125 0.32546459066838906 0.4791481812500001 0.32596685156249805 0.4791481812500001
47 0.3079196400926776 0.3650312570868236 0.2976483952932085 0.36710761593958474 0.2858995756132572 0.3089909879437908 0.29617075940802806 0.3069146354696628
35 0.26274520363676857 0.46969390184041626 0.1909995574860659 0.46340907686058747 0.21039190469252844 0.2420553334127201 0.28213579594125804 0.24834007993520446
0 0.21916072853537116 0.3438237111683731 0.15861512562469215 0.32509425422579885 0.20377317664531347 0.17911927316052212 0.26431811085308254 0.19784862045836019
57 0.564181984379502 0.5303607036832083 0.5210579105602164 0.529155322106954 0.5278666742838141 0.28560457379461185 0.570989409265735 0.2868099363324471
43 0.5996987764906407 0.518189884375 0.5670516902613372 0.518189884375 0.5670521447002557 0.28127772812500007 0.5996982975534593 0.28127772812500007
54 0.6388746885053251 0.24312323129127666 0.638874996153163 0.5279504787243402 0.6017075725800396 0.5279501994680768 0.6017078978055679 0.24312360825187623
59 0.6442612304807653 0.31190327890778874 0.6802695556494882 0.31292233908074646 0.6746355489306097 0.5119897177331205 0.6386272240763446 0.510970670356928
60 0.7132413031166607 0.500828684291161 0.6735346380081637 0.5040393871704733 0.6551890598516366 0.2771650905775376 0.6948946215268279 0.273954433529975
61 0.6909281889112435 0.2720234116407693 0.7488319957024032 0.26617079184872 0.7710372642476386 0.48585366803312485 0.7131334679578458 0.4917062131781178
62 0.7769964905317011 0.3220940546875 0.7689603121538084 0.3220940546875 0.7689603364565301 0.255545696875 0.7769964662290931 0.255545696875
63 0.7785272302746762 0.21210779519402537 0.8350247268140265 0.2016227213054341 0.859253387663216 0.3321732635641629 0.8027559075031832 0.34265828018773264
40 0.5606306378681438 0.7255747378492707 0.5347115628841266 0.7276173512372994 0.519474660668152 0.534292477416607 0.5453927928201665 0.5322499009032475
39 0.5463134950498443 0.5367316166706607 0.5763892916506848 0.5335111290643606 0.5980851254896606 0.7361033322103525 0.5680093394915957 0.7393237565901993
38 0.6334197407136344 0.7815598070080937 0.6014742939522648 0.7845732097830783 0.5770773643324674 0.525966424560999 0.609021207921387 0.5229530967073155
37 0.6669258761642141 0.7572883091960146 0.6319529590972479 0.7603411099521824 0.6110456804260593 0.5208488273250934 0.6460170175238318 0.5177960945406566
36 0.7318563709569617 0.751458178864684 0.6934101556161067 0.7596916833792017 0.6399980326224295 0.5103138222607381 0.678442494765477 0.502080507481153
34 0.7871128871719293 0.7185894584389042 0.7235761368651765 0.7304618026137872 0.6798572268450016 0.4965146146908868 0.7433912794602975 0.4846425274720839
33 0.8522246436658634 0.6638833060224993 0.7860080323326883 0.6784240941308105 0.739864084162491 0.46830826228562955 0.8060783830992477 0.45376773338948756
64 0.902612745429451 0.6058682704381353 0.8348411016930868 0.6203697468818414 0.8003337098053862 0.45911205695131957 0.868103650146395 0.44461076562755814
41 0.5427213195906688 0.7402080746721367 0.5126174643178274 0.7435345933261303 0.4896211648569988 0.5354478571217048 0.519723822586684 0.5321214046577832
42 0.5292508779048148 0.7458564153979554 0.49185464724291705 0.7526840273996428 0.45285815519764583 0.5391166444721607 0.490252855967924 0.5322891744402335
44 0.48129077326950664 0.7596650184293362 0.44090483295724425 0.7630174704996769 0.4208545715772516 0.5214987113997945 0.46123856332621926 0.5181463419428839
45 0.4283075285510449 0.7615961533245055 0.38705672177150063 0.7611383665547358 0.3898067522726478 0.513464064642455 0.431055491742768 0.5139218396320894
46 0.3355111337195922 0.49950883214290115 0.3946107934053771 0.5013740124237627 0.38680175491685986 0.7487825221586908 0.3277020970409694 0.746917385722404
48 0.27400881242874675 0.46138391858867234 0.3558744723828795 0.47333530680130503 0.318540987784786 0.7290403736243981 0.23667539120026504 0.717089263314886
49 0.21751841735033395 0.4530533829447186 0.2890206055935778 0.4695667652910098 0.23705639686488666 0.6945482808584721 0.16555431835502077 0.6780352313407567
50 0.1524106586786047 0.45592216481962544 0.22949733992572874 0.4850093779908618 0.17279461894804626 0.6352692111961014 0.09570814113021697 0.6061823842639424