55 0.5802772950777353 0.498217042661584 0.5803769807982917 0.539371575463009 0.353227214756771 0.5399196203575897 0.3531282697729239 0.4987658421200876
56 0.571428491736242 0.5374182936160975 0.5714287427223326 0.5715721450979776 0.35669892443365825 0.5715718775904272 0.35669929197069905 0.537418661788863
53 0.5705409198226334 0.573078311732922 0.5705414673675477 0.6077347232891013 0.30789691593690804 0.6077357421021911 0.3078971879497203 0.5730801653535995
52 0.37365148256071734 0.6296864575464998 0.3780862927126236 0.5912346776577886 0.568887464574459 0.6132366240717321 0.5644534203993317 0.6516877072782911
51 0.3630266026307254 0.6668381531095803 0.3674730506619426 0.6301286878163811 0.5651910531520343 0.6540722555985744 0.5607454118569422 0.6907809970831599
47 0.33516337238984306 0.7449896215796157 0.3342931517800025 0.6873794378281128 0.5472292707029283 0.6841612237626178 0.5481008047460136 0.7417700972783505
35 0.30267498050704944 0.7745539556087178 0.30902132759558754 0.7212468747466781 0.530541622597184 0.7476125900219802 0.5241967875373348 0.8009183003890816
0 0.283761562525342 0.8099444783560137 0.29257960251322856 0.7632228480844996 0.41678967747145634 0.7866607602994548 0.4079724547079877 0.8333816700773149
57 0.3578133671763908 0.4907676182356818 0.3590807760069765 0.4482448134573697 0.5858364051782701 0.4550012690799043 0.5845697107637307 0.4975233866897019
43 0.36823425 0.42089402343750004 0.58385093125 0.42089402343750004 0.58385093125 0.4525364140625 0.36823425 0.4525364140625
54 0.33007985781250004 0.384731290625 0.587400178125 0.384731290625 0.587400178125 0.41938724218749995 0.33007985781250004 0.41938724218749995
59 0.5865514970170125 0.34072587765657075 0.5890126898863173 0.38240499957964913 0.3571647100352493 0.39609371101949475 0.35470409048434703 0.3544151461150181
60 0.5759199730563296 0.3069549736405019 0.5783978059909032 0.34261392647192274 0.34270776763401045 0.3589890875128469 0.34023038659302074 0.3233305552650663
61 0.5702246013319154 0.2515790903821478 0.5693077558502182 0.3105731550401846 0.36710409829402124 0.30742972444367084 0.3680214428133013 0.24843618727675212
62 0.3424618850370962 0.25630889936122575 0.3399468918913726 0.1985423348387618 0.5441785868434863 0.18965011900933562 0.546693966005364 0.24741630627003672
63 0.31012129016778545 0.21777914567942366 0.3027170027784223 0.16327502139195776 0.42790528867124067 0.14626846742303035 0.43530973699967035 0.2007723975174821
40 0.5897826724610695 0.5139399286779597 0.5912966393757415 0.4877049536405575 0.7578574313256468 0.497315289818452 0.7563438198908443 0.5235499247581389
39 0.5963608553149697 0.486008771438288 0.5991451877298459 0.4597784195117332 0.7719489445565841 0.4781193012699484 0.7691649766190949 0.5043493169961855
38 0.8189487746660689 0.43531529293605126 0.8172178187591044 0.4715088363479413 0.5936940270942159 0.4608172871581196 0.5954255085889599 0.4246242848838407
37 0.5975056934544227 0.42792264726309287 0.5952687105227596 0.38872618218475014 0.7942667415682081 0.37736887328902163 0.7965041734704528 0.4165648488870962
36 0.8194898394592656 0.3129891593395866 0.8261397111326687 0.3545365692495306 0.5913214528794697 0.39211715685761767 0.5846721747039965 0.3505702698792828
34 0.7913636242421944 0.23070776485342603 0.8080834814463742 0.2996243859401064 0.5770008774601365 0.3556841942676353 0.5602818651401549 0.28676829709259993
33 0.7419541604558617 0.16749640501186083 0.7595627060418337 0.23709092642528867 0.5695085211428932 0.2851760204328279 0.5519005119608664 0.21558195028577615
64 0.6782377974726614 0.09440528633588662 0.7118947624263683 0.16403471214589577 0.5753222084094887 0.23004921689315688 0.5416655378376163 0.16042004026864445
41 0.5936091282335383 0.5417251438637287 0.5954345657539761 0.5153653291423788 0.7522404905666917 0.5262226514804214 0.7504154115972597 0.5525821248272299
42 0.7662621050577627 0.5507792433707727 0.7653298979927285 0.57581849416772 0.5920205646814338 0.569365287984874 0.5929531279819003 0.5443264051673441
44 0.5824410857619569 0.5982250615814941 0.5868012944433758 0.5657486225560195 0.806249359257663 0.5952064140488046 0.801889876008886 0.6276821941103624
45 0.5782568306452731 0.6344843872783972 0.5826445345576303 0.5986412433714514 0.7590094801228133 0.6202272709436132 0.754622446923463 0.6560698007340426
46 0.5701379137013873 0.6718414307695793 0.5754347541384277 0.6344190598956564 0.7907558175473923 0.6648907122979755 0.785459903960259 0.7023122346469964
48 0.5480149243796859 0.7334642981178998 0.5595758056203977 0.6705919480933201 0.7602381630382524 0.7074826927284693 0.7486788794981294 0.7703536263487042
49 0.5252437390170144 0.7888229537831537 0.5361335720353964 0.7300567969868444 0.7248980058782308 0.7650290943769522 0.7140096914165497 0.8237939034357146
50 0.5152583100244783 0.8355542191070147 0.5481362454188456 0.7703538133546679 0.672333946548747 0.8329688153308796 0.6394573675859192 0.8981680607566246