55 0.523985272647451 0.6188915593262241 0.4846778582443676 0.6181852812153901 0.48900022509474184 0.37769324293290285 0.528306144915291 0.3783995072545362
56 0.4826278254887484 0.5994048602361719 0.4545830780658662 0.596759281206673 0.4764773669985516 0.3646907206706729 0.5045211610031402 0.36733625442859863
53 0.45921024209224015 0.5878746412632976 0.42710130253396983 0.5872332064617275 0.43232030705587476 0.32603644765362483 0.4644280506894347 0.32667787031477075
52 0.4251623880622901 0.5954136537580963 0.3807050083244121 0.5938409891568425 0.3888645616048052 0.3632154384467155 0.43332046083457954 0.3647880770294126
51 0.3787322680682337 0.5840209100504352 0.34491246792742913 0.5815707111668263 0.3611588601635276 0.3573482251725134 0.3949775585979296 0.35979838361200134
47 0.34424685287865486 0.5683209333029121 0.2831735399970512 0.5638810254633378 0.2982133893071932 0.3570294154809651 0.35928488244860546 0.36146925589245127
35 0.295831240625 0.43655723125 0.297338021875 0.43655723125 0.297338021875 0.43921916562499996 0.295831240625 0.43921916562499996
0 0.2582172974714467 0.4228776514608748 0.20596119829895088 0.41047383858627395 0.23551932734210368 0.28595479683876485 0.2877747462514435 0.29835852644994054
57 0.5297637113050087 0.3952526760978969 0.5727169400287266 0.39603691531618357 0.5685853825111735 0.6223084271252103 0.5256321541065745 0.6215242017082849
43 0.5594733887301118 0.4010711119561123 0.5906544237409435 0.3992272487384497 0.6027652163944595 0.6040146621711514 0.5715841838614324 0.6058584959897249
54 0.634250590414922 0.5995959041698293 0.6015377178426888 0.6014661591996866 0.5877300151023519 0.35996214336060467 0.6204417451280051 0.3580919208576223
59 0.6230168488314121 0.3858348875155876 0.6559798428899057 0.38376187880670704 0.6696836931542975 0.6016524865006518 0.6367207020225578 0.6037254608264411
60 0.700123347032445 0.5876545160100948 0.6694274277231216 0.588990972351757 0.6601135191198182 0.37507334792994435 0.6908084747529983 0.3737369126149096
61 0.691541114945835 0.3845528387226522 0.746848860266141 0.38147371457004375 0.7573099038794453 0.5693648834725329 0.7020021627070037 0.5724439654615224
62 0.7277507379191093 0.341003763113615 0.7781013945160566 0.33364915498570535 0.8065989624943768 0.5287371310260863 0.7562483281047889 0.5360916415399337
63 0.7411181128805993 0.3012517053753634 0.7938235680049956 0.28454546736347247 0.8292243313973131 0.39622537040188055 0.776518923563458 0.41293150443991183
40 0.5744301661361533 0.8301008507924519 0.5465632753601994 0.8325208198620978 0.5293874700894321 0.6347612039478702 0.5572531300022092 0.6323412887226657
39 0.5596211868662522 0.6347266073118263 0.5864787054122189 0.6334772613624148 0.5960484730347844 0.8391692437956269 0.569190956469015 0.8404185608777428
38 0.6267326805451603 0.8631787803511975 0.5939243243052488 0.8639022063002415 0.5888706647547224 0.6347107486627966 0.6216773350962512 0.6339873410910906
37 0.6759035300904088 0.8284011521271085 0.6409903258584109 0.8323530597715282 0.6173947044052284 0.6239250963824065 0.652306334124205 0.6199732775822678
36 0.7333462561542774 0.8282199703283707 0.6981224189011073 0.836253648389264 0.6482351829408799 0.6175561247427073 0.6834573699486555 0.609522640667825
34 0.7949008783572253 0.787419958201923 0.7323588372471477 0.8028694846471619 0.6811752639113138 0.5956971553690501 0.7437146446092129 0.5802479706184551
33 0.8191863391258494 0.7000887312499999 0.8186840780617786 0.7000887312499999 0.818684078188312 0.6983141078124999 0.8191863390625258 0.6983141078124999
64 0.7956742763881266 0.532135106724417 0.8519802315720426 0.5157180385431275 0.8828414296460778 0.6215532606714995 0.8265355404151933 0.6379701703540225
41 0.5377090664728712 0.8337477645054113 0.5140686562068595 0.8345711178272334 0.5070806901176184 0.6339497557871862 0.5307200265150414 0.6331264213445031
42 0.5062782515625 0.68944099375 0.507282771875 0.68944099375 0.507282771875 0.6912156171875 0.5062782515625 0.6912156171875
44 0.4854607603547265 0.8539834154179404 0.44970208358927266 0.8558926233722498 0.43792534838758 0.6353418952394149 0.47368222488216816 0.6334327356686215
45 0.4357851722967325 0.8271116749195505 0.393354643890234 0.8246832992273906 0.40573308080661263 0.6084565416840697 0.44816152667431197 0.6108848561429243
46 0.3594542579046447 0.8243288223384 0.31538118067612686 0.8119273373101228 0.37777427625667315 0.5902329999865629 0.42184527647884806 0.6026341736130438
48 0.3158108964474877 0.7998066205714401 0.2452064095608648 0.7795529001543648 0.30584113856662043 0.5682186403175995 0.37644259408205016 0.5884718994770579
49 0.24183787137837953 0.5333882965724903 0.3111287011007562 0.5558900456405694 0.2516728916946249 0.7389539668294987 0.1823822516691962 0.716452633745904
50 0.19668483193470365 0.6644027692694982 0.13894351399289917 0.6451788123310008 0.17837312072856548 0.526762548672864 0.23611324074761342 0.5459862901833328