63 0.47769549655424726 0.31166315834700464 0.5234591704625018 0.3138521265196802 0.5127305320066853 0.5381394756888562 0.4669668601590047 0.535950539243728
62 0.46478446391904527 0.5315406112680692 0.4249999132721314 0.528753632810854 0.4404988762880748 0.30752659790770925 0.4802822816408252 0.31031353558669234
61 0.387151186189044 0.26811242788232137 0.4271455684083776 0.26785222813653287 0.4288485131315838 0.5295947599190459 0.38885413097921173 0.5298549555186837
60 0.3428348971116293 0.30212510287300676 0.3795168017126116 0.3002832514373593 0.39066421783138594 0.5222827583468322 0.35398231565909555 0.5241245844221748
59 0.3119035656656024 0.44897959218750005 0.31140130620940454 0.44897959218750005 0.31140130629057694 0.44720496875000004 0.3119035656250162 0.44720496875000004
54 0.2501571706015966 0.3257805009088497 0.30432441483367256 0.32396731053123545 0.3110170366502416 0.5238927423867923 0.256849793682818 0.5257059091755312
43 0.2537058963223444 0.5172512355573038 0.19407516305079753 0.5175397130129356 0.19294654549094048 0.28405591410119785 0.25257557813358744 0.283767440761434
0 0.1888224178380824 0.492783315300116 0.14217597758931788 0.4840982315076158 0.18087056086881148 0.2762884688304067 0.2275158776075159 0.28497344543342046
64 0.5620287790524117 0.2901507040481087 0.5620291613654445 0.5412602194483123 0.5158211080405408 0.5412598317835613 0.5158214525757785 0.29015102864733433
33 0.5548599453671841 0.30782671121622956 0.5932598614465405 0.30623635759586665 0.6027074212224761 0.5343417629754085 0.5643075066691381 0.535932093409076
34 0.6418884984375001 0.45075421406249994 0.6428930187499999 0.45075421406249994 0.6428930187499999 0.45252883749999995 0.6418884984375001 0.45252883749999995
35 0.6800603332550281 0.53149955625 0.6428929658862899 0.53149955625 0.64289351143168 0.3025732031250001 0.6800597676893858 0.3025732031250001
36 0.71963870345337 0.520039375485612 0.6806896803230984 0.5228558249084103 0.6632834860640742 0.28214837706613405 0.7022313641995197 0.27933196921996584
37 0.7695841644995198 0.517130992789495 0.7110720409272062 0.5161171456548497 0.7145122662454924 0.3176274773146135 0.7730228467834195 0.3186413106940733
38 0.7891516426495855 0.3675460011500358 0.7841121212718463 0.366922015779232 0.7888562001919581 0.3286087581289415 0.7938957012174797 0.3292327422267454
39 0.797326717828696 0.2311795434846916 0.8491027492123067 0.22685013616285618 0.865115722149767 0.4183464095937804 0.8133396965238262 0.42267577616582663
48 0.491210446875 0.5483584734375 0.5198392765625 0.5483584734375 0.5198392765625 0.702750665625 0.491210446875 0.702750665625
47 0.5447451492401569 0.7186012711632658 0.5114188057083311 0.7164456081691445 0.521833457421053 0.5554661277409145 0.5551587717294524 0.5576217575715162
46 0.6210477026075978 0.7538605302670816 0.5822672188168099 0.7604687973890752 0.5479987688984238 0.5593883905701612 0.586777718286271 0.5527802562415558
45 0.6529760286807686 0.7354453663123686 0.6177298305047998 0.74131260759551 0.5865932362945614 0.554288961315241 0.6218381436278833 0.5484218300459642
44 0.6241679040751933 0.5516088061926618 0.6647913876256553 0.5449531386998621 0.7005318242537442 0.7630719831695039 0.6599083764406259 0.7697275042037951
42 0.757750875042916 0.7461436512057703 0.6942311688155769 0.7545929527124452 0.6644682300654949 0.5308636487154408 0.7279851011616074 0.5224145419347394
41 0.72999843926209 0.5227641978086671 0.7957147371104156 0.5148743794810338 0.8230585214305393 0.742602535176731 0.7573422538464456 0.7504921801239949
40 0.8006022116317126 0.6282165835926401 0.8006030524188645 0.5119784751596328 0.8960321000680551 0.5119793338949756 0.8960322234131581 0.6282164678093861
49 0.489703604914439 0.5519075844861314 0.48970391589909923 0.7062999697211814 0.46459060656263773 0.7062998213894787 0.46459066824684214 0.5519078119263827
50 0.45889227570762614 0.7189480019913791 0.42745316496200303 0.718045410492809 0.43227159586854214 0.5502511554750719 0.4637096823078082 0.5511537322153683
51 0.3981708637289785 0.5528129545338455 0.43454805454211964 0.5574834393061672 0.4054584360677609 0.7840265159908201 0.36908126545449704 0.7793561390556147
52 0.3787456226532413 0.7630834563777977 0.3453157507035485 0.7605266322916161 0.3614317190258589 0.5498529886385893 0.3948601881769491 0.5524097589347771
53 0.33803216978185446 0.7802107815066589 0.3015415435012301 0.7765774159754016 0.32423216901065643 0.5487343284868585 0.3607211408357216 0.5523676118100139
56 0.2642239748636257 0.5395961250257381 0.3256257057291805 0.5504040287625034 0.28842115077338804 0.7617445072629184 0.22701947920370458 0.7509368331906625
55 0.19337016568022136 0.6113575859375 0.1928679061946923 0.6113575859375 0.1928679063051959 0.6095829640625 0.19337016562496956 0.6095829640625
57 0.11200401874998533 0.6468500437499856 0.1113435774205982 0.6461024563618508 0.11234809784343724 0.6452151455676969 0.11300853910199748 0.645962732857198