63 0.45883773435593866 0.51337790593381 0.45851182438957494 0.47127305007711834 0.737231095026118 0.4691136974044398 0.7375578760471626 0.5112176542235514
62 0.45942170700243423 0.46919775312053474 0.45995588896334993 0.43243728853733426 0.7243841609761148 0.43627757271771755 0.723850660231733 0.47303736195124796
61 0.7897754456810162 0.38485119976261767 0.7895879793860558 0.4314252377453989 0.4728305033271454 0.4301463271121003 0.4730188792170793 0.3835731681776936
60 0.74789573387568 0.3593444393298955 0.7417625992593457 0.4106567026502536 0.48300233771715284 0.37972672092633464 0.4891361259478799 0.3284151478501778
59 0.4986622647368222 0.3273589568707823 0.5072660070647999 0.2802429693748472 0.7408513971172397 0.32289540403309325 0.7322482863992263 0.370010823324553
54 0.5173154250943526 0.2863612792338987 0.5242148882930451 0.21526477319335377 0.741490696702158 0.23634923617118753 0.7345919106986685 0.3074450863515943
43 0.6047627245617377 0.23426154717150022 0.617434163871394 0.16234556493699234 0.8170037969804298 0.19750854843908502 0.8043329033204145 0.26942403991048797
0 0.7162096628064774 0.2056500655734006 0.7226019623604998 0.14757511933986003 0.8414985090356595 0.1606618233629136 0.8351064216487885 0.21873657533337454
64 0.45493648267745357 0.5579714030162951 0.45579504471675136 0.5140141827643373 0.7406793672586218 0.5195760747663846 0.7398218562345846 0.5635322190679092
33 0.4622440716902929 0.5959273748785948 0.4608444099544613 0.5621255462244634 0.719349852227424 0.5514199818107274 0.7207502453970847 0.5852210417688434
34 0.4705462915786711 0.6445336912178445 0.46869919969685725 0.5978756883051854 0.7845356783187754 0.5853702191154445 0.7863840969597504 0.6320268146772989
35 0.4976927234232562 0.6931397306381594 0.4915251977514572 0.648543666535575 0.7286471995121246 0.6157526995158088 0.7348156107813111 0.6603476740521191
36 0.7566674657971362 0.6551488461608092 0.7644307260882215 0.7062099030335592 0.5306940300724818 0.7417378687076076 0.5229321999358945 0.6906780817318144
37 0.7420066412884125 0.7286956829386767 0.7439994382897339 0.7928898937846248 0.5338298999306517 0.7994091242823995 0.5318387149370665 0.7352164470636664
38 0.8057772733751563 0.749287050217311 0.8204067335994978 0.8177857631215432 0.6237033868370645 0.8597847195989337 0.6090758627510695 0.7912876951810687
39 0.8552631780698903 0.8023590582729585 0.8580572706524663 0.8553939449172662 0.73086263605353 0.8620921458294035 0.7280694411630293 0.8090581136989416
48 0.24932229779778936 0.5462712950053563 0.24740409423384335 0.5191590358825886 0.43482557494746743 0.5058985940166889 0.4367441557492384 0.5330104518782935
47 0.43833182067555754 0.5359115400286371 0.4383320835638642 0.5665494678230902 0.24667249088577137 0.5665495062821382 0.24667272146450614 0.5359120788649453
46 0.17836049261927656 0.6083221622084017 0.1780921020227879 0.5691002597021295 0.44178619468345914 0.5672931824064196 0.4420555058187574 0.606514166150287
45 0.20461679968900626 0.6728140376930549 0.19850294631851284 0.6293620935743696 0.40827783826500763 0.5998479875138114 0.41439243416948557 0.643299033102818
44 0.4336384651614935 0.6402624160928212 0.4414793927469418 0.681810231722537 0.22013946372453574 0.7235731776017134 0.21229964613439734 0.6820263492937981
42 0.26438933201029613 0.8040082693732559 0.24471358537948618 0.7340101235740863 0.471624794153513 0.6702357832128216 0.4913016800657033 0.7402321240793931
41 0.3425005916834607 0.8523941327181663 0.3259043885124129 0.7817838508253473 0.5314496638893615 0.7334800968626816 0.5480471043632633 0.8040885831444662
40 0.41065738823874653 0.8697632980163146 0.42108639630885136 0.8017564077327961 0.5487564105833371 0.8213303670887756 0.53832866983646 0.8893361208669768
49 0.25942222391938685 0.5219068696880156 0.2573826608335139 0.499631981617945 0.41416643899685823 0.485276712568715 0.416206242981616 0.5075513286141125
50 0.24449676100584838 0.48842329114141386 0.24585715596424507 0.45359383250310265 0.44466444652800874 0.46135706340071464 0.4433045718582207 0.4961860299683277
51 0.42972206528600054 0.4230286714511532 0.4309968569175453 0.4607378910246352 0.21709330022747508 0.4679670389750432 0.21581907463166772 0.4302583795618399
52 0.4126814530517322 0.3832056761503004 0.40878633863326286 0.428564178860692 0.21037612435156916 0.41152535193978074 0.21427173093286456 0.36616740214019217
53 0.21233948469500774 0.3290654013264752 0.22818312521144435 0.2804048236539838 0.43589587783321804 0.348032059191621 0.4200528821821763 0.39669208846468307
56 0.48049234573227295 0.28262612968861517 0.4558381553565596 0.3552172869932793 0.23673092834417275 0.2808022982456468 0.2613854670979663 0.20821187813596548
55 0.30348755832892493 0.22368850034761795 0.32782519616091577 0.1466236009694885 0.5301214546676647 0.210509026376383 0.5057844519419632 0.28757338555326106
57 0.42590949375005493 0.14063284843751625 0.425909493778704 0.14013058745994153 0.4276841171969181 0.14013058754011795 0.4276841171874821 0.14063284849861243