55 0.4439373732527656 0.5102475648542121 0.44495663510576833 0.4697574357919966 0.7327178471025491 0.4769983098784952 0.7316994861273542 0.5174875478835195
56 0.7170407648135324 0.4568091358167204 0.7152217328911092 0.4889520379667718 0.4787542130144402 0.4755682033476278 0.48057375304824745 0.4434258264015036
53 0.7753387817266457 0.3952544468423232 0.7766652447236311 0.44207946101288365 0.4768854982346511 0.45056758146633397 0.4755599605024372 0.4037434480530145
52 0.7502219639387704 0.3677405897674895 0.7462823333631832 0.42047994358669644 0.4929994793556034 0.40155791175071914 0.49693983380757345 0.3488193012193501
51 0.73603515033642 0.3285803933671975 0.7327590375808768 0.37126839012797574 0.5099688094959447 0.3541690691722703 0.5132453750901504 0.31148154160219027
47 0.731177909368057 0.2605738088091788 0.7281955526976844 0.32204963687412874 0.5121511977062028 0.31156749860715416 0.5151341014721993 0.25009220918132435
35 0.5315819632049852 0.2485333254576737 0.53716726985067 0.18250498598454115 0.7579299483855948 0.20117851566554118 0.7523451872713167 0.26720632585327786
0 0.8070886131550878 0.15410176771981327 0.8080143367100163 0.21296345983725748 0.6414145271801317 0.2155829661766243 0.6404890813350903 0.15672153041626036
57 0.73151344760538 0.5169768544548071 0.7309166912076535 0.556553519889177 0.4430986002048485 0.5522099589573176 0.4436962670052935 0.5126342049845803
43 0.454202947671547 0.5774790104114071 0.4544440921919204 0.5488471114498578 0.7242812291358405 0.5511159968421903 0.7240407545934886 0.5797472550522023
54 0.4549928980849245 0.620547194011866 0.4552932071946998 0.5782331697554819 0.7757914193806528 0.5805031843852289 0.7754923615586904 0.6228159788461505
59 0.4774229568887449 0.6686634069319534 0.4742174536852417 0.6242576235465273 0.7168540583070353 0.6067421996570972 0.7200605291748161 0.6511469374343433
60 0.4934462835155955 0.7074399041253236 0.4909693904303367 0.661484622150532 0.7322660907880163 0.6484784273549461 0.7347440646252608 0.6944325700617024
61 0.6968428169863046 0.6969674293122566 0.7006668875902733 0.7587062967358941 0.5000761298714451 0.7711255947943174 0.49625352417308477 0.7093881062276381
62 0.7374273679630505 0.7536333193637903 0.742986919542659 0.8190847127659001 0.526363149181293 0.8374778404827624 0.5208054477826636 0.7720281696473776
63 0.634530223829529 0.8626851428650626 0.6337638468625073 0.8003482993528148 0.7724036660434876 0.7986435117098971 0.773171121795599 0.8609792635503447
40 0.42401979774081155 0.5150138616742268 0.42488852498047436 0.5400670742715256 0.22756764554787878 0.5469072032651644 0.22669933179247437 0.5218544004878398
39 0.43122178593534954 0.5405186521116542 0.43253668536556233 0.5741883429630362 0.2126223184804985 0.5827738579491991 0.21130807697181808 0.5491048171392021
38 0.43484193074107225 0.569959100056184 0.43806706150860464 0.6079329107000431 0.16092881666361336 0.6314645614890116 0.15770472728502227 0.5934917448698456
37 0.44172498770421953 0.6087588335699455 0.44497168608756965 0.6509556057710756 0.19188629954055614 0.6704231727844866 0.18864071659425008 0.6282274709123923
36 0.4515350243231069 0.6485859660045201 0.4577987355988853 0.6965259801860767 0.1964974931939878 0.7306587903790892 0.19023525216368853 0.6827201369341108
34 0.4598249544178543 0.6890263402696558 0.4698428934295862 0.7569433185855493 0.23804527293259525 0.7911250072574718 0.22802933765558464 0.7232098455878962
33 0.3116714300941794 0.8878162020870201 0.28083994022040315 0.8133869321535141 0.48142286282973146 0.7303131235413033 0.5122550607396761 0.8047404024142064
41 0.20689218418897326 0.5174831586631913 0.20644816667368104 0.4900091800572785 0.426549157606928 0.48645032693729734 0.4269936308201068 0.5139238556820832
42 0.43764260408636346 0.4570676533729253 0.4372312925307824 0.4893795049132646 0.2312929962928365 0.4867566136504371 0.23170477961969027 0.45444524837426586
44 0.4520963520009218 0.4216373002702293 0.44904899741345616 0.4598634260576437 0.21212075669529895 0.44097506226325034 0.21516865241073901 0.4027495623576471
45 0.20787338778222875 0.3991729822735641 0.21174981064746135 0.35672087380095485 0.465044011566647 0.3798470355950665 0.4611682801879624 0.4222985166146867
46 0.21673218581565834 0.3437018655357366 0.22480630885274877 0.29830740930429567 0.48245644621044903 0.3441314282564388 0.4743830247666665 0.3895252744559769
48 0.4997324741856346 0.27336432436957137 0.48023392949346544 0.3475323583801808 0.2576093484675539 0.28900519581858963 0.27710835325444805 0.21483791605493216
49 0.5224293181145185 0.20922427784483993 0.49808345706446744 0.28547005986573454 0.317258249919405 0.2277314589329115 0.3416043387327363 0.15148622204421122
50 0.5344425557063914 0.13232953444091267 0.5378406136075 0.19235829442525643 0.4177842381085384 0.1991540374322169 0.4143863726345671 0.139125466235083