63 0.5491134626736311 0.4946776241224053 0.5493843351376881 0.53384644495288 0.36745920837392987 0.5351029958281831 0.3671888989427998 0.4959347406018051
62 0.5512286038760976 0.5361395762569061 0.5506803486551917 0.5686051295001636 0.38915062458283955 0.5658763132519314 0.38969931167571303 0.5334112012986232
61 0.30068387905612326 0.6061219240492053 0.3017132499521722 0.561998535971256 0.5508646718672026 0.5678078852222226 0.5498363079830142 0.6119303027340972
60 0.3040046780746479 0.6354895032242188 0.306530963215323 0.5908799088404459 0.5438194029878787 0.6043142742614483 0.5412941726533518 0.6489228590387713
59 0.5324673469259551 0.6479900837836222 0.5290672165117485 0.6920409078576033 0.31644390265626043 0.6756288626862778 0.31984489686647066 0.6315789922531985
54 0.5231394470436044 0.6903840071326551 0.5157695143927867 0.7493564059666092 0.3384313273229509 0.7271950621665495 0.34580223006423694 0.6682237919601851
43 0.5009321618921376 0.7479578580467429 0.48635749008678886 0.8108260522963918 0.31254562677281683 0.7705362435637428 0.3271211906529743 0.7076693452261864
0 0.39206445071954477 0.7786279061044744 0.3627903798629859 0.8361634183259757 0.21751394335649366 0.76225863016369 0.24678817607207293 0.7047242211593698
64 0.36912128577102976 0.4927168757577543 0.3691217321002114 0.45253561477477783 0.5536823175350492 0.45253670329580775 0.553682405003542 0.49271743063761997
33 0.38076590861999193 0.45161271150125737 0.3804277669308931 0.41873151244133877 0.5418442436728128 0.4170709684117339 0.5421827330288806 0.449951815398257
34 0.5411131784635472 0.3764720231993418 0.542750005831067 0.4165746353086154 0.31205793190690656 0.42598829574517 0.31042169194802227 0.3858862555709671
35 0.3334117879163614 0.3854412272340257 0.3319585788403856 0.34795145272535255 0.529307003512713 0.34030113118008015 0.5307606054916505 0.37779049334857345
36 0.32144427968421496 0.35900367385454757 0.31781597340034295 0.3252045812447107 0.5181134549644639 0.30370254356426535 0.5217420626659077 0.3375013014639752
37 0.3409255205400541 0.31418321116609893 0.3384716409933617 0.2556515678978501 0.5128598777633897 0.24834016216448432 0.5153141769832246 0.3068713789500319
38 0.322286711090328 0.266382293060268 0.31723155175768625 0.21815559383614988 0.497994117417079 0.19920771850382454 0.5030495533549129 0.24743411598438278
39 0.2508173453367135 0.2535570276317094 0.24407590972145954 0.2059169550593218 0.40577448669478144 0.18303538868094696 0.4125161378597113 0.23067519938834005
48 0.5669172521726296 0.48964128909435006 0.5672053995973556 0.46471599060158525 0.7010727550451747 0.4662629891373524 0.7007848534483401 0.4911880422706085
47 0.5644722996469227 0.46368622526817577 0.5640882583068105 0.43357814320633686 0.7246332140609866 0.4315298285267026 0.7250175810830797 0.4616375762529016
46 0.5572314401890708 0.43445506933512845 0.5572316395131338 0.4013057485774941 0.7471162018782707 0.40130606525085993 0.7471164026580936 0.43445497966628766
45 0.7683671056131516 0.3597584199970256 0.7687880605183182 0.4010933748759674 0.5618713223939267 0.40319881318938594 0.5614508678577295 0.36186433760691356
44 0.563203263256014 0.3658475736637121 0.5572446229725756 0.32479296004276503 0.740412722512815 0.2982083552141289 0.7463716784601502 0.3392625763098494
42 0.7469233841037521 0.24058574276924893 0.755133982340567 0.2982716030409403 0.5576187222291082 0.3263829322206602 0.5494086845372976 0.2686975940553269
41 0.7336788746624734 0.19032817256254725 0.738818527381568 0.24934112929029806 0.544093199517647 0.266299269161894 0.5389539781523354 0.2072867047046396
40 0.6505912024147165 0.08363121278147997 0.7076122489071395 0.14646557431699195 0.5979762084543836 0.245957178769653 0.540955394624234 0.18312304814174246
49 0.5643300102329931 0.5188347692418163 0.5643301533494878 0.49171265323333124 0.7089617786235749 0.4917128968777035 0.7089619370254923 0.5188347066633052
50 0.7178064178610839 0.5180010073866979 0.7182598991201985 0.5472080271793082 0.5609082504975049 0.5496496360355675 0.5604551477608766 0.5204429854915246
51 0.5563440625332987 0.5826217875097424 0.5563444183393358 0.5464588494791061 0.7480034481042139 0.5464594546854495 0.7480036883828234 0.58262179661585
52 0.765449249716653 0.6000686104278896 0.7609799187877115 0.6393317055856331 0.5668277267810709 0.6172315427782054 0.5712976739878286 0.5779691484190767
53 0.7497851097562034 0.6501306553260077 0.7411856372275452 0.6927750103773431 0.5587048138920636 0.6559792838220029 0.5673048715754021 0.6133357024607168
56 0.5501189509361666 0.7148853582664197 0.5601147799200135 0.6542496431704022 0.7666517346697219 0.688290827939228 0.756657426984475 0.7489251944111792
55 0.7219064660598633 0.7400880331559764 0.7142993910175619 0.7983234524192204 0.5296083714408724 0.7741996998099056 0.5372165011108336 0.7159655336241884
57 0.5290194897321499 0.8185583575881316 0.560233724858108 0.7552933044392771 0.69399034857679 0.8212741036004509 0.6627775055936809 0.8845379668357434