63 0.4591780346794394 0.357639230446499 0.49099695787117525 0.35750966454867833 0.4919257271260449 0.5855837841304874 0.4601068039689835 0.5857133478964874
62 0.45806133522728487 0.575865128125 0.43043666186406426 0.575865128125 0.43043706746243515 0.37089618437500005 0.4580609004673306 0.37089618437500005
60 0.37498553981038185 0.3101415761383195 0.4145834555820329 0.3124263882331531 0.40064035720911306 0.5540607357057661 0.36104244413093056 0.5517759605201547
54 0.2813012688360459 0.3279576331557998 0.3328908724029134 0.32576761219455824 0.34154458513637564 0.5296098294130633 0.2899549831436161 0.5317998208062341
43 0.28495507692161937 0.5451308062766147 0.2385001174836816 0.5443935912944501 0.24195116799228344 0.32699328196402866 0.28840475551817235 0.3277304858965168
0 0.23457224722301362 0.5339118306953398 0.18367726820088137 0.5278059101092644 0.20745307931838397 0.3296438598709936 0.25834671048858127 0.33574969774198477
64 0.5279625615817167 0.5823703484511414 0.4934246384527796 0.5831522851347881 0.4883296228824747 0.3580952169608229 0.5228664302477455 0.3573132929304761
33 0.5252030209645682 0.3693859516352761 0.5530211362045065 0.3687299035540674 0.557982594849932 0.5790952347288817 0.5301644799294536 0.5797512727605735
34 0.59189146230608 0.5746607818683817 0.5594563384812545 0.575272740007289 0.5546881514374036 0.32253580456338155 0.5871221241737885 0.3219238574810633
37 0.7122051059810701 0.5510204078125001 0.6499245086949941 0.5510204078125001 0.649925591293254 0.3238686781250001 0.7122042490618696 0.3238686781250001
39 0.7414165487992932 0.30539205663036517 0.7938190432223564 0.29960914324636656 0.813966193072929 0.4821668982931451 0.7615637092005727 0.48794974731783275
48 0.498448165683385 0.6048965377304556 0.5191364260715545 0.6052329962472549 0.5163642556317427 0.7756660648097216 0.495675995388865 0.7753296122575942
47 0.5239609807173338 0.5997528041166571 0.5466388473338384 0.6000445094185556 0.5444148670576396 0.772918883089039 0.5217370005157136 0.7726271830265703
46 0.5496798745797378 0.585473693894553 0.5809655212340203 0.5857639709738711 0.5789404347927984 0.8039958345237526 0.5476547882014984 0.8037055640295835
45 0.5906579609375 0.5669920140625 0.6253139125 0.5669920140625 0.6253139125 0.79503105625 0.5906579609375 0.79503105625
44 0.6867653139286176 0.7972061286077954 0.6459168088475735 0.8017959346617871 0.6209643384871697 0.579749467953362 0.6618109413327602 0.575159770002819
41 0.816957770892941 0.7388919390978412 0.7609031225711078 0.7581001402085857 0.6898215675146275 0.550689678828501 0.7458740616173145 0.5314818740239617
40 0.8793810021757054 0.6549695538123852 0.8168851225931348 0.6852886678225526 0.7378787925094912 0.5224511189348645 0.8003730081377398 0.4921324773783492
49 0.4751479088841961 0.6034528522252244 0.4954399616850651 0.6043840395341077 0.4881705267034704 0.7627755225270166 0.46787847495579626 0.7618443504550798
50 0.4586240319811168 0.7767293709414214 0.4358437767983787 0.7750790725598535 0.44881653339689365 0.5960401898077917 0.4715959502916576 0.5976904580249907
51 0.41881125745692316 0.5844659852779024 0.44635384183743554 0.5871939103827457 0.4250354227610842 0.8024066708109704 0.39749284760830506 0.79967880791073
52 0.38525752840041605 0.7960432979256592 0.35347328698173897 0.7915989918541707 0.38242257691990744 0.5846004142970911 0.4142054706695717 0.5890446260726487
53 0.35068855939061905 0.5623789523273803 0.38421008527495815 0.5655722780336433 0.36382348303391154 0.7795513785765072 0.3303019673836616 0.7763581218089927
56 0.29968864089255476 0.5625475250048079 0.35529373760562066 0.5744601589131892 0.31186582373322835 0.7771441917595456 0.2562608071172008 0.7652318102687767