63 0.5056565310334236 0.5928876775894684 0.467124114760054 0.5922524518226988 0.47126266590157684 0.34126949112885185 0.5097937101885464 0.3419047056059499
62 0.4653138163150743 0.5796006306478196 0.42990088606609334 0.5790154049033643 0.43369618152325984 0.3494055602261632 0.4691079698492331 0.34999077658018607
61 0.4023256280476062 0.2994899835379363 0.43908741773873317 0.30083240608537776 0.4289546458519453 0.5783009060307452 0.39219285725687314 0.5769585081342293
60 0.3676804010134447 0.3470832848509203 0.4047987028496891 0.34958438708368417 0.39010409892603093 0.5676512236008775 0.35298580068695173 0.5651501593631572
59 0.35192147463340007 0.556737573619717 0.3145864483404921 0.5542109348092294 0.3288485501152536 0.34348967858798934 0.3661824702260219 0.3460162791930914
54 0.313221114804378 0.5422139590979428 0.25574979935595366 0.5362995547356679 0.27548734905940364 0.3445264097439168 0.33295717085923116 0.35044073633427886
43 0.25534133677331283 0.5091809332350069 0.20506323254937797 0.4996949350411568 0.24454761672848235 0.29043368762765254 0.29482442420078314 0.299919558532488
0 0.23138882029934393 0.39408214835513833 0.18376223646237122 0.3819705955814636 0.2204405391447608 0.23774566880082573 0.26806649068271327 0.2498571386182978
64 0.5108183492289982 0.32187480484654074 0.5554005586689073 0.3223175031629039 0.5527035336669996 0.5939077675737447 0.5081213242800686 0.5934650776569704
33 0.5893509070710934 0.5736967515654615 0.5554551319406755 0.5762101382555931 0.5380048589223634 0.34088338511173033 0.5718995050057174 0.3383700409288717
34 0.6221295659105408 0.5685708609396053 0.5868160595259724 0.5692371200528944 0.5814240967035857 0.283435048652348 0.6167362830734646 0.28276880206064325
35 0.6618153857724565 0.562818966881743 0.624855940498378 0.5648434162422235 0.6116986484130393 0.32464197629621916 0.6486569234201625 0.32261755853267776
36 0.6501675463799756 0.33060402878626566 0.6839370338701656 0.3285920494358323 0.6974454869460942 0.5553084848043197 0.6636760022648787 0.557320432947826
37 0.6845274781441049 0.3543152952186101 0.7413793345749582 0.35007469817140796 0.7559658431694061 0.5456188616926846 0.6991139938528477 0.5498594016523506
38 0.7222415668792337 0.31957275385639944 0.7705363031137722 0.3115122456711289 0.803671802996746 0.5100351105928982 0.7553770933228634 0.518095515638493
39 0.7565829135113518 0.2524850825117183 0.8047028980096229 0.24898314565693352 0.8156063844400023 0.3988032310714217 0.7674864030941535 0.4023051418537333
48 0.4986063920431434 0.6061860702957516 0.5226525263964277 0.6057085454640948 0.5262700158814368 0.7878447565908876 0.5022238818113465 0.7883222721988181
47 0.5246856323656175 0.6088662209070248 0.5535271814356975 0.6081325858212333 0.5586842713103124 0.8108450068931934 0.5298427228573246 0.8115786258067386
46 0.5824199013244424 0.8289587613446899 0.547481220165082 0.8274376958253379 0.557077643661728 0.6070679733970881 0.5920146515632041 0.6085890025841829
45 0.6461169855502931 0.8224818765439406 0.6085476731597055 0.8265319393726723 0.5850405044691342 0.6085012493997918 0.6226080259363016 0.604451284310223
44 0.6251565483748891 0.6058469718590567 0.6639798854070023 0.6022699770183864 0.6833160117834041 0.8121071244014327 0.6444926854629784 0.8156840380798603
42 0.7689459602950137 0.7842470512453337 0.7056533607876645 0.7991911148228598 0.6574894320480098 0.5952284166637642 0.7207793412306955 0.5802846852897189
41 0.8215481105986555 0.7278535835186881 0.7603193648950537 0.7428784894122802 0.713187730341815 0.5508298357321378 0.774414247006689 0.5358052134949836
40 0.8734902415023953 0.6819089653513893 0.8163365570911765 0.6986820142783415 0.7762230311226404 0.562010599236294 0.8333752759458548 0.5452377746848767
49 0.5012176721872947 0.7802936440224335 0.4777473637504954 0.7809261881038396 0.47318393103762446 0.6116133024014133 0.496653393155043 0.6109807697667831
50 0.47772608300385855 0.802803998711612 0.45070430837233744 0.8036131752785173 0.44474567003749144 0.6046428035711413 0.47176631438230743 0.6038336437195323
51 0.4516544369494113 0.8184806622479545 0.41657184726273044 0.8199436964264302 0.40772700574962073 0.6078681150795484 0.44280799041666796 0.606405114265262
52 0.3824221880851155 0.5950754780190278 0.4173275654718509 0.5996615823823486 0.3888112655425857 0.8166716813051108 0.35390590919621445 0.812085684780761
53 0.3524503675002961 0.8088374741696904 0.3128858102143113 0.8035892921805688 0.3411171268310227 0.590802844309055 0.38067989970579674 0.5960509064745516
56 0.30136698074954893 0.7785220751606419 0.23817327150322853 0.7636654426389075 0.2854637306066934 0.5625472012540635 0.34865490290678736 0.5774035247656796
55 0.19889502818307392 0.6424134875 0.1983927671293486 0.6424134875 0.19839276724553656 0.6406388640625001 0.19889502812497994 0.6406388640625001
57 0.17312584534545294 0.5368898054107091 0.2344077580079329 0.5629033770592956 0.1847255491419446 0.6799300730213474 0.12344380909951269 0.6539168055613651