55 0.589431724396718 0.467289056730006 0.5882420339186183 0.5082858227365937 0.3956968561294616 0.5026967715907208 0.39688711159419654 0.4617005690109679
56 0.3952528899284289 0.4597247226173368 0.3964165570118894 0.4282125276547974 0.587021213468006 0.43524967334994746 0.5858579702207862 0.46676145735162994
53 0.6238397579103321 0.3914931081797338 0.6235250656657172 0.429910331506255 0.3928844959887101 0.42801880888794014 0.3931997362004722 0.38960211105570547
52 0.40088645916716814 0.3876716325124272 0.4011964451582344 0.34938030195499026 0.594670298039091 0.35094575011131396 0.5943607326711344 0.38923665716896966
51 0.6331607215678332 0.33501372785348144 0.6295431708633714 0.3701651917921954 0.41765219615888327 0.3483579940989015 0.42127009104262925 0.3132068991435317
47 0.4290605708546309 0.3124827072055162 0.4346650203210629 0.2552814270602029 0.6432506845518446 0.27571725977037354 0.63764681706175 0.33291797952851215
35 0.6454501387586333 0.22247463885632288 0.6383386865921921 0.2792286799821012 0.45106720285093616 0.25576258487304104 0.4581789842670787 0.19900893154004723
0 0.4800832702427442 0.19993963219964703 0.4864115980828956 0.1542054501026525 0.6618878504031045 0.1784860037460406 0.6555597872160206 0.22421993531620357
57 0.3967579891979085 0.5470975962858483 0.3961740953940307 0.505807361626329 0.5967369074038515 0.5029700973774085 0.5973214547747148 0.544259669840419
43 0.404392059524298 0.5866607969983203 0.40129229051740367 0.5538039918392039 0.5769326661363721 0.5372345313747368 0.5800328775882235 0.5700908284413359
54 0.3993004434055365 0.6258302422019049 0.3977922103591709 0.5861413919891659 0.6341142558800357 0.5771600538694063 0.6356233157665656 0.6168480239459445
59 0.40834803877135073 0.6621791431719535 0.40547182980446905 0.6266076510900914 0.6311536013791965 0.6083599352953212 0.6340305199963723 0.643930641676172
60 0.43921916562499064 0.6941235562499455 0.43921916576641706 0.6936212951146746 0.44099378910959786 0.6936212955104002 0.4409937890625315 0.6941235565514529
61 0.4397168489114165 0.755425469884973 0.43410787360778613 0.694130188624513 0.6199577446881221 0.6771255415731811 0.6255678343924274 0.7384195333958837
62 0.46317613158771564 0.8001004817003678 0.46317677748561437 0.7478652039685597 0.6459624972849269 0.7478661883095149 0.6459629753229592 0.8001003365157091
63 0.6332232081369966 0.7909693962888642 0.6371759047713113 0.834120341705479 0.48958806900930085 0.8476348912763684 0.48563622966514686 0.804484733606669
40 0.25014143236114705 0.525865199942428 0.2504372140756459 0.501847400196237 0.37728482139323205 0.5034088703167138 0.3769892817070968 0.5274264319609537
39 0.24727169997584042 0.5537439274844383 0.24765135028837904 0.5276059645970651 0.37920080025253355 0.5295158120888872 0.37882143766989884 0.5556534958326907
38 0.37295890831831 0.5540684008567982 0.37588743316644013 0.5885514772672574 0.20568431694812261 0.6030033109773627 0.20275634873382842 0.5685207553089866
37 0.38096167076594156 0.5869051005134033 0.3854901114322047 0.6222902672611975 0.19551467947496803 0.6465979471603676 0.19098694327010435 0.6112134257264503
36 0.3070097609374898 0.6649924656249437 0.3070097610728908 0.6644902060604291 0.3087843828576524 0.6644902064395435 0.30878438281251874 0.664992465913802
34 0.2390045672324277 0.7470686876668192 0.22960563355638897 0.6838648944026537 0.40188384143459643 0.6582483384142342 0.4112837436365453 0.7214509631846157
33 0.2724563371864406 0.818692713743054 0.25748052928440757 0.757847553591696 0.4292154526597187 0.7155848850845969 0.44419210107150775 0.7764287913768313
64 0.3243748099591812 0.8715248380443259 0.30947933249490234 0.8109470902181429 0.46507625309754985 0.7726944582084553 0.4799725397442671 0.8332709794566027
41 0.24697697351678016 0.5121571932586869 0.2448058957639887 0.4881848696701022 0.37027530490354366 0.4768216962004023 0.3724465877195371 0.5007938021602745
42 0.23526779315761814 0.48793336547476984 0.2328020966145914 0.46179709780350847 0.37567990106663274 0.4483182078936401 0.37814583666090584 0.4744542117655893
44 0.3784405767203225 0.4150699609919583 0.37936850222786234 0.44948576863234696 0.21501021435904022 0.4539161971180373 0.21408267459344188 0.4195007809894881
45 0.18626053888192473 0.397315000126566 0.19013952268210232 0.36278285604346344 0.3836957114466486 0.38452300950909285 0.37981716663125553 0.419054754331062
46 0.1905164815535727 0.36051571083849776 0.19504036133798763 0.32407679387556854 0.3938091044645944 0.3487520555495961 0.38928565867354337 0.38519058101536624
48 0.4136941597726036 0.28271772839262893 0.40570237422195987 0.3497820702236116 0.22377417510585929 0.32810212887739665 0.23176644823718107 0.26103838073859836
49 0.44290451977133216 0.2206696797799725 0.4318824468788307 0.2862836748287489 0.2532125860382166 0.25626988769651915 0.26423499342604373 0.19065634006573529
50 0.4793623248995118 0.16491895721066305 0.46264613631967677 0.22675068292454723 0.3019464142456627 0.18330551929979766 0.31866276848575126 0.12147407137846519