63 0.49573113347742037 0.5181898882162992 0.46147247346243603 0.5178077974050894 0.46437207816688897 0.2578858878230721 0.4986296986303387 0.25826797288480646
62 0.4554545475766645 0.2909599456171319 0.4876288508963853 0.29517004666795643 0.45846786646529836 0.5180129891682893 0.4262935742153786 0.513802947428195
61 0.416976649319281 0.22105599671311876 0.4562554845682598 0.22464914070342826 0.43078169576085656 0.5031084101527316 0.3915028673179677 0.49951532354816186
60 0.38976326492877433 0.4911140669659138 0.35778461200015954 0.4872155156935273 0.3836913716431809 0.27472490731421007 0.4156692167706524 0.2786234080617866
59 0.3664693756251154 0.44807862343882127 0.32934001348712627 0.44631597022483127 0.33975479975254075 0.22695298104949138 0.3768832843151131 0.2287156127548408
43 0.2580174917286513 0.23030921867541632 0.31666364434238403 0.23758488706987602 0.2910454105893905 0.4440763501902606 0.2323992709881395 0.4368007605973822
0 0.23793097484167447 0.4142920318763286 0.18883669528463543 0.411154585365823 0.20226994448262303 0.2009705522085396 0.25136319658361117 0.2041079644693205
64 0.4977398296875 0.276841171875 0.53239578125 0.276841171875 0.53239578125 0.519077196875 0.4977398296875 0.519077196875
33 0.5640381933936851 0.5173025734375001 0.533400280161004 0.5173025734375001 0.5334007331522344 0.291925465625 0.5640377379203301 0.291925465625
34 0.6042190457828838 0.5190771968750001 0.5650424722296066 0.5190771968750001 0.5650432008312691 0.23691215625 0.6042185020537545 0.23691215625
35 0.6346587657290002 0.5074217922035557 0.602070965676603 0.5079564424276193 0.5979949878505977 0.2595019532656006 0.6305818243063186 0.25896731104558585
36 0.6639440091009874 0.5022642287529323 0.6316060280199736 0.5021794875991511 0.6322460385233626 0.25814945839568304 0.6645830847065781 0.2582341983062202
37 0.697262977728542 0.37188857454156954 0.6912286165224941 0.37159156499367446 0.6945471843378073 0.30417090798343704 0.7005815037271077 0.3044679165011827
38 0.7746779093431542 0.46610881713413044 0.7181662056487994 0.4705869955586425 0.7034656033573583 0.2850747632680292 0.7599760989817241 0.2805966331830063
39 0.7463866943943458 0.23162762688572533 0.7977610075284929 0.22451940880230484 0.8265504254389953 0.43258745915547575 0.7751761276217621 0.4396956010709312
48 0.5052737312500994 0.5323868671874988 0.5270757176293728 0.5319685725362716 0.5303987940525303 0.7051521900702761 0.5085968079001759 0.7055704779052642
47 0.5288811461150544 0.5331516606996396 0.5530479591794801 0.533387488534503 0.5513153825215795 0.710916188287833 0.5271485695005822 0.7106803644367691
46 0.5931070556648592 0.7679586430457078 0.5588790672595678 0.7689272588596325 0.5522252293354768 0.5338074737100127 0.5864516854534259 0.5328388789966554
45 0.5878469566190461 0.5452107054641946 0.6219893149591371 0.5440029455287887 0.6290091316858479 0.7424246010595283 0.5948667745788043 0.7436323379015758
44 0.6885296307234512 0.7625424619948711 0.6529382656850657 0.7681740945001796 0.6169559337115516 0.5407947815708534 0.6525457767320404 0.5351632678958163
42 0.6441545534784154 0.5244034760259785 0.7056444632318062 0.5059367174113365 0.7667389088080654 0.7093455889642759 0.7052491601176598 0.7278119829774914
41 0.7960823703707547 0.644188109375 0.7955801108793139 0.644188109375 0.7955801109957292 0.6424134875 0.796082370312547 0.6424134875
40 0.8587191711675359 0.6291910916562599 0.7931183771953556 0.640031968807949 0.7632118339223553 0.45907154823678065 0.8288107164945586 0.448230829952965
49 0.48367654375 0.5359361140625001 0.504771471875 0.5359361140625001 0.504771471875 0.7116237796875 0.48367654375 0.7116237796875
50 0.4809635433375661 0.7117842055449884 0.4575893307270462 0.711421754951057 0.46034232516285556 0.5339320567837141 0.4837157574561388 0.5342945013616153
51 0.44986033756583765 0.7514165266919489 0.41472486846078027 0.7496458611050514 0.42628839661449547 0.520237750825483 0.4614223362430039 0.5220083783105938
52 0.4018019093981593 0.7421963904770771 0.3682255797593825 0.7378774019001664 0.39532610184869554 0.5272285123102468 0.42890110519613245 0.5315474159963691
53 0.3506170609257424 0.7244740468888626 0.315514310079152 0.7159593261368331 0.36596475430349074 0.5080011923206365 0.401066205963275 0.5165157522385461
56 0.3039651406984376 0.48250179183358444 0.37043426101331534 0.4905814269617358 0.34512590612257554 0.6987663767639609 0.27865681141543064 0.6906868934558351
55 0.24669473184451363 0.4626254816953408 0.31295386263025193 0.47587343059746334 0.2733255332504996 0.6740550389869061 0.2070664705662466 0.6608073194513837