55 0.3116629033085019 0.5223037993073114 0.3138528428551126 0.47653924925092406 0.5381395020623359 0.48726963904818793 0.5359503892367457 0.5330333926584481
56 0.5315406310837716 0.5352127221235855 0.5287540199258274 0.5749996222711998 0.30752625080310736 0.5595043023396716 0.31031353891717117 0.5197181423070327
53 0.2681120166932942 0.6128478897643901 0.26785253737330095 0.5728526676852594 0.5295946550410235 0.5711520912331923 0.5298550731442901 0.6111463690032716
52 0.3021249887093518 0.6571647978795176 0.30028348887992706 0.6204816340225068 0.5222825640329347 0.609337112725163 0.524124808711008 0.6460194676554833
51 0.4489795921874702 0.6880964340138366 0.44897959232764606 0.6885986853895087 0.4472049687967683 0.688598685657248 0.4472049687499293 0.6880964343750028
47 0.3257797885846685 0.7498426357712619 0.3239677766651994 0.6956733399533365 0.5238928256047757 0.688984986551527 0.525705984159913 0.7431531003596843
35 0.5172509493835378 0.7462927604564542 0.5175410211581948 0.8059243198702618 0.28405589723797675 0.8070557230825152 0.28376747727327256 0.7474258015361209
0 0.4927838602245629 0.8111768487663851 0.48409756871421905 0.857823278776063 0.27628764713278997 0.8191305245391166 0.28497487290803747 0.7724853190570543
57 0.2901508421875 0.43797086875 0.5412599828125 0.43797086875 0.5412599828125 0.4841788046875 0.2901508421875 0.4841788046875
43 0.3078266155862366 0.4451399581685462 0.3062364171792069 0.4067395300041021 0.5343415889090011 0.3972926784220335 0.5359323250924035 0.43569253757255066
54 0.4507542139774614 0.358111501562501 0.45075421406249916 0.35710698124998497 0.45252883749390094 0.3571069813965895 0.45252883750595174 0.3581115016119534
59 0.5314994741790997 0.3199397017353111 0.5314996809082686 0.3571069926178751 0.3025730785863061 0.35710683145368444 0.3025733107068618 0.319939989770793
60 0.5200388240475604 0.2803599637149331 0.5228560830792048 0.31930967426404927 0.28214866786049697 0.33671811663619355 0.27933187763414935 0.29776884457023056
61 0.5171306734855534 0.23041512858137259 0.5161172976944499 0.2889273523313644 0.31762748197752444 0.28548890623520595 0.3186413057427444 0.22697716256166853
62 0.367546012886919 0.21084832195169423 0.3669220032696785 0.21588785268388644 0.3286087287706323 0.21114382572011314 0.32923274372126343 0.20610430119875986
63 0.23117951941912906 0.20267322568577273 0.2268501514164427 0.1508969707013 0.41834626320041934 0.13488451936434417 0.42267586273715096 0.18666050164237713
40 0.548358319607928 0.5087895485736885 0.5483585227925687 0.4801607034177713 0.7027505980171327 0.48016115736100606 0.7027507281135286 0.508789665842646
39 0.7186013246570155 0.45525465413271143 0.7164455849144815 0.48858041366366656 0.5554659321747977 0.47816663299711115 0.5576220269073247 0.44484125007392744
38 0.753860079453716 0.3789515924977322 0.7604699980939813 0.41773130358320937 0.5593891732554539 0.4520016970312818 0.5527798166391449 0.4132224802462103
37 0.7354447205956376 0.34702469316520707 0.74131304350135 0.38227001628911095 0.5542893928717376 0.4134068344170675 0.5484215084485413 0.37816190452802123
36 0.5516092290694132 0.37583202835261537 0.544952876694424 0.33520860179533696 0.7630717911509919 0.29946906690116465 0.7697285082642793 0.3400920193456234
34 0.7461426854441697 0.24224943815530606 0.754593611989435 0.30576703619066176 0.5308638276537749 0.33553199135398876 0.5224136064178992 0.2720150513929008
33 0.5227646146075813 0.2700015187564376 0.5148741922936324 0.20428526443458345 0.7426023309368475 0.17694220012395617 0.7504931891375008 0.24265792963870567
64 0.6282166946415373 0.19939728750000008 0.5119786289430976 0.19939728750000008 0.5119789057009712 0.10396785468749996 0.6282164331107651 0.10396785468749999
41 0.5519077203125 0.5102963328125 0.7062999109375 0.5102963328125 0.7062999109375 0.5354093421874999 0.5519077203125 0.5354093421874999
42 0.7189479583631737 0.5411062554755423 0.7180457250051404 0.5725448844730234 0.5502510777173484 0.5677285380536322 0.5511537429657665 0.5362903551826046
44 0.552812257023561 0.6018281622449182 0.5574849224578884 0.5654509241968545 0.7840273306350127 0.5945456868292494 0.7793555045632274 0.630922154958544
45 0.7630836179409926 0.6212538494974098 0.7605266617449615 0.6546831541464926 0.5498526059669757 0.6385685002444331 0.5524101824249783 0.605139872739397
46 0.7802110453246769 0.6619655821605984 0.7765775985583332 0.6984557315717276 0.5487335106431601 0.675768273153376 0.5523677114404109 0.6392789604641915
48 0.5395941990478832 0.7357748638681482 0.5504073541358139 0.6743732611423586 0.7617471351303493 0.7115839738176895 0.7509356229755895 0.7729841214811649
49 0.611357585937526 0.8066298339516051 0.6113575861018035 0.8071320935930936 0.6095829641171804 0.8071320939069404 0.609582964062497 0.806629834374971
50 0.6459627328125 0.8869914609375 0.64685004375 0.8869914609375 0.64685004375 0.8884982421875 0.6459627328125 0.8884982421875