63 0.48272526842265506 0.33576238926119306 0.5171982096265992 0.3370631748118784 0.5071817596760866 0.6024996120556774 0.47270881957297206 0.6011988512532477
62 0.4500291185294145 0.33265063837284664 0.48272141751670006 0.3341369107426911 0.47078949276328785 0.5965779346784652 0.4380971957072006 0.5950916902940895
61 0.44206689154054857 0.5748147389344279 0.40854630861792884 0.5750857813675733 0.4057343316733295 0.22725806620095562 0.43925339228576377 0.22698703018696448
60 0.37934144117275537 0.3849343031121868 0.4124730321627794 0.3856974901796873 0.40792012734641503 0.5833357962237542 0.37478853669279033 0.5825726203936648
59 0.3523520628601773 0.34274527710090147 0.38780163317244387 0.3450716117722668 0.37233721504219375 0.5807104606863654 0.3368876483633585 0.5783841648076885
54 0.33528868319501726 0.569037665345839 0.28195071863819976 0.5650124056214354 0.2964631601784049 0.37273400210971 0.34979968778839066 0.37675920818827724
43 0.2810835149372224 0.5437361581325308 0.231512972141104 0.5374110213972378 0.2569599878418103 0.33800077885891 0.3065291538615611 0.344325824361832
0 0.26949289770277574 0.4307814551054637 0.2072944611844605 0.4242315400581333 0.21951322483528202 0.3082107631372831 0.28171085518840755 0.3147606354995072
64 0.5130488532970503 0.3334738839428129 0.5537041746904379 0.3341175493575212 0.54941892266379 0.6047671574099072 0.5087636014325199 0.6041235045879799
33 0.5204101900517344 0.3530264559836773 0.557733947468023 0.3475942163597965 0.5920643888201766 0.5834572862811714 0.5547406520940967 0.5888894332859635
34 0.6042670197040252 0.5210880241282019 0.569135867537284 0.5195884898252066 0.5818359762453156 0.22208134459858228 0.6169657793296892 0.22358084770663111
35 0.6281455749597171 0.5705670954454385 0.5771700848902128 0.5711025880283888 0.5746074976477757 0.32707665760295046 0.6255811845069275 0.32654117485077566
36 0.6702506660719791 0.5592027771269873 0.622291723531248 0.5642686993513681 0.5986734063955055 0.3406821517344479 0.646630855311173 0.33561630999347924
37 0.722256972249852 0.5475741139491228 0.6640568588741189 0.5512343099142818 0.6504332040422014 0.3346050608071139 0.7086315955976943 0.3309449197382063
38 0.779798305905615 0.5265984181607829 0.7250998674431912 0.5340517206722039 0.6967736035054486 0.3261791277223165 0.751470574578093 0.31872592654657506
39 0.710396544298078 0.29997140321287263 0.7701820903309908 0.2761919312198317 0.8223321508461368 0.40730150813288685 0.7625467060963729 0.43108080049937775
48 0.5012333489465846 0.6193836410734979 0.5231540796753507 0.6188065932984973 0.5279509403121665 0.8010022635155188 0.5060302100283707 0.8015792999701006
47 0.5248618781250001 0.6140195203125 0.54846810625 0.6140195203125 0.54846810625 0.8172138421874999 0.5248618781250001 0.8172138421874999
46 0.583626153176624 0.5980475855823478 0.5836267352430013 0.8651288838560122 0.5479655296951478 0.8651283128202242 0.5479660019898347 0.5980480542980969
45 0.5839803267537036 0.6000164588598008 0.614796992294032 0.5994301993229235 0.6190562557840167 0.8232860851604994 0.5882395905329076 0.8238723305512792
44 0.6686927608797077 0.8193222368266266 0.618575966993717 0.8216859509510603 0.6076614820688064 0.590280842880506 0.6577759175928577 0.5879171824193345
42 0.757042342413115 0.7886484598541956 0.6881244395153772 0.8037188330168894 0.6404977516923509 0.5859443221946566 0.7094125499015718 0.5708743005868252
41 0.8293281751509767 0.7433362402468029 0.759120010736865 0.7638453470136329 0.7004659341562274 0.5630783349802904 0.7706713999978092 0.5425696431990503
40 0.8852073355462835 0.6608129862738918 0.8137424063631897 0.691743854889638 0.7665940519003698 0.5828203499460731 0.8380575864509865 0.5518898262294983
49 0.47212456093745914 0.6202307015625063 0.49860591918218233 0.6172331938490395 0.5222274132886469 0.8258857312832301 0.49574606759415474 0.8288831702064199
50 0.49611355587148864 0.8330781139045058 0.4707979290280946 0.8361483453564956 0.4442071768014557 0.616926150556509 0.46952164751519376 0.613855987405474
51 0.4569445925794753 0.8784611037429264 0.416968188458668 0.8783071952750663 0.4179498318599144 0.6236912614991161 0.45792394258808145 0.6238451655975839
52 0.4084072146940798 0.8476856246867951 0.377667833753776 0.845000852966793 0.39786682282294805 0.613782901636683 0.4286046906659067 0.6164676087893456
53 0.3635184116936898 0.8372805581442139 0.32391827229776027 0.8301796370192235 0.3643950000913492 0.6044952203714153 0.40399326379326794 0.6115959732265106
56 0.3048756288401364 0.5908244333653095 0.36406769838970376 0.6015777102822074 0.3250200000300083 0.8164876756260607 0.26582799770028487 0.8057346499827047
55 0.25113008593749997 0.6832298140625 0.25213460625 0.6832298140625 0.25213460625 0.6850044359374999 0.25113008593749997 0.6850044359374999
57 0.1695001251522399 0.5784996656090783 0.23266726765007206 0.5767972280822881 0.2360650336316894 0.7028527907493727 0.17289789178721549 0.7045552073821945