63 0.46663704092179614 0.33811930227185805 0.5054154483726734 0.33788826296136315 0.5069804647295086 0.6005500611260969 0.46820205734650244 0.6007810960697643
62 0.46860884573823114 0.587400178125 0.43244588724371624 0.587400178125 0.4324466401163818 0.3380656609375 0.46860826928752886 0.3380656609375
61 0.41371765030646657 0.29229537151789203 0.448526476404254 0.294640875156814 0.42968119996100995 0.574302927325258 0.39487237797402486 0.571957467653183
60 0.37429227924894803 0.3429520840505032 0.4082239675698247 0.34444585868625943 0.39838811169067867 0.5678585467733297 0.36445642465560013 0.5663647953268993
59 0.34401958556895806 0.3397038468730694 0.3834434755976872 0.34334699964136584 0.3641233391413152 0.5524059261639755 0.3246994558789993 0.5487628249149813
54 0.29840667105611374 0.3105923923315158 0.34917356447942893 0.3154217626165242 0.32790895430321143 0.5389466087487815 0.2771420706923209 0.5341173091550457
43 0.27952975440859973 0.5043255007599544 0.22527119649680571 0.49841946339030974 0.24811333390516666 0.2885901468470711 0.3023704383583663 0.2944961013824773
0 0.2500000354045824 0.3835405310465023 0.19333639989588391 0.36313030660404466 0.23224412384502102 0.255117775448571 0.28890719057255865 0.275527887708103
64 0.5549970487491009 0.3354034423010741 0.5549975291314695 0.5962734136347668 0.5133098253966182 0.5962730463862461 0.5133101202263788 0.33540385272759377
33 0.5289078167135131 0.31803274215696875 0.5612880791118187 0.31446907294512644 0.5899756748601703 0.5751168589097361 0.5575954229664148 0.5786804647039395
34 0.5661696175404813 0.2653108281899057 0.5945604151268071 0.2638600912136706 0.6090262625436935 0.5469432112951071 0.5806354670797873 0.5483939228530775
35 0.6439359488377931 0.5527186644974057 0.605975845046828 0.5548560151564329 0.5929004011002235 0.3226358968037373 0.6308592958523604 0.32049858090981564
36 0.6794362093685322 0.5377139490843992 0.6461859370824641 0.5412938821224544 0.6218842709672572 0.31559106159842093 0.6551335588110305 0.31201118244280074
37 0.6644812688375623 0.3193119267326956 0.7224871169124754 0.31720343626107483 0.7296877158602229 0.5152868456333356 0.6716818695116444 0.5173953095014171
38 0.7018604520824283 0.2814521178358384 0.7562984690616759 0.27368821756505096 0.7860562235805446 0.48233198668626837 0.7316182278065071 0.49009579097490286
39 0.7249319547147479 0.2525839699548179 0.7789817896904196 0.24020075241736782 0.8076980157831031 0.3655371303559538 0.7536482070928514 0.37792027323609506
48 0.4761426421875 0.6140195203125 0.5017579109375 0.6140195203125 0.5017579109375 0.807453415625 0.4761426421875 0.807453415625
47 0.5052001534871806 0.6117105674850345 0.5311738073748984 0.6130172685042234 0.5211882407202211 0.811474806034693 0.49521458908122895 0.8101681328972116
46 0.5822347607744405 0.8601095123908755 0.5451940955064174 0.8631289538393035 0.5235447819699175 0.5975814894640349 0.5605832371805946 0.5945621393436348
45 0.6118524345282594 0.8339265912031341 0.5704575711127973 0.8350023685780404 0.5642206819259172 0.5950029990135485 0.6056134602275733 0.5939272480801139
44 0.6766603601299721 0.781600830487211 0.6336704528458768 0.7896189913304241 0.5969444364513947 0.5927357408312475 0.6399325859156306 0.5847177483225757
42 0.6333225157030711 0.5735900781934153 0.6923134792996279 0.5573538782836719 0.7496720495074669 0.765728751912217 0.6906812292052109 0.7819645954820335
41 0.7740770565059165 0.6763737916232165 0.7758978381136785 0.6758888502184462 0.7803240390708197 0.6925053001947087 0.7785032577975244 0.6929902407310937
40 0.8258695748935452 0.6437088473133021 0.7712316798583743 0.649120602032106 0.7596492285016438 0.5321893779480822 0.8142859772308384 0.5267776805714379
49 0.45144834301709125 0.6183989075463535 0.4724693752564235 0.6162497664372232 0.49071479671397356 0.7946853168358075 0.46969377090795206 0.7968344166736793
50 0.4682094684501408 0.8200372906652872 0.43847902575248554 0.8222743224172967 0.42239266283252164 0.608508941517707 0.4521217296842224 0.6062719616142044
51 0.4093183846176771 0.8440610645293177 0.3802033780069678 0.838977547235281 0.41387611956827186 0.6461612060126062 0.4429898402629533 0.6512446072680884
52 0.3902261439660606 0.6025712869365064 0.4241278915761768 0.6088794746690619 0.3838572904086277 0.8252721836324973 0.34995558436696683 0.8189641463199044
53 0.35088105039369566 0.5938001701631496 0.3884892959360968 0.598831242742799 0.35938321979949706 0.8163740291217461 0.32177499706585877 0.8113430749081257
56 0.2959314173724579 0.5664688686806522 0.3536346364051042 0.5775603699883587 0.31285583482008406 0.7896830036504509 0.25515268540516445 0.7785917493039427
55 0.2459915047695631 0.5177365423444287 0.3070553980621753 0.5378194305329057 0.2500806670707334 0.711037401649963 0.1890169305972904 0.6909548535625529
57 0.17572117646216157 0.5228575480927254 0.2317371687013292 0.5328218268613102 0.2114143382606244 0.6470587940830008 0.15539837248161348 0.6370946182127827