63 0.5031056042614637 0.4746353789395645 0.5018263298044303 0.5198532269688657 0.24217348436900465 0.5125053670210028 0.24345361499661067 0.46728843536502707
62 0.4994990774002872 0.5216208573580258 0.49758849422380536 0.5581940819016284 0.23716230851346154 0.5445875650614935 0.23907362284103328 0.5080151201527515
61 0.1996047735914317 0.6010419552531282 0.20030835814839065 0.5512832716163554 0.5026499121997858 0.5555542433306416 0.5019476740110349 0.6053116164154623
59 0.24627736311197168 0.6751220659001783 0.24757527367262355 0.6270107623550218 0.4868528375702681 0.6334624470752346 0.48555610486891965 0.6815726142931253
54 0.49212038744485653 0.6839885312323025 0.48994613188585845 0.7464332291016091 0.24834753492029904 0.7380182396930587 0.25052336754970383 0.6755751699861923
43 0.4581463694945569 0.7475985951361162 0.451551764726446 0.8125061015838967 0.22217742991176692 0.7892023890068104 0.22877357924176067 0.7242966620655636
64 0.5013305454567671 0.4239075383011448 0.501330967187755 0.4716223238086131 0.24046125435791055 0.4716220201144972 0.2404616806740023 0.42390809244761646
33 0.487749841537493 0.38276296781238345 0.4912065649177748 0.4206193404657633 0.2666484296005365 0.44112145641864137 0.26319228823592766 0.40326563693105716
34 0.5095449914181245 0.3424636395591438 0.5114012124603278 0.3822895397833871 0.2552431759582987 0.3942260661551439 0.25338755165898874 0.3544007388801517
35 0.25573851382398516 0.3562015660558924 0.25287554583155725 0.3106754320470282 0.49348777535851696 0.2955434095068703 0.49635125341956154 0.3410690080586446
37 0.4705784901419747 0.22491985575036605 0.46963918027449836 0.30295139862307535 0.24677435065507325 0.30026723822661827 0.247714340641096 0.22223635106070275
48 0.5146405157105391 0.5027624207819655 0.5146409809010493 0.4761426059446693 0.6858918314273978 0.4761449632035197 0.6858917070081816 0.5027644270228869
47 0.7116238796710377 0.4480133831627275 0.710353807378965 0.4821677286297388 0.5172148745245977 0.47498431443977324 0.5184853941302663 0.4408304217954538
46 0.7262716233144602 0.3944891891816475 0.7277051504810288 0.4366811099653504 0.5223927368679142 0.4436544132024558 0.5209597810568312 0.40146301772492987
45 0.5212544092571534 0.39921076952211826 0.5201445431569027 0.3482167038791372 0.7643999311068228 0.3429000678889573 0.7655104844981224 0.3938933735445273
42 0.7039627462265798 0.1803728845377568 0.7270117346116649 0.25666436091078865 0.5070175708642637 0.3231259690227738 0.4839693683901487 0.2468351627560567
41 0.5980479140624766 0.18131592177983075 0.5980479140993111 0.18181818121472787 0.5962732921998395 0.18181818128528196 0.5962732921875613 0.1813159218750087
49 0.5143571766194555 0.5283616541218852 0.5158085042845642 0.5027280131760421 0.679578233107236 0.5119988112096742 0.6781272560755269 0.5376321158218129
50 0.7192666595456103 0.5395300631763584 0.7175785848303349 0.5773098403815786 0.5129519423086322 0.5681658461256036 0.5146406390624634 0.5303867406250395
51 0.5115277070442517 0.6098317476768844 0.5123885619248085 0.5665220007588289 0.7469646626915392 0.5711826932233177 0.7461047426763798 0.614491496136426
52 0.512669046797555 0.6588839813715649 0.5140109562163389 0.6115325650815884 0.7731814182436665 0.6188745673668169 0.7718407416646187 0.6662247461400642
56 0.6184560781250639 0.7599196386636311 0.618456078279678 0.7604218982896737 0.6166814547391368 0.7604218985853497 0.616681454687523 0.7599196390624882
55 0.4468866561935556 0.8335892679024185 0.467167902873598 0.7606943846157684 0.6531069094469331 0.8124166236814884 0.6328277384571948 0.8853097121319552