63 0.21699496549751984 0.5310107599071657 0.21778010172317863 0.4939556709811478 0.5075773864131179 0.5000929807015355 0.5067931131984551 0.5371472089807692
62 0.2645509729580908 0.5694705518259419 0.2643699977236338 0.539335667502453 0.4993747792910881 0.5379224130619772 0.4995563464613042 0.5680567031086646
61 0.501315076537594 0.5700597539699027 0.5015258881859381 0.6101100407633951 0.20951014157026293 0.6116424944978355 0.20930038897631675 0.5715932570904823
54 0.23829433296452862 0.7268012983617517 0.2393633489292597 0.6555721400695719 0.4604262790229541 0.6588876203188765 0.45935895361833445 0.7301151147048434
43 0.21917694241267327 0.7672824948371145 0.2251010477876889 0.7104941201539604 0.4450074113581195 0.7334288339098441 0.43908487390763185 0.7902157598187184
64 0.22626441874999997 0.461577096875 0.507542146875 0.461577096875 0.507542146875 0.49723756874999997 0.22626441874999997 0.49723756874999997
33 0.2819135400349069 0.46788163622007906 0.2807705787964778 0.43758783453455236 0.505243780593787 0.429117384601145 0.5063871883467073 0.45941073433594976
34 0.5091352185410187 0.3896227511347892 0.509911623400285 0.42884541452029024 0.19573696496865978 0.4350604702306025 0.19496134904932205 0.3958385705678843
38 0.18307306599183448 0.3025515651109184 0.18742818710472875 0.25062515815995307 0.46245561315618033 0.27369010292544876 0.45810117197777345 0.325615877197602
39 0.4616253403299879 0.22137196429604372 0.46115966648517315 0.27188940817786383 0.21165612150707602 0.26958786597864703 0.21212226081559038 0.21907085435217993
48 0.7101569647007864 0.4934607248483225 0.7130106818932518 0.5183974343676774 0.5226299008413662 0.5401806272588542 0.5197765937399481 0.5152442851634698
47 0.7135053031857979 0.48631863857681384 0.7131266517073982 0.5143204482743434 0.517810824112189 0.5116779357818577 0.5181898843749195 0.4836765437499493
46 0.5128660156250362 0.48166750312496176 0.5122783059308631 0.44582002882974575 0.7557146816842533 0.4418273700314415 0.7563029964475163 0.47767423184242863
45 0.5173900015397521 0.4424388981263633 0.5153795622110238 0.40318136803998683 0.7354726297538718 0.39191009888630285 0.7374835868612308 0.43116703070035584
41 0.7005526180327024 0.23780570572773108 0.7224100128771624 0.3011591110619694 0.508610953906782 0.3749178941906391 0.4867543473212663 0.3115651585102507
49 0.5137533281249489 0.5610246109375095 0.5124575928687136 0.5358412496297722 0.703490373311638 0.5260120722364902 0.7047864848683503 0.5511950250777568
50 0.7165381519248513 0.550532852410482 0.7180257548403688 0.5758746852408146 0.5140567642259839 0.5878448941248611 0.5125696338943726 0.5625035129381841
51 0.519423905056442 0.6263521548882675 0.5169863746091323 0.5872725556651276 0.7503803769844808 0.5727144788544828 0.7528186872223159 0.6117932404860204
53 0.5139260921068853 0.6887154267521706 0.5238797288380965 0.6350684237699088 0.7525712454071254 0.677492331829251 0.7426190941486084 0.7311380101396615
55 0.46827420493320915 0.7909176950609934 0.5137350284676359 0.718540697163036 0.6682879805422317 0.8155985589570138 0.6228290010706132 0.887973939297837