55 0.5365414700424935 0.48889895782566534 0.535322377175703 0.5249096723632058 0.33200370186011696 0.5180253646342998 0.33322333595094733 0.4820152163961903
56 0.528488925715692 0.5268498595601402 0.5258086768025123 0.5544474010773717 0.3328289429525739 0.5357049928976358 0.3355095784160085 0.5081078727057341
53 0.5279926953747918 0.5522206232112413 0.5251987443441521 0.5892444588851273 0.27890507517986407 0.5706567832717536 0.2816997450222516 0.5336337159049572
52 0.2897097254459595 0.6078780215142506 0.2915939205677205 0.5729402649300177 0.5218417338588779 0.5853540738515113 0.519958308327773 0.6202911006509012
51 0.2889305404928564 0.6441912894662287 0.29196995479333054 0.6048342906816998 0.5098318887936557 0.6216554580792018 0.5067933620213125 0.6610116177903403
47 0.4871339843750775 0.69261677463651 0.48713398451604917 0.6931190335864241 0.4853593609844893 0.693119033855914 0.4853593609375366 0.6926167750000519
35 0.48373620837230646 0.7218415642135492 0.4749074434874956 0.7782885931019664 0.26967156605564924 0.7461906468737219 0.27850138313453954 0.6897449420317731
0 0.4495409829625032 0.7706370235935148 0.43220761067436797 0.8274209143740426 0.24225427580836367 0.7694448139251553 0.259588404182864 0.7126622100699126
57 0.5345599043237144 0.4500313533957698 0.535619024301468 0.48701199544090107 0.33164674931560967 0.4928516539815075 0.33058818555775815 0.45587155726135664
43 0.33514497920646136 0.4580520754342715 0.33366852667541025 0.42739956930725154 0.5284248132160201 0.418018096633571 0.5299016446308542 0.4486702049072918
54 0.5292192599031296 0.3896779764267649 0.5281191257249702 0.42030167137494945 0.2983852255454167 0.41204721847143566 0.2994857729644309 0.38142395274156177
59 0.5339716515858299 0.3508985890869546 0.5345024244639944 0.3893203975144865 0.3135897953923177 0.3923704829568803 0.31305950878709154 0.3539491586677561
60 0.5236032009720475 0.3224748706886139 0.5222125120544661 0.35319057600892273 0.3111014979351694 0.3436311893341151 0.31249249983716254 0.3129158042058414
61 0.3380400504248655 0.2947860676327302 0.3381090013813264 0.2962477448924928 0.3265522826642382 0.29679288643087826 0.326483332502562 0.2953312099336401
62 0.2701841461641834 0.28269533718107714 0.26456466801846545 0.22991940043162434 0.4815808605876555 0.2068116525469495 0.48720072017454186 0.2595871583535199
63 0.2801443273466475 0.2796492179827063 0.2552697700043609 0.21985611136506555 0.4382926406783554 0.1437173611474419 0.4631673408514416 0.20351009604434142
40 0.5332741507185119 0.4886991502554601 0.5332742906826979 0.4665996916770037 0.7169475783830421 0.46659988581730455 0.7169477338502475 0.48869904561122474
39 0.5297249328125 0.44198895 0.718722271875 0.44198895 0.718722271875 0.46509291875000003 0.5297249328125 0.46509291875000003
38 0.7494954231676729 0.40507925952859064 0.7508507378206559 0.43273468805882537 0.5271942349853589 0.44369281734279115 0.5258393378946948 0.41603777914862533
37 0.7355674222642392 0.3847049939687908 0.735651257114796 0.4154491142734877 0.5315271819779355 0.4160040050713167 0.5314437312230211 0.38526025555728305
36 0.5382639320273483 0.38770397639737947 0.5357079888968883 0.353083797340928 0.7447920369753547 0.33764734050070716 0.7473483472274438 0.3722671018695661
33 0.668918354849211 0.18797101831956495 0.7041021765846835 0.2617483137744741 0.5336813492925785 0.34301809659359844 0.49849818498262266 0.26924135923981124
64 0.6140195203124676 0.17880462021869184 0.6140195203489611 0.17930688121515018 0.6122448984496032 0.17930688128471742 0.6122448984374387 0.17880462031255637
41 0.539485359375 0.48769462656250007 0.708074534375 0.48769462656250007 0.708074534375 0.5062782515625 0.539485359375 0.5062782515625
42 0.717828439463915 0.5067529812794638 0.7179025530364243 0.5299023101459784 0.5288588069000753 0.5305055984971365 0.5287850398758565 0.507356605758353
44 0.7317891673367285 0.5244703571926567 0.7327210437433678 0.5471798078709121 0.5238535566531937 0.5557479285134982 0.5229220857547716 0.5330388693691006
45 0.7410634989651044 0.5374372911141718 0.7442026041392182 0.571965965341167 0.5238889219178873 0.5919909987920267 0.5207505247880135 0.5574629809673353
46 0.5193685554579588 0.6148107078442088 0.5275950234661195 0.5768453616834048 0.7237174741242143 0.6193358816181389 0.7154918313759708 0.6573005050017067
48 0.7086862358378312 0.6735095133100206 0.681775585436867 0.7464746442593678 0.4897087869146617 0.6756449177514653 0.5166201066853091 0.6026813231233182
49 0.4707348934621223 0.7444176759069652 0.4814090772581494 0.6727826294862125 0.6878247020645176 0.7035345200443605 0.6771523725993802 0.7751678790323929
50 0.4262188560961704 0.8009388552108833 0.45124659131363387 0.726564831142401 0.608078775282479 0.7793305253478807 0.583052790591637 0.8537030577900678