63 0.5012772054692505 0.5708420901538911 0.4510192292256079 0.5671317599598538 0.4660740720673857 0.3632345343576181 0.5163305049468363 0.36694480520354
62 0.44993411464565725 0.550381751062671 0.4087260776234416 0.5476523291213776 0.4200330863305908 0.37696197169249657 0.4612401482519317 0.3796913616136586
61 0.38959062256310517 0.3195850599168277 0.42624445246690357 0.3232462076869422 0.40362966247403165 0.549644091976284 0.36697584055991683 0.5459829990966683
59 0.3646411636061657 0.5217390890878981 0.33569775790408585 0.5259473957527988 0.31133541489475647 0.35839940407410825 0.3402782000099478 0.35419114201298585
54 0.3144465817415494 0.52349869693902 0.2573657981223505 0.5195825445871356 0.26880536479131933 0.35286363339681726 0.3258848400523675 0.3567797398021537
43 0.256152839442052 0.5137533239636689 0.20310671945776448 0.5152061305745235 0.1984502269500581 0.34516939769915156 0.25149520259253677 0.3437166064418724
0 0.1855025240137138 0.5172159351400315 0.1298362039725589 0.5091085664237486 0.15985607382970102 0.3030064443751454 0.21552089880458425 0.31111369911574727
64 0.5601320165111474 0.5767482748194479 0.5136051777731154 0.5796743398911565 0.5006284535899113 0.3733362815728758 0.5471538723364802 0.37041026194393956
33 0.6028495889187298 0.5650847083945487 0.5660936776716881 0.5688294179104153 0.5470372332260922 0.3817910117403814 0.5837921300669677 0.37804635514522406
34 0.5871447638336349 0.3549501647285881 0.6315346008126426 0.3507626746898232 0.6511611876925372 0.5588034754764926 0.6067713598919227 0.5629909026718644
36 0.665288378076184 0.3712873831096181 0.7063246656956608 0.3705835377717646 0.7090507245329718 0.5295119808791092 0.6680144371641745 0.5302158185977839
37 0.715126037265577 0.34086171400043236 0.7775780939072092 0.34212416123803024 0.7739222374123074 0.5229664036165995 0.7114701812207613 0.5217039715328478
38 0.8404939120849804 0.5016501863112196 0.7843511478936307 0.5158279691825105 0.7430340571137322 0.35222260637293445 0.7991756399414953 0.3380449799197441
48 0.5177845578334654 0.6159452343048243 0.5476808703853067 0.6148336894338855 0.5532513527502942 0.7646382526272132 0.5233550411596752 0.7657497802545575
47 0.5472702259705784 0.609137160178342 0.5833142160923899 0.6059987386843145 0.5975999384475017 0.7700445548186207 0.5615559560358179 0.7731829223717596
46 0.6219249662442508 0.8006987887987805 0.5822214530866177 0.799529787371902 0.5879610723068254 0.6046529216113615 0.6276629525475528 0.6058218992071331
45 0.6637768999671607 0.7660717285049546 0.6344720683746345 0.765457450914114 0.6377244828686344 0.6103408754650647 0.6670283762847475 0.6109551433225928
44 0.707361001113668 0.7602047495889845 0.673988656163715 0.7613050104647363 0.6687595427986253 0.6027080197196061 0.7021308076400601 0.6016077764633012
41 0.848440369878972 0.7278199963035195 0.7836448214892471 0.7484295334310574 0.7349887763214156 0.5954745091942624 0.7997823911779278 0.5748653017472152
49 0.5227675556460554 0.7560167449931849 0.4914954645457783 0.7591401059185856 0.47626735125095365 0.6066890652355601 0.5075384520632724 0.6035657542391922
50 0.44480099809868534 0.6035362857732215 0.4802570257197658 0.601864019526312 0.4877903423487169 0.7615672674051392 0.4523343168611973 0.763239506190444
51 0.39924487614882764 0.6029738879243137 0.44125843623930905 0.6012754105376956 0.44871831339776236 0.7857782941966207 0.406704755640817 0.7874767389817181
52 0.3610929519867341 0.5965200935719384 0.3989079711187742 0.5975902126159124 0.3942079416924571 0.7636544922187295 0.356392923607018 0.762584391335539
53 0.32030366010985745 0.5926600344905116 0.3577997675789675 0.5956917631025325 0.3450259847165853 0.753656223209329 0.30752988327822095 0.7506245433625093
55 0.2065101377964993 0.5584112313231971 0.2740140769124082 0.5702425913170328 0.24321770823667066 0.7459303793201134 0.17571382429662208 0.7340992261663247