55 0.5153191483890396 0.5669920140625 0.48116506907854273 0.5669920140625 0.4811655643184167 0.35314995625 0.5153186205502607 0.35314995625
56 0.48083332219277963 0.5555652887097053 0.4460803795226411 0.5571820245482947 0.4367020919914921 0.35559111672304455 0.47145400048384545 0.3539744059427114
53 0.4448101166392462 0.5636419930918745 0.40663289453721063 0.5651978170211501 0.39804862020457676 0.35455176278521244 0.4362246579746625 0.3529959638291151
52 0.3708790375839044 0.34648870002230064 0.4094730158697075 0.3473624791806453 0.40460751480509316 0.5622545959686199 0.36601353689923144 0.5613808299253433
51 0.3635514740038843 0.5595667755753507 0.33058181740625514 0.5586429492400814 0.3366082067178695 0.3436039294886294 0.3695768501662542 0.3445277412664406
47 0.33193789758581715 0.5532534589094226 0.27532160505188585 0.5624490596294577 0.2454191647520929 0.3783500011607342 0.3020339229599358 0.3691545307085628
35 0.22604807475624966 0.35578634476356147 0.2808240154641908 0.3611012715117724 0.26290484136927716 0.545766888237025 0.20812891061689243 0.5404520288723423
57 0.5526533601209849 0.5715768022320441 0.5199462437547027 0.5711801061790164 0.5225517889500679 0.35641532384045077 0.55525785464215 0.3568120132871122
43 0.5682355016684824 0.4102255517259648 0.5932113155839716 0.4125726974186109 0.5794152775505381 0.5593656795014552 0.5544394673054285 0.5570185591421023
54 0.6036290786034897 0.42908859638944646 0.5440289793725697 0.3973995749923038 0.642895492650041 0.21146182752179135 0.7024944402718347 0.243150456052348
59 0.6489826451303315 0.556821557161541 0.6113398753394677 0.5547326934783442 0.6235291163095553 0.3351004148748354 0.6611707358908916 0.33718924605400086
60 0.6788700900748381 0.3448337744506792 0.710694293395477 0.34962441791792626 0.6840311353857942 0.5267377616701485 0.6522069434058722 0.5219471763447093
61 0.7040834951391162 0.33574450350926427 0.7690753663612213 0.34024893065321454 0.7536764553088915 0.5624189883765838 0.6886845912379158 0.5579146296586216
62 0.7558140164120459 0.3566530588779541 0.8002396981096354 0.35366548882051574 0.811913099588196 0.5272417582996292 0.767487421723331 0.530229293775835
40 0.5097940734375 0.591836734375 0.528879959375 0.591836734375 0.528879959375 0.7275953859375 0.5097940734375 0.7275953859375
39 0.5399326721482112 0.5901284318241542 0.5596715903642462 0.5892579178909386 0.5673284200854596 0.7628541418180218 0.5475895029599087 0.763724640272483
38 0.6021109035295922 0.7816577925628148 0.5734101283036352 0.7836734493061414 0.5592119328334775 0.5815279508399194 0.5879115289053516 0.5795123350960595
36 0.7047823313652088 0.7655238774069405 0.6718569781071437 0.7706552091373997 0.6451981022568134 0.5996193376898993 0.6781223334062361 0.5944880928938902
64 0.7848666939671602 0.597365714258458 0.8140863755373857 0.49703756279017236 0.8926040668892483 0.5199033353903513 0.8633852123696215 0.6202307717557793
41 0.5012987310940389 0.7498320732964431 0.4803046919960252 0.7487518831886512 0.48852127013469726 0.5890881192655181 0.5095146397035251 0.590168292347088
42 0.48153854847623734 0.754969085655036 0.45728255991878086 0.755798308849196 0.4518850769176197 0.5979212107486057 0.47614029651094825 0.5970920004819228
44 0.42089402343750004 0.5971606031250001 0.4505273734375 0.5971606031250001 0.4505273734375 0.800354925 0.42089402343750004 0.800354925
45 0.417154173715403 0.7892529245099474 0.38118224792390265 0.7901192608867149 0.3770541550660482 0.6187135540964872 0.41302481261641333 0.6178472325665205
46 0.3436673704509303 0.610463349515774 0.38493383670981984 0.6205412414522303 0.34511748624424854 0.783556168316413 0.3038510832615202 0.7734784560005074
50 0.23643939050305107 0.5623180734881603 0.1532637258954992 0.6505876077949232 0.10266107587858642 0.6029096201783285 0.18583626249994722 0.5146406390624967