55 0.4560780828125 0.46207935781250004 0.713398403125 0.46207935781250004 0.713398403125 0.508789553125 0.4560780828125 0.508789553125
56 0.46850027027926444 0.4595680283118025 0.4685006178897311 0.42089383731876145 0.6983139640802847 0.42089470203758167 0.6983142140850305 0.4595682798581723
53 0.7268874141254855 0.3808507381976651 0.7260794777565707 0.4232233218152941 0.44937682907197996 0.41794461031474706 0.4501854622803876 0.37557271561412114
52 0.6844199356125955 0.34409101754299765 0.6831792253616413 0.38301626551932383 0.4645394927548523 0.3760457794826173 0.46578065463359053 0.33712097759018134
51 0.6814123515251822 0.29927207541703016 0.6818612664070542 0.3368997864858415 0.46780381079133804 0.3394520956915172 0.4673552914323409 0.30182476738241126
47 0.6673377844075503 0.23858619464580633 0.6686136187739748 0.2980657462559648 0.4855088084536874 0.3019922909699953 0.4842334325919637 0.24251318246760512
35 0.48890854288504215 0.24108487190923075 0.4889087948765791 0.17779999331260002 0.7027506379747592 0.17780044060915529 0.7027508169081784 0.2410848683467883
0 0.581644772307186 0.19310828216344494 0.5803326842466277 0.13747198898863472 0.7150578827059917 0.13429464549433068 0.7163701550887254 0.1899307427475732
57 0.7041549323365643 0.531544103064586 0.7014358386694539 0.5759845962270119 0.45293936504799603 0.5607782627879476 0.45565931829457895 0.516338662157499
43 0.6810451796620782 0.571255662349627 0.6802167643730854 0.6049309222005215 0.4601729126251257 0.5995155398253728 0.4610019720737455 0.5658409259247874
54 0.4501965942188235 0.6463653523665073 0.4494983750096253 0.6049739876728369 0.731523014415643 0.6002141818080902 0.7322223240493031 0.641604424961995
59 0.4590490917008765 0.6864808794575389 0.4566738964878141 0.6478082828786551 0.6734320062810184 0.6344955318602565 0.6758079900822622 0.6731672696036733
60 0.6838478855296444 0.6714319734723825 0.6866507160160609 0.7080599348562036 0.4702565595100623 0.7246136028930067 0.467454633782836 0.6879864953510775
61 0.4840715234752224 0.7760421463613241 0.4818996768743773 0.720393077518381 0.690496431417273 0.7122518719213289 0.6926695415937729 0.767899608180198
62 0.63608628739496 0.8024781182878993 0.6369448362192998 0.7960334913977737 0.6733477648161852 0.8008820688729569 0.6724892480044673 0.8073266667832657
63 0.5951597539897193 0.8696699315082741 0.5936579301665006 0.8165982025388792 0.7267328518396425 0.8128326069382117 0.7282355543337644 0.865903428779596
40 0.2503301408540892 0.5501756835294609 0.24989314730441947 0.5209962007866382 0.44801994289468894 0.5180278241545452 0.4484574000232442 0.5472068401911329
39 0.2513396749629919 0.5938028292828659 0.24904731727690432 0.5625314879433043 0.4446368633290376 0.5481937035063977 0.44692971172287344 0.5794645119343018
38 0.1989331149550253 0.6366874819756891 0.19666094121703281 0.6005554330487564 0.45523533828327345 0.5842933527276025 0.4575083249370664 0.6204245606615455
37 0.22275120545077698 0.6710641854480657 0.22236306864886046 0.6327121804032805 0.4567565230635182 0.6303374848151858 0.4571455423946418 0.6686886206752651
36 0.4632432541935714 0.6613645076492793 0.47025825119112596 0.7026648074610184 0.23340357265362854 0.7428862345398202 0.2263897747923238 0.7015870068485968
34 0.2544227549175275 0.7957859001527116 0.24643892877600138 0.7331022151724864 0.47492952206380323 0.7040029959823915 0.48291474315988125 0.7666850222984343
33 0.2684143378361341 0.8574969632370337 0.261984465062028 0.7902051012180373 0.4982736967907613 0.7676288282626652 0.5047053369597734 0.8349187331751825
64 0.3697194427670638 0.9437199946005721 0.34178812932645997 0.8746506823756995 0.49147232668929064 0.814132462212106 0.5194042122642486 0.8832003048625177
41 0.2564854796627287 0.5083520041398248 0.25630749697131705 0.47917095569850504 0.4453803911799241 0.47801655138224886 0.445558786067636 0.5071971908928775
42 0.25622731205760374 0.4656584804643578 0.25748035741116837 0.434676300629358 0.4487453772387653 0.4424101005270103 0.44749275735887295 0.4733918785436986
44 0.4568894830674708 0.3985660999571866 0.4571379213792852 0.4371191451570405 0.23171485362138355 0.4385699246128142 0.2314669727401224 0.4000174402628181
45 0.23546950529657806 0.377869745026195 0.2390749121288991 0.33602207009973467 0.4691069174638187 0.3558385000460009 0.465502090118207 0.39768564319092187
46 0.24504290500067327 0.31843021095894386 0.2533467511048002 0.27701374378948157 0.47307030117872273 0.32106523367705225 0.46476696963384256 0.36248125344406995
48 0.49032326110341273 0.25694061358420417 0.4807097621522871 0.3203058612418531 0.2725149603331829 0.28871893525101217 0.2821289142539172 0.22535422521573417
49 0.5044815046411486 0.1852587153679676 0.490755128930914 0.25800786525514385 0.27679363324261885 0.21763705461012278 0.29052037158737676 0.14488841362590554
50 0.5004392939073341 0.12823714583558618 0.47623736888704116 0.19914975986884598 0.32875872113777405 0.14881641649461994 0.3529607576181206 0.07790403741563763