55 0.4947267169038696 0.5918367237426032 0.4548415668149346 0.5927829939662073 0.44839298321164733 0.32096588601569764 0.48827667162822763 0.3200196327800239
56 0.4507733151344837 0.5829481645542737 0.411663564288574 0.5810584882258586 0.4244669249336539 0.3161070865148157 0.46357524507959624 0.3179967280170497
53 0.42479148582356174 0.5634076459122688 0.38105741844231034 0.5677760538628 0.3535614542724943 0.2925117750595418 0.3972940201908841 0.28814344054513796
52 0.33460736371398525 0.3486414320105863 0.37914704612910555 0.34910399607904047 0.37677930877043764 0.5770767134770021 0.3322396264964027 0.5766141569277283
51 0.33390070073789957 0.5626752744315444 0.2965427642359373 0.564185632914552 0.2881946289493271 0.35769836594067167 0.3255514741930483 0.35618802968104457
47 0.29616249195441924 0.5586572780424754 0.2375881803569655 0.5604531261309509 0.23018820374159077 0.3190695324277512 0.2887606216727363 0.31727371342289695
35 0.2399686374792509 0.5063861098015097 0.17200932872617614 0.49733524204179586 0.19862810895631355 0.2974853139562094 0.2665857585698177 0.3065360694035955
0 0.20776258047658303 0.3916137164000097 0.1488202191885648 0.3830789834193123 0.1674046593566345 0.25473876228246073 0.22634630886273044 0.26327344424768206
57 0.5115101210489001 0.3010146721122447 0.552044164048084 0.3021071691096444 0.544161405914906 0.5945585745012543 0.5036273638900184 0.5934660998975094
43 0.541328669157906 0.31282841818452817 0.5745330246046478 0.3122019575217082 0.5797869724149223 0.5906617752809926 0.5465826173332289 0.5912882236767768
54 0.6210177704614352 0.5880812780335045 0.5735777448625186 0.5849589867170892 0.5908865370213334 0.3220046973222299 0.6383248188659536 0.32512693069373977
59 0.6253138334633377 0.5953861775769274 0.625314216414381 0.36379750402327216 0.6760417621751458 0.3637980479359712 0.6760422507796875 0.5953858180540594
60 0.7202741743760726 0.5612624914546511 0.6768513809238357 0.5675866255383379 0.6458073326231215 0.35444310983894833 0.6892287735054197 0.348119079075062
61 0.7176830073798328 0.3705391769855749 0.7817050136061425 0.3737681924797559 0.7708238961712368 0.5894953646931407 0.7068018932180848 0.5862664003441437
62 0.748282586364212 0.3411989725371633 0.8082830708162874 0.3340241012117744 0.8330886348260265 0.5414515612071739 0.7730881713144981 0.5486263298709955
63 0.8567706763741398 0.411075114806509 0.7963204725663218 0.4235174225622751 0.7750140807761454 0.32000415867442006 0.8354635986771655 0.3075619234682944
40 0.5017286994843744 0.779479404635576 0.4781493080965902 0.7778284503182551 0.4902666050826383 0.6047989817794737 0.513845144672473 0.6064499063371943
39 0.516825339779075 0.603371750996635 0.5423203448902996 0.6055299370328213 0.5247416079242839 0.8131608000662698 0.4992466093749499 0.8110026624999987
38 0.5355730372457401 0.5937717405344483 0.5777287881243183 0.5934046895384713 0.5797616134058217 0.8268417393418931 0.5376058626789018 0.8272087811794467
37 0.6262589406169354 0.8165730502754118 0.5802754749415726 0.8174125632818274 0.5763417340946262 0.6019227253437567 0.6223231229669182 0.601083230911324
36 0.6214083515533275 0.6025684687718453 0.6698819433170229 0.5994202311272576 0.6836405950433573 0.8112333880960781 0.6351670112369447 0.8143815543553997
34 0.7718713904646393 0.8278562489007727 0.7025887948499303 0.838768907137367 0.665649899762343 0.6042796191203862 0.7349290943742517 0.5933672276993681
33 0.734852969656913 0.5787586708575229 0.8092378131469786 0.5687049206962712 0.8353133760091396 0.7616063150148181 0.760928572584362 0.7716598661506746
64 0.8682404756045798 0.7228335723195958 0.8017305937296442 0.7145705327820608 0.8181705932740897 0.5822682363219275 0.8846787595890646 0.5905311691557666
41 0.47327496236641764 0.7918353099833438 0.44686961413651716 0.7895936209692244 0.4627970914608568 0.6020174499565965 0.48920140625000386 0.6042590953124957
42 0.4573975711376761 0.8057414311593729 0.4283064492150288 0.8054307777691966 0.43050647338020553 0.5995282834135978 0.4595963061507291 0.5998389298943827
44 0.3917475977818867 0.588200811418199 0.4304326520796167 0.588371859059931 0.4293418787550536 0.8350329532007433 0.39065682448665484 0.8348619100393608
45 0.38615971802494187 0.8036237321104275 0.34758323797234425 0.8025098010271636 0.35386809881345016 0.5849228776885848 0.392442848635028 0.5860367842041572
46 0.33907459879617363 0.7874003351709808 0.29734465840840585 0.7835910060679036 0.3159278225466551 0.5800594766320271 0.35765605602011874 0.5838687290901391
48 0.27850501003479167 0.8025994153765899 0.21052372923907114 0.7900948853874137 0.2518676604073562 0.5653723100059421 0.3198458810561533 0.577876556669973
49 0.19043371792952257 0.5310782532444471 0.258350730052598 0.5420944367096302 0.2265671697673497 0.7380241000205117 0.15865020747753533 0.7270081265700074
50 0.10560114705538126 0.5355019308294313 0.17065093193730263 0.5293657120505809 0.18274055276867784 0.6575142836278718 0.1176907774878373 0.6636504311798557