63 0.27994484069631653 0.509462162517048 0.28218894289045693 0.4731898465003617 0.543071453432276 0.48932687934248587 0.5408281143273825 0.5255984685138582
62 0.26055812890592733 0.542820881601171 0.2621727796916957 0.5122073575833109 0.5318935484802978 0.5264294288622513 0.5302796050627876 0.5570422782491167
61 0.23214240317702206 0.5810537606934316 0.23437549798188684 0.5410698491178327 0.5246482638294765 0.5572764710377213 0.5224162294466623 0.5972593878916022
60 0.2857596461275307 0.6136217774952081 0.2883491800104139 0.5816125654374563 0.5127920790346252 0.5997660445963301 0.5102032594760431 0.6317745870680131
59 0.2840520809282907 0.6432063719092488 0.28803933829965445 0.6079965721205582 0.5027231485474886 0.6323030387824907 0.4987367004573571 0.667512102055372
54 0.4860391636162831 0.6683490926706133 0.4804266195027367 0.7228837346473017 0.2806404715286135 0.7023232496280862 0.28625402013278745 0.6477897877972704
43 0.45272235564743823 0.723399608247653 0.4445564956203043 0.7769790627446838 0.23468379173243648 0.7449954601321614 0.24285067984692432 0.6914172836832744
0 0.39625707852849246 0.7719901301958018 0.3819437973344293 0.8211119892288659 0.21661454307968597 0.7729446268702349 0.23092840677452386 0.7238237614801792
64 0.2807576903589961 0.47625892304681666 0.2822961423801189 0.4387681953546004 0.5458575215219525 0.44958057790529654 0.54431979447088 0.4870706176771423
33 0.27806260610964273 0.45027475091898256 0.27749707536531787 0.42094837402262464 0.5328505561794827 0.4160224005607753 0.5334165715559038 0.445348287434844
34 0.2351344171403298 0.4224006824098275 0.23392508145036572 0.38393152753032944 0.5257670997126525 0.3747548408398551 0.5269770959029074 0.41322333772586534
35 0.5091280614780089 0.33835969747689915 0.5121099904448556 0.3722185754728041 0.2897916272333987 0.3917956882723906 0.2868101498005444 0.3579372313301823
36 0.4972574789397868 0.3025970977036809 0.5018737225469749 0.33742197456405043 0.27816316213602477 0.3670737864197834 0.2735473625409668 0.33224931558884907
37 0.29522708044146384 0.3230813759295145 0.2896701380105924 0.26614063286195355 0.47541259126603563 0.24801361968094532 0.4809699445692104 0.30495390036673936
38 0.25826736927558613 0.2705971643778881 0.25219430670358634 0.21612415352722955 0.4424023119102003 0.1949180788132458 0.4484756986857974 0.24939073946347598
39 0.246533341797317 0.24102419326899815 0.2332690782169493 0.19470262328201052 0.3808092496135487 0.15245447247838925 0.3940736446027131 0.19877583541894925
48 0.5634426878444856 0.4781516820131741 0.5634428219615302 0.4555499134122212 0.7338065412266133 0.4555501996304527 0.7338066806166808 0.47815168933726754
47 0.5606116430764132 0.4524959276225748 0.5609136190947765 0.4247782748940697 0.7438145990068961 0.4267700377080776 0.7435129668918989 0.454487343249819
46 0.7843016895939172 0.3658134473633106 0.7907230988325864 0.40693173762019436 0.5617330249344832 0.4426889963855956 0.555312267086606 0.4015712747305487
45 0.753204212483638 0.34042384564309514 0.7581172064930115 0.3751383709041241 0.5420646891120668 0.40571232907372956 0.5371521690044574 0.37099822058990384
44 0.7324896539712427 0.30584038339711683 0.7377233602124988 0.34051035151930187 0.5281205280695076 0.3721490896165065 0.522887244567869 0.33747949686398254
42 0.508228243443682 0.3379548139562868 0.49751756048488005 0.2748815482469666 0.7147682784431026 0.23798973612345714 0.7254794372898914 0.30106237424582216
41 0.651286601516631 0.1928679062499567 0.6512866015624468 0.19186338593750324 0.6530612249968044 0.19186338601644773 0.6530612250032846 0.19286790627659886
40 0.5733634455767742 0.10334107383395043 0.598189389532422 0.17048111710490557 0.42909210094569517 0.23300606002330174 0.40426651466987096 0.16586631594221132
49 0.5600123325341428 0.5028342816064586 0.559710825097909 0.48098392911330085 0.730125212980056 0.4786318022812838 0.7304269949270292 0.5004818716439048
50 0.7442867051602207 0.4982652587350774 0.7454225870876598 0.5253403342216068 0.5611671235226368 0.5330681852414844 0.5600316487059445 0.5059934990752358
51 0.5606407321736242 0.5684507544924565 0.5608958941087394 0.5302271633233074 0.7819299671836006 0.5317009232213588 0.7816755178287167 0.5699238034389458
52 0.7600538909821353 0.5865810413848678 0.7550425271020913 0.6223229529472459 0.5367312449950532 0.591714423487181 0.541743195556478 0.5559732210886904
53 0.5238795115889161 0.6257792901365021 0.5315018496702351 0.5884958000163777 0.7383019152151746 0.6307680641192085 0.7306804365900916 0.6680508030080385
56 0.5005155269748229 0.6874488594549628 0.515907767496742 0.6245786763868372 0.7312913936850691 0.677301426645364 0.715900827755604 0.7401701649107627
55 0.6486246732026757 0.7769964713892354 0.647753949709454 0.7788762214281094 0.6369154717348238 0.7738566166256795 0.637786195890726 0.7719768692371604
57 0.40513586628344456 0.8055744460547405 0.42071346011573496 0.7378234257049407 0.6038997491112923 0.7799336281179321 0.5883239345785114 0.847683097891714