63 0.45622757225339683 0.517515009466189 0.45568037653583815 0.4763841707965675 0.7414771857733058 0.4725797642708997 0.7420252537486931 0.5137097111578363
62 0.46471390353804054 0.47506647858768336 0.4652749383703849 0.4384233656697463 0.7340286101506308 0.44253659809837936 0.7334682754625419 0.47917897983016094
61 0.45696522772186654 0.4384731184690878 0.45696562174259725 0.4013054031479208 0.7817212036776482 0.40130615899026095 0.7817215814779956 0.4384730853554421
60 0.7568414943283415 0.36199644177918666 0.7570587834634352 0.40005435567485365 0.4650507528972412 0.40171805024075274 0.4648341113957031 0.3636607366165135
59 0.7242882555107144 0.3259369581275959 0.7238219153514365 0.36469135714799633 0.465603082390885 0.3615817857083931 0.46606994119792944 0.3228278738949627
54 0.7386074212394078 0.2689758020668601 0.7374296205621249 0.3265731033538894 0.4649946731307182 0.32099970785122134 0.4661731652075787 0.2634030336710839
43 0.47293693622168576 0.26368657252171596 0.4729371874440176 0.20743331785423175 0.7036378279839255 0.2074339492853562 0.703638045564503 0.2636866876808361
0 0.5537054876971297 0.20577828474902007 0.5664849269854813 0.1465798791592181 0.7597245898675737 0.18829469152037515 0.74694555870974 0.24749273674574243
64 0.45227323917185913 0.5604120170722632 0.455749593865562 0.5140941675273527 0.7011696747831593 0.5325105556546547 0.6976943357175287 0.5788274441255039
33 0.709586363934136 0.5862144294658691 0.707320236290002 0.6154605697992634 0.44614245929619756 0.5952216547440768 0.4484092167512017 0.5659761879978895
34 0.4421413277410693 0.6374890156789652 0.4432285207012683 0.596352395554615 0.7584280647469086 0.6046784558065417 0.7573421337018544 0.6458138157017062
35 0.4410284284285808 0.6760632275505809 0.44096197940530146 0.639412901569616 0.7230922812960898 0.6388977951818867 0.7231597662843114 0.6755470899127258
36 0.44617700149160555 0.7130249026145485 0.4473016010670108 0.6743423645076271 0.6958882376708289 0.6815655329686475 0.694764689212775 0.7202470503289784
37 0.44492959166984747 0.7712747250947174 0.4407410593322538 0.7157726532699966 0.6872971734663906 0.6971670190981388 0.6914871113563095 0.7526675180018327
38 0.677147024279293 0.758438946036326 0.6806437277211899 0.8181257782720573 0.4590797045649424 0.8310993542996081 0.4555846836848332 0.7714141050468345
39 0.7244166082912216 0.7959389399073106 0.7310324772355443 0.8543572284290357 0.553322422418205 0.8744756712149953 0.5467080028384999 0.8160586979958031
48 0.2060551858337476 0.5546621778450592 0.20485191143552584 0.526310033943244 0.44598717637472873 0.5160739734913502 0.4471909864275858 0.5444255947875328
47 0.4456877697438131 0.5480974136772983 0.44497369285352306 0.5783836671576629 0.22255970606852316 0.5731379892549583 0.223274342384002 0.542852317243118
46 0.17746228906253236 0.6152687093749662 0.17771644682136412 0.5787981563527138 0.43929239019416855 0.5806169234780829 0.43903910640221966 0.6170866571973455
45 0.19266093567773623 0.6666732538423026 0.1910411057389183 0.6265929188462607 0.44282869612789 0.6164146738390487 0.444449473704708 0.6564940645046441
44 0.19708086993375673 0.711860523839701 0.1938923630584668 0.6765235478337472 0.4326740975066059 0.6549778605254319 0.4358633976426063 0.6903139768781286
42 0.43558978393048164 0.69076661975656 0.44098031931719106 0.7487091044955899 0.2136457030554766 0.7698517661553375 0.2082567567587148 0.7119107604469684
41 0.24551514885558845 0.8384669404955581 0.2369939197549229 0.7733532682237173 0.44196861967031964 0.7465309217074876 0.4504912296661132 0.811643051491228
40 0.4485055506918343 0.8124135297855093 0.45641297385134294 0.8758899570351054 0.2881805721982573 0.8968400138696271 0.2802746944159935 0.8333649957212934
49 0.44720494173384395 0.48568556471261565 0.44720512586707173 0.5193370213121957 0.20763066936649466 0.519336780056337 0.20763110117457018 0.4856859829232531
50 0.4524343302833813 0.4569481562498218 0.4532778478231876 0.4848146575845972 0.20892826536635312 0.49220915812888405 0.20808525645088594 0.46434318612611236
51 0.19672387628122578 0.43091217361307144 0.20110856834673996 0.38889818283210686 0.4619564604881816 0.4161170174106224 0.45757253818237587 0.45813033267902703
52 0.4543654909094812 0.3724923037763252 0.4502283309377617 0.4148847639985277 0.20412495388882235 0.39086685685517647 0.20826264386630555 0.34847507308288
53 0.21692953044794194 0.35118599182763305 0.22015237427331158 0.3113371018652055 0.4576637164118438 0.33054370621003804 0.4544413936134788 0.3703921500691265
56 0.4630853393689449 0.2643158895252554 0.45528645510512433 0.33195798946085425 0.22030017683459846 0.30486422246234157 0.2280996578271015 0.23722284553130052
55 0.3380656609374455 0.21245605156251413 0.33806566098087387 0.21195379212691953 0.3398402843894246 0.21195379224804348 0.33984028437498637 0.2124560516548121
57 0.30583536291101154 0.1776804919299 0.31322791951913587 0.1215243118063445 0.4630506746586889 0.1412471322307143 0.45565834691285545 0.1974031016254187