63 0.49221573704232924 0.5918366707896223 0.4455407948227048 0.5956917392460681 0.4282985348360171 0.38693836536790255 0.47497210764174724 0.3830833515231085
62 0.4170025454671986 0.3669205739063963 0.45423372174832366 0.369063605546942 0.44104564319422934 0.5981670761446037 0.40381446987544223 0.5960240808321368
61 0.405283314706935 0.5967528585082253 0.3673073665499942 0.5954990127561373 0.37502456276763496 0.36180207931571384 0.41299921067366085 0.3630559035312496
60 0.32434526247629947 0.3904909051729943 0.37291233792791445 0.39011943022128004 0.37459647766081616 0.6102904065084743 0.32602940238757583 0.6106618751572975
59 0.3286686682316713 0.5993312552401118 0.2908341764812121 0.600590901166942 0.28322980274572274 0.3721863271851108 0.3210629600254151 0.37092670411354667
54 0.25145980222998787 0.3544127441835964 0.31362478593075593 0.3610960750996044 0.28881870650752717 0.5918154274384161 0.22665373900645136 0.5851322084911936
43 0.23355067157433496 0.35137521662270477 0.2335511026367385 0.5590063450146643 0.16976376279785654 0.5590058552851365 0.16976424373581267 0.35137562927987503
64 0.5391186683290243 0.5797189526713745 0.49309592780468847 0.582744893353984 0.47878444739239967 0.3650813538939257 0.5248056618047485 0.3620554654214671
33 0.5730790223088889 0.575865128125 0.536915727429573 0.575865128125 0.536916280958394 0.3504880218749999 0.5730783772286259 0.3504880218749999
34 0.5766876488921753 0.3228190661849134 0.6162601893513511 0.323092216913448 0.6144101060890534 0.5911064366667003 0.5748375656736471 0.5908332911201589
35 0.6695859561457382 0.6082968468153089 0.6151555885177231 0.6065407106953346 0.6213897430814086 0.4133585373450522 0.6758184566364207 0.41511464656511127
36 0.6865948224148042 0.47429340790028185 0.6254927966109562 0.45263345277384076 0.6777396560255511 0.30525597153691414 0.7388406234329068 0.326915718496946
37 0.7407492497719659 0.6058730464971267 0.6705295169734882 0.6033225748499145 0.6791608411826928 0.3657387672244315 0.7493780021578687 0.36828919086607176
38 0.7510996324863299 0.3632765419711759 0.8099473034261564 0.36534216466483194 0.8022762871424902 0.583868586687247 0.7434286172374414 0.5818029968921065
48 0.5384235003848516 0.7355811420511645 0.510380230322312 0.7377884748596171 0.49952706848091566 0.5999190646939688 0.5275695602095993 0.5977117624844855
47 0.5660593457163259 0.7572616579452297 0.5351219187149354 0.7589782945229192 0.5265142728399042 0.6038653546360764 0.5574507315128585 0.6021487445121887
46 0.5976895494616201 0.5998223655818934 0.5976899950892403 0.8163268384558416 0.5610242636654448 0.816326325056704 0.5610246625902846 0.5998226740581758
45 0.6467349234608264 0.819288196315454 0.5919000870921991 0.8179044959893103 0.5969858867620133 0.6164355594848924 0.6518183922177059 0.6178192310992302
44 0.6173637047933198 0.8061266280864224 0.6714060370376274 0.7288633110829771 0.7851087099418237 0.8083784725160886 0.7310678480620254 0.8856404769544044
41 0.7224943951633804 0.6002847452092596 0.796142551120397 0.5804357074397324 0.8451478091833451 0.762241989135142 0.7714998025816158 0.7820906416668042
49 0.5139933957964331 0.7539769904462335 0.48801610444616017 0.7567966367413095 0.47166549954761194 0.6061775500838251 0.49764200127151526 0.6033579463589851
50 0.48893547350155586 0.7672480175423787 0.4514839601662288 0.7709450802427773 0.43556785428870626 0.6097313454350914 0.4730181552387194 0.6060343413560201
51 0.4043194375 0.6086956515625 0.4389753890625 0.6086956515625 0.4389753890625 0.713398403125 0.4043194375 0.713398403125
52 0.4080536755052435 0.7841967622029655 0.36060624779111095 0.7858856754331811 0.3544146841984457 0.6119427556866008 0.4018603981744491 0.6102538725011101
53 0.31432751093814204 0.6152645357443033 0.3653396258310977 0.6260072264182798 0.32848675936998006 0.8009794209743988 0.27747470496206006 0.7902369351080705
56 0.27357550852832446 0.7939479470167522 0.21366130331193744 0.7803841079900461 0.2554266580739295 0.5959320885721847 0.3153386355335215 0.6094956713004048
55 0.20712833545167086 0.7711423680976502 0.13546249100465957 0.7518276239996329 0.1870092930910232 0.5606000604807937 0.25867250045098444 0.5799144368275937