55 0.4486854563048155 0.5004432285706226 0.4479002597896624 0.4629574711429857 0.6765891393397396 0.458165878032963 0.6773749487268788 0.4956510135048511
56 0.4546149303121183 0.460189867983496 0.45553026168840915 0.42487142916085735 0.6634637469345535 0.43025867791879424 0.6625489264487214 0.4655766246417785
53 0.7212253242395263 0.39593629909893036 0.7216371412426952 0.42547588397163494 0.4563472068560941 0.4291717158971896 0.4559358888334373 0.3996326241369819
52 0.4627002310271564 0.39784580931721636 0.46219128787220143 0.3610788106562799 0.6969844265184975 0.3578273425850027 0.697493859896781 0.39459385480863124
51 0.46842309126759574 0.3573646434744133 0.4722118378166442 0.31676427083392894 0.6780100737530574 0.33596735307893044 0.6742218049057556 0.37656728686702634
47 0.4847650145487705 0.31860736331580686 0.4877833150534343 0.26160684011901403 0.7055308771529099 0.27313602485230004 0.7025131680030654 0.3301359780898981
35 0.513595621425452 0.26000464766320525 0.5228166355161648 0.20044804110952189 0.7585425138887558 0.23694369229863912 0.7493221077686485 0.296499744769031
0 0.6258468116853919 0.23560717097126768 0.6342042466272915 0.18393432619784247 0.8046642737191405 0.21150337820414053 0.7963071805332902 0.26317591945990604
57 0.4482661019379748 0.5403578468017352 0.44776724559608283 0.5002103935490535 0.6855544394256867 0.4972541359250143 0.6860540410244766 0.5374008336079438
43 0.6725824978406081 0.5745856359375 0.4622889902574343 0.5745856359375 0.46228961088252163 0.5404319437499999 0.6725819010308669 0.54043194375
54 0.454574610559348 0.6130676874409513 0.4540522548500121 0.5776374449756972 0.7564923134775654 0.5731748633131972 0.7570156241282575 0.6086041547530164
59 0.7112058403589572 0.6108577374766548 0.7118295561568857 0.6526692143742788 0.4617227450007704 0.6563966025480598 0.4611000530992442 0.614586153671012
60 0.48787671572767977 0.6987414790415325 0.4828957247905237 0.6585390374944393 0.7190291076943822 0.6292843861422194 0.7240109232533314 0.6694858511938192
61 0.716647775076126 0.6737374703309434 0.7228710380608163 0.7424265762909823 0.49964290376533427 0.7626442561665131 0.4934214549865601 0.6939568267504733
62 0.7518420834044264 0.7297747053967256 0.7611194379445578 0.7945785360347926 0.527929511461366 0.8279513773409913 0.5186541654660459 0.7631493348893392
63 0.8048113106640358 0.7537426127590332 0.8186109445812235 0.8100497706300038 0.6438605349036379 0.852866057105382 0.6300623322648562 0.7965601301535189
40 0.4178643006399625 0.500486974510566 0.4157869954885882 0.5250992593378052 0.235463420283736 0.5098792941820741 0.23754103643057078 0.4852673438400108
39 0.42330965373218987 0.5232399875399597 0.4213047359380653 0.5553026870346505 0.22042684541452218 0.5427407669792433 0.22243225076601902 0.5106785914684442
38 0.4457922124554443 0.5540854266314464 0.4450018649586127 0.5922778778218925 0.22423881436873216 0.5877071202665937 0.22502988032101712 0.5495153887015929
37 0.45543173314774776 0.580878447191004 0.46116589773089345 0.623075015279658 0.2335742631150879 0.6539961732327318 0.22784110510065148 0.6118005059797647
36 0.4612480898171043 0.6188167195981888 0.47179939074635513 0.6640749453429952 0.2413861028288693 0.7177818906061805 0.23083605497572535 0.6725247463260468
34 0.4560780828124962 0.6695128078124947 0.4560780829489204 0.6690105466841918 0.4578527062953981 0.6690105470658866 0.45785270625003704 0.6695128081033153
33 0.30205274954118977 0.8681707833948541 0.2852763563161034 0.7944801420986565 0.5147199717246167 0.7422528121791124 0.531497851247309 0.8159413528437878
64 0.4241348718749123 0.8879959812500249 0.42413487205578804 0.8874937216219435 0.42590949381030896 0.8874937221281625 0.42590949375005493 0.8879959816357216
41 0.22177989075669302 0.48229648748823156 0.22403533639555917 0.4565555059434324 0.4234186408024243 0.4740234316309841 0.421163601107196 0.4997640292640128
42 0.4370512481262949 0.43896337534695645 0.4359562438097555 0.47572817215756996 0.21416032603428903 0.46912088355990333 0.21525587545204417 0.43235666495893604
44 0.43131276246538164 0.402919298622596 0.4296892298534658 0.4381678879449629 0.19748279517671108 0.427471181039979 0.19910681909072991 0.3922231090837159
45 0.439990972167152 0.36900861167007154 0.4357906518883965 0.40571326708826044 0.20149741745296978 0.37890110893364254 0.20569816468673707 0.34219694596567424
46 0.4572513398995852 0.3324049745571941 0.4487845147318694 0.37375913606030253 0.21074446491695653 0.32502309027120174 0.21921165757328254 0.28366944976080805
48 0.4796518174770199 0.26536680159794473 0.46608548785400217 0.3324743821549544 0.2424150352939023 0.2872573826927257 0.25598184033833604 0.22015045575611578
49 0.5225663988919678 0.20944113242514006 0.51020723538727 0.26993411768354497 0.2934838650924121 0.22565559518203648 0.30584335073058355 0.16516305375350418
50 0.4276841171874821 0.12405826249999352 0.4276841172128343 0.12355600152713954 0.4294587406334358 0.12355600159785911 0.429458740625023 0.12405826255389289