55 0.505160734700894 0.5959375523708825 0.4632963786829123 0.5947816882576994 0.4701545977686692 0.3464267556582079 0.5120174780068965 0.3475825995371499
56 0.43587642777129076 0.35004164117509445 0.4694690275666744 0.35118245827987976 0.4616643231751141 0.5809869146590179 0.4280717243000254 0.579846116084877
53 0.4263596672992662 0.5837060900886192 0.3848573738647474 0.5824247955070943 0.3940347008435765 0.28521068207856265 0.43553527115216184 0.2864919491067775
52 0.3830075314494934 0.5671246410505337 0.3422851083250862 0.5649805086580869 0.3557192485499172 0.3098658470292459 0.39644030189163004 0.3120099435731439
51 0.33904684257743156 0.5512108401714415 0.29942911851401277 0.5446016564655725 0.33635857801220936 0.323251841156697 0.37597517145297843 0.32986093013394546
47 0.2561526875405207 0.4480922796875 0.2556504265220383 0.44809227968750015 0.2556504266029833 0.4463176578125 0.25615268750004816 0.4463176578125
35 0.24753624948959896 0.48614047722956694 0.18934906226957082 0.4773921479326423 0.2242805620406898 0.24507114708487285 0.28246618797902556 0.253819353896447
0 0.2138287362721485 0.3464806562681178 0.15966983907969734 0.3295469824668431 0.19573916038154948 0.2141904821679963 0.24989754795979024 0.2311240713395141
57 0.5137129585466482 0.35150188900990303 0.5587162607839673 0.3527148401132343 0.5520337491718692 0.600636095351063 0.5070304477910668 0.5994231661992816
43 0.5490919931172584 0.3464315636247268 0.5864750493965403 0.3455679326991856 0.5919941244696929 0.5844521073110217 0.5546110686589145 0.5853157236173469
54 0.6374375582017819 0.5858622966252979 0.5952872052491784 0.5892463354609561 0.5736178277959425 0.3193480175793658 0.6157666139336015 0.31596404194100475
59 0.6202917849286678 0.3441658258369377 0.6583271379255393 0.34123594081282005 0.6760123200575663 0.5708093214922014 0.6379769725523374 0.573739159264927
60 0.6453655714576598 0.34012563533343754 0.6832067850758676 0.33444318398761474 0.7152876980900373 0.5480685876763226 0.677446502700036 0.553750956340057
61 0.7680732169578732 0.5236335230824797 0.7081814972069651 0.5281655926679457 0.6924208495196353 0.31988844277136813 0.7523109525966447 0.31535643501338645
62 0.764942240625 0.471162378125 0.7659467609374999 0.471162378125 0.7659467609374999 0.4738243125 0.764942240625 0.4738243125
63 0.7671398997620145 0.24911342616034685 0.8275915914724692 0.23200468423151155 0.8591389422094835 0.3434708739804559 0.7986872883773231 0.3605795268228088
40 0.5100202589569562 0.6127186821297842 0.5346041939708357 0.6134276486927285 0.5294275389312588 0.7929063444286284 0.5048436044428399 0.792197391549116
39 0.5356390099522059 0.612724360785816 0.5703574865736982 0.6137865092645466 0.5647642831410167 0.796585929016171 0.5300458073717209 0.7955238012468518
38 0.6229358957220938 0.8094809993182256 0.5844483821734912 0.8152348011973073 0.5554890319642709 0.6215500531052375 0.5939749197129913 0.6157963752516458
37 0.6729377177267679 0.8096341372602467 0.6321328504229768 0.8174959962105338 0.5901715416755451 0.5997376880183788 0.6309745369089796 0.5918760134046052
36 0.6311950658348451 0.5821898382945841 0.6725814111428008 0.5743819173969165 0.7151233130620085 0.7998477043606173 0.6737370212317728 0.8076554372216176
34 0.7797484087099065 0.7580142073725783 0.7130597323372285 0.7712707718066681 0.6706273633344608 0.5578329317094991 0.7373132534427214 0.544576650057559
33 0.8267202406861998 0.676131321875 0.8262179811888473 0.676131321875 0.8262179813110606 0.6743566984375 0.8267202406250362 0.6743566984375
64 0.8037133422027409 0.519419653737737 0.8657929695009443 0.501851495510557 0.8995626333356768 0.6211704517887588 0.8374830802122233 0.638738421660437
41 0.5037669515625 0.6619343390625 0.50527373125 0.6619343390625 0.50527373125 0.6637089625 0.5037669515625 0.6637089625
42 0.4772594302019115 0.7943323605985791 0.44665710965409744 0.793837505598213 0.44971464992204346 0.6048246292031606 0.4803157470885253 0.605319474359792
44 0.411853340625 0.650399290625 0.41285786093750004 0.650399290625 0.41285786093750004 0.6521739125 0.411853340625 0.6521739125
45 0.3781458797311643 0.8123629831219612 0.33696279415426034 0.8043110611673944 0.3807272991446098 0.5805113293946365 0.42190844223705426 0.588563055490766
46 0.3344212099265178 0.7936505131261438 0.292878164336571 0.7847952851322534 0.3393999170320967 0.566583457577348 0.38094108863060683 0.5754384777635663
48 0.27476128589876225 0.5327316661769267 0.3438049012110014 0.5507671383311413 0.29126198804135583 0.7518886950470303 0.2222185122071778 0.7338535881112206
49 0.1783023609978045 0.6672582078125 0.1778000999396454 0.6672582078125 0.17780010006038083 0.665483584375 0.17830236093755047 0.665483584375
50 0.1720123258143076 0.6208052902683764 0.11551959619873742 0.6038549389249711 0.15045948438375945 0.48741910476111516 0.20695114031400408 0.5043692850769178