55 0.4684996147326501 0.5138121546837893 0.4685005493581684 0.4615768849698136 0.7524400396522424 0.46157908415140586 0.7524402034631521 0.513813286412855
56 0.4813765220587811 0.45900735300058626 0.48271278977449583 0.4220379223236798 0.7617060627978844 0.43211936085067254 0.7603705200571085 0.4690880887316034
53 0.8198761940924442 0.4018016742704463 0.8173229343633466 0.44131587396365274 0.46740847416003817 0.41870167315351836 0.4699625437924624 0.3791882721819292
52 0.7335574945657299 0.3412574261422657 0.7340731404021881 0.3844679530643654 0.48293352648613563 0.38746255579128724 0.4824184863815617 0.3442526134745622
51 0.48716276648917756 0.3413474910557221 0.48938368506139795 0.3015593332859048 0.7502436845896909 0.31611840340759434 0.7480233126947269 0.35590603416279076
47 0.506654835937411 0.3013561031249932 0.5144074169053283 0.2465765007101922 0.7561308497249684 0.2807841901996274 0.7483789229896729 0.33556320762187397
35 0.5388737588913273 0.25031361908203964 0.5495835445183275 0.18409669746500482 0.7586867370353048 0.21791573948182608 0.7479775224535388 0.2841321367819401
0 0.6573204837860658 0.219183087600521 0.6702528189972554 0.15400569502003325 0.8387474150853222 0.1874372571524271 0.825815471296778 0.2526143163282972
57 0.7462296421067549 0.5635359109375001 0.46495042892127003 0.5635359109375 0.46495145855465125 0.5158211953125 0.7462284700969803 0.5158211953125
43 0.743600991100152 0.5615403446741282 0.743509903596987 0.5991843723251489 0.4755661958372457 0.5985320018505149 0.4756581709971215 0.560888842495111
54 0.4755217000964649 0.6412519747924241 0.47277775989255133 0.6008759150665482 0.8106132563126494 0.5779155478239651 0.8133583686928887 0.6182902924318244
59 0.4915847003528597 0.6798496322649108 0.4883469688151081 0.6391158958711036 0.7376936202982733 0.6192971737365469 0.7409322689470628 0.6600298673836119
60 0.7265126400295685 0.6621108606755224 0.7299371644827488 0.7061728338477703 0.5096520356019028 0.7232877152472142 0.506228605093952 0.6792267563204771
62 0.7750925760618657 0.7403138498698899 0.7712393668995219 0.8031157106601602 0.5365463835421451 0.7887135748808181 0.5404011973181468 0.7259133614521524
63 0.6325788473213834 0.8383869573060464 0.6279218257467392 0.7658684935434215 0.8107115120897106 0.7541309920809567 0.8153700295831641 0.8266478485251992
40 0.277977746282545 0.5330860125778484 0.2770550675827508 0.5082209577054064 0.4576573657245717 0.5015183245742769 0.45858038522032984 0.526383037806912
39 0.45603686386789377 0.5279090031171456 0.45809882964294957 0.5590643749963198 0.24226368205870585 0.573346364952549 0.240202318327988 0.5421915880964109
38 0.21029281250002896 0.6187845296874939 0.20703872185856653 0.5783727441938075 0.47324945053946976 0.5569348103657664 0.4765044279210997 0.5973456932824934
37 0.24328117274319538 0.6657995607830474 0.23802805592117693 0.6264004849117693 0.4675611560156767 0.5957973237588902 0.4728150171214338 0.6351955650728172
36 0.2665110227902687 0.7074933397305713 0.2605445635221031 0.6639068273557359 0.4888687073220126 0.6326531956715394 0.49483603129556286 0.6762387305688894
34 0.2824531169293323 0.8004104149347938 0.2646258426403847 0.7363277580984964 0.5134493319919784 0.6671154831603883 0.5312777489463087 0.7311963241866719
33 0.3306183147045658 0.8513290386263221 0.31484106763480213 0.7844366354358832 0.5438190163948775 0.7304377421545979 0.5595975636581443 0.7973282627465148
64 0.4125473124489645 0.9063479158668495 0.38950355656720603 0.8375173350948174 0.5358243359403332 0.7885404996830981 0.558868798871913 0.8573697284183928
41 0.45767479557514434 0.4702096147169771 0.45995377709493823 0.4990212984336771 0.28818794405390236 0.5126058206037918 0.2859093609923775 0.4837945176374445
42 0.45733143257155007 0.4392291766981311 0.45851532913673054 0.47059267630776996 0.2639024491103328 0.47793712923837633 0.2627189950791262 0.4465740690715587
44 0.21463556871265155 0.44543555561206954 0.21332845416213786 0.4050095127207674 0.4676392857712699 0.3967850268567096 0.46894703878001565 0.43721043685505173
45 0.2253999183913038 0.3735294924513304 0.2307846396648756 0.33231289778112605 0.4808412274320517 0.3649782133604041 0.4754571473882834 0.4061942507728043
46 0.24559298110364125 0.3168102494512552 0.2539372286117896 0.27898449695195604 0.4958162267497528 0.33233922300985513 0.4874725064813674 0.3701645274407601
48 0.26267541647905546 0.27180054888103045 0.2816127150978218 0.19963757762518214 0.5205886232864714 0.26234844973356575 0.5016521547840966 0.33451072388414727
49 0.3201335892529187 0.22365090064025855 0.33670296539366973 0.15432506365108278 0.5560534001573387 0.20675018002632714 0.5394846084957408 0.2760755224857925
50 0.4427684109375605 0.13209442500001012 0.44276841096450426 0.13159216402482898 0.4445430343839689 0.13159216410012853 0.44454303437487397 0.13209442505740143