63 0.4553504711207097 0.29405016215663843 0.4993825819929043 0.29217849109148597 0.5098585039771706 0.5386192951867078 0.46582639501048106 0.5404909374633152
62 0.46352274001571914 0.5431822957530629 0.42168975075776416 0.5429356508462029 0.4231450396281389 0.29623907367625313 0.46497667324013037 0.2964857145153778
61 0.38661729626312535 0.24376471636772062 0.43062745025497406 0.24473345725541432 0.4241469178674606 0.5391339774286938 0.38013676423975085 0.5381652535133326
60 0.37890824312046334 0.5231106481196061 0.3394828949707289 0.5223088948492531 0.344354701026532 0.28278280346488033 0.3837789028767702 0.2835845451625237
59 0.33771692324751257 0.5161199532698221 0.29622189434746815 0.5151494226851284 0.3012099458665034 0.30192366887972016 0.34270390193137246 0.30289418714113
54 0.24925459444682474 0.28129343036508186 0.3123246116053906 0.28564695036370824 0.29753744603272025 0.4998615425817455 0.2344674344961959 0.4955080787104438
43 0.23625604942503742 0.4783244138504304 0.17771460293658947 0.4741241227201927 0.19424750800681068 0.24372202825575245 0.2527873636174718 0.2479222594619477
0 0.2129583125214367 0.23691215625 0.2124560515411531 0.23691215625 0.21245605158389935 0.2351375328125 0.21295831250006358 0.2351375328125
64 0.5583275487539368 0.546874029097884 0.5120129600076098 0.5492042328790951 0.4998729140056639 0.30791040352689697 0.5461860822267681 0.30558023498117154
33 0.5423445597512 0.30134377369343884 0.583891068740968 0.29832031014271154 0.6015444322308667 0.5408900107851612 0.5599979283881567 0.5439134270370951
34 0.6477139709036237 0.5306219385966576 0.6021807806990864 0.5347672368985873 0.5751497506611258 0.23785695116626207 0.6206813056256806 0.23371172942675253
35 0.6226182963755491 0.32069675939511444 0.6625049645658692 0.3152566544691388 0.6888652630899514 0.5085204635610078 0.6489786080993554 0.5139605016693479
36 0.651040543639624 0.24791311671179228 0.6910097515697089 0.24667908917973633 0.6956500981980298 0.39697217662494527 0.6556808907656659 0.3982061951578935
37 0.7473964122547159 0.498402165564772 0.6821296848323755 0.49968340453807225 0.6777123188298901 0.27462958651410146 0.7429772698048964 0.27334836529153317
38 0.7374254866005003 0.28724837204206805 0.796349375668342 0.2836427480469166 0.8080487118581914 0.4748280510121217 0.7491248264691421 0.4784336339960426
39 0.7672565889776024 0.23834987634107618 0.826371135064619 0.2258021403987548 0.8551277139164313 0.36127610751417355 0.7960131939844359 0.3738237642110953
48 0.5366571453033657 0.7115824475727556 0.507455072798848 0.7131949170371887 0.49844830335075585 0.5500941547566218 0.527649452502942 0.5484817110048353
47 0.5301138810074235 0.5541928517220648 0.5630962266201323 0.5528269344680479 0.5704886003409229 0.7313072122216085 0.5375062561846562 0.7326731056829298
46 0.6162196575598955 0.7910082371769165 0.5754508379601475 0.7929405519615486 0.5636207695512212 0.5433573859803311 0.6043875347621679 0.5414251197638504
45 0.6461461193620153 0.7730295985409756 0.6022687217270004 0.7718541955592402 0.6084202754777834 0.5422994858729341 0.6522956055893019 0.5434748606981608
44 0.7112681357311885 0.7550017159848009 0.6763416806319356 0.7628924002107205 0.6291250671781654 0.5539235539505902 0.6640501046310874 0.5460330346595974
42 0.7763653344868544 0.7222160967296086 0.7034998289188934 0.7375011637224841 0.6574365764205368 0.5179331441677619 0.7302991264967886 0.5026483951871015
41 0.8474931451669363 0.6789380824295084 0.7742385214650085 0.6967072782476382 0.7249743091460914 0.4936292668080808 0.7982263731164494 0.4758603907056032
40 0.9159944060008911 0.622899258252205 0.8466383124044796 0.6518241905530889 0.7874646300853101 0.5099497972469255 0.8568191365852726 0.48102523615466297
49 0.49724652232873723 0.7162689143652735 0.46807461516380044 0.7159020092757143 0.4701748604148861 0.5489748926829308 0.49934583160018065 0.5493417918957834
50 0.4659570378337321 0.7357488503441004 0.4323841314736683 0.7353445608043959 0.43458679889636187 0.552506294922304 0.4681585060538964 0.5529105772616065
51 0.39767877853682876 0.5467428678454073 0.4392154644481252 0.5500647142749326 0.41996740206172944 0.7907139379972864 0.3784307255001522 0.787392173393857
52 0.3569177666482801 0.5472005010379138 0.3985604161057381 0.5524380775500687 0.3702219295219038 0.7777223589293003 0.32857930115130785 0.7724849018706714
53 0.3274281313294978 0.759662055608206 0.28405597673668126 0.7538861309861352 0.31317412856697047 0.5352713074079756 0.3565443847454617 0.5410471023759137
56 0.2671669402226371 0.7385580442315071 0.19763254242150197 0.7212150288486878 0.25271587815848306 0.5004004295703265 0.3222473779533175 0.5177430629803118
55 0.17026619849832514 0.6725820765624998 0.16976393743914286 0.6725820765624998 0.16976393756078778 0.670807453125 0.17026619843750268 0.670807453125
57 0.1584781957691348 0.6218185758628185 0.0947300594036733 0.6123235350439765 0.1155767082955208 0.47238013395987033 0.17932339111246165 0.48187506600004565