63 0.48806313635293463 0.3583226674098907 0.525544356408318 0.3594214231775528 0.5180667780350632 0.6144828794791259 0.4805855587469523 0.6133841448351874
62 0.45448639611049657 0.35733916666720983 0.48886960908987476 0.3588622082144784 0.47867477052045615 0.5890003408714506 0.4442915592580903 0.5874773244994903
61 0.44812385036811975 0.5840742982813385 0.40336683162445297 0.5837071552013182 0.40539270052011034 0.3368740245801609 0.4501481436792574 0.3372411611262549
60 0.40033711608884914 0.5760998190457057 0.36139607979862376 0.5725649649236878 0.3823412610067862 0.3418503706498673 0.4212810501353488 0.3453851680044235
59 0.3608622774821697 0.5711583483573162 0.32090605308826525 0.5660814082297756 0.348864699211731 0.3460644503444304 0.38881971782450364 0.3511413136258331
54 0.31093185740428453 0.33841196294274517 0.37209476738144076 0.35515580059379986 0.32009905302709285 0.5450783250024778 0.25893623173863034 0.5283347095466749
43 0.2667481938524361 0.4957533445432164 0.20703726788087806 0.4757252553053243 0.2738299523425667 0.27660493339531245 0.33353951947117366 0.29663277472986965
0 0.25101843484912933 0.38324359915915207 0.194156349445052 0.35979972456838843 0.24873274484161811 0.22743225759153737 0.3055941553242292 0.25087597376479975
64 0.5232817146255684 0.36804269643838744 0.5652136979178977 0.3683969274508268 0.5631740306018855 0.6098259948183506 0.5212420473721977 0.6094717702105723
33 0.5990465661483313 0.5846295073254218 0.5646602163641319 0.5867147989084475 0.5511181558740645 0.3634157726699502 0.5855033759371508 0.3613305158816235
34 0.5832818896961953 0.32432054274560623 0.6172029998105018 0.3219205960640985 0.6358563011755223 0.5855537882576821 0.6019351960731001 0.5879536909744952
35 0.669170862542046 0.5726656511968821 0.6334198632872585 0.5758037718383212 0.6129414176712089 0.3425134809846449 0.6486912062829333 0.3393754152385314
36 0.6424573359512351 0.3350276340618729 0.677206135067081 0.3305320711647314 0.7054120906058188 0.5485405620641238 0.6706633049656148 0.5530360581824978
37 0.7601211470948783 0.5265931317999267 0.7011727679299611 0.5328491073056066 0.680525842994598 0.3383048726022258 0.739472649328718 0.3320489836094109
38 0.7099661648813935 0.2970163905797706 0.7658938426465056 0.28264936520783784 0.8165641753505497 0.47988969519942154 0.7606365622600606 0.4942565445898059
39 0.7154293802904022 0.25297203809139707 0.7736447789864087 0.22441401585757426 0.8364057556162834 0.35234884581352083 0.7781904786212408 0.3809066792088524
48 0.5453869252760342 0.8019242031609293 0.5146788699647686 0.8025561904626344 0.5108408138013374 0.6160620361865589 0.5415476342707279 0.6154300615823625
47 0.5700652306067013 0.6228924418147829 0.5700655863688553 0.7959184416147264 0.5434453929384517 0.7959182204664053 0.543445535361684 0.6228927208447462
46 0.5694141132256618 0.6051771728109477 0.6034086796177007 0.6032531745425432 0.6158151068326561 0.8224276184941762 0.5818205444700197 0.8243515713184977
45 0.6015380658400318 0.6014326129231221 0.6375060240640096 0.5966427268311234 0.6638910907593072 0.7947451378419402 0.6279231531577807 0.7995349232791579
44 0.7104996635924863 0.7985879226480408 0.6698373474648633 0.8047248920248661 0.6366612888944019 0.5849343427216153 0.677321826848015 0.5787975051892109
42 0.7916056588724132 0.7380356433748818 0.72331788989095 0.7562369197896829 0.6702880952218493 0.5573018656566373 0.7385732591019405 0.5391009532524678
41 0.846366813570171 0.6854630756746546 0.7789264669078193 0.701856849195006 0.7321917112486744 0.5096173898253102 0.7996297687184324 0.4932239041100888
40 0.8112884365638138 0.47298910501850816 0.8925081396818086 0.47666673835112433 0.8873230537431027 0.5911687503705827 0.8061033527735617 0.5874911512820058
49 0.48336413963420455 0.6258339454116528 0.5097838047262258 0.6251542873598485 0.5140544724119991 0.7911396390372498 0.48763480784725743 0.7918192848989102
50 0.45649938600138285 0.6116360961369204 0.4908188933065958 0.6131159948905642 0.48324576699826594 0.7887153221568161 0.44892626127114 0.7872354511910385
51 0.42320982906494464 0.5929963713790813 0.4580363670763745 0.5953152789601371 0.4437754727285892 0.8094629394785468 0.40894893979054814 0.8071440847902628
52 0.4074148090496692 0.8070945126736655 0.3703655688237859 0.8046750596917032 0.38405164127038915 0.5951465015138663 0.4210992671753502 0.5975659025190432
53 0.3631172497315447 0.8102258233740812 0.3228417708460256 0.806106315388329 0.3450788799482325 0.5887430152574771 0.3853524958926755 0.5928624271446313
56 0.28751285779048885 0.5430749234987348 0.35743662599350046 0.5659350475270264 0.2949789562261458 0.7569548700104256 0.2250553955294663 0.7340951990304542
55 0.22569840071059843 0.4926877273068679 0.29374189417319485 0.5112908776632608 0.24088631074482691 0.7045973276180287 0.17284294931766908 0.6859945144252976
57 0.151682571875 0.565217390625 0.1551983921875 0.565217390625 0.1551983921875 0.5669920140625 0.151682571875 0.5669920140625