63 0.4577416950028237 0.5169304866034717 0.45650295664518126 0.4814993483181486 0.7195894025920779 0.47230014267643916 0.7208288190659005 0.5077305577213589
62 0.4681936060476346 0.47453328846501536 0.46865618020819966 0.44515761652573965 0.7021665385475444 0.4488327729669616 0.7017044553535925 0.4782079607323493
61 0.47293680950781436 0.4439979661812696 0.4729372263825553 0.4053238541942513 0.7568765717629731 0.40532472220079047 0.756876863629941 0.44399812221654433
60 0.7299623461974534 0.38915434695163026 0.7265370629038443 0.4245697361766134 0.48085093586041694 0.40080641785019633 0.4842766887078369 0.3653915358814914
59 0.7597539331410417 0.34572947241046414 0.7564968879484013 0.38867216789233666 0.5013031730610464 0.3693146916846596 0.504560771445199 0.32637253206432276
54 0.722828032776988 0.28349411723473494 0.7200073778145679 0.3399760798593066 0.5047109774114915 0.3292230908187839 0.507532172969718 0.27274166317030163
43 0.523645330001159 0.27141180360306566 0.5270773331853889 0.21580097396018302 0.7500896426387271 0.22956334137448367 0.7466581453743402 0.28517367020536233
0 0.5494039416118994 0.21247768379577506 0.5589055106744354 0.154717889769394 0.7858224401830967 0.19204514328181743 0.7763213367810522 0.2498045163514902
64 0.45607782238528216 0.5529884378431783 0.45607820315638037 0.5153188579996992 0.7169474175323103 0.5153198268119119 0.7169478351021326 0.552988576188395
33 0.7090127018616386 0.5577794854618341 0.7087980169294497 0.5863204059926458 0.4683195127261115 0.5845091789795694 0.4685347893986318 0.5559688646168756
34 0.4754612114666088 0.6270847977626904 0.47378735655547644 0.5906050291692381 0.7434917064871343 0.5782288903086071 0.7451664202291113 0.6147077265621597
35 0.7312178451787759 0.6098068999781245 0.7338748959321038 0.6434361693938792 0.48923341422494104 0.6627592522719005 0.4865772186007007 0.6291307719963068
36 0.5001862479587089 0.6936946169070136 0.4985696440810443 0.6587030539059918 0.7502370228944528 0.6470756576411939 0.7518544817984321 0.6820662898768086
37 0.7179244567544174 0.6780240791796989 0.7223905461423783 0.7312623673711902 0.5100413750963071 0.7490695317666042 0.505576605205988 0.6958324462915245
38 0.5283091255981844 0.8018920637541421 0.5253090737789989 0.7478141666069935 0.7552180989664521 0.7350597930551876 0.7582195189839922 0.7891362191028222
48 0.26209838630245486 0.5551252968157429 0.25975008164016344 0.5300707943840509 0.4330492825502006 0.5138278868203002 0.4353979064477471 0.5388820441466882
47 0.43908465179708855 0.5393797106305498 0.44255114296674947 0.5664962259823918 0.26882092693324466 0.5887019647754943 0.26535488662159423 0.5615858629351062
46 0.24190779447133082 0.6253644293940268 0.2375398518494194 0.5935775339731808 0.4402392342623216 0.5657253461781384 0.44460766912561667 0.59751165209224
45 0.45576279589033675 0.5941303437389532 0.46203396646558303 0.62761752463236 0.25901027213240013 0.6656315571500325 0.2527398587969856 0.6321450520306614
44 0.25562877228958314 0.6893434805700084 0.25182491991495226 0.6490162648924672 0.4684041906263019 0.6285879307320205 0.4722088322396303 0.6689142789660958
42 0.49251726135503304 0.6652044340363429 0.5019311187240874 0.7301996412821747 0.2852990284251291 0.7615682550020078 0.27588688631124114 0.6965745839302429
41 0.40550133124997956 0.7719738828125327 0.40550133140720845 0.7714716216549342 0.40727595317741816 0.7714716220950277 0.4072759531251222 0.7719738831478498
40 0.3349275883674636 0.884326035570656 0.32315365105353067 0.8196809803272742 0.5290496943794096 0.7821866457890287 0.5408249551069275 0.8468299901280655
49 0.4356698837997328 0.4897035312706063 0.43567007537274094 0.5158211837642653 0.25377100602281644 0.5158215039465128 0.2537711787205126 0.4897042310359903
50 0.44003526026870077 0.46339207759681234 0.44044822016621765 0.48781621496271393 0.26643186289936693 0.49075712416611106 0.2660192170822029 0.46633329986349864
51 0.22745679816921438 0.44749478429224004 0.2301556502859512 0.4126612419244454 0.44942980855933 0.4296476236649251 0.44673150133985473 0.46448067092838835
52 0.24168301342513132 0.40454842253118506 0.2467043628431611 0.36598489041814103 0.451544587310309 0.3926547921463317 0.446523773992908 0.4312178402954688
53 0.24723687095956848 0.3533265784697444 0.2578721361054477 0.30774137150016023 0.4701532394037713 0.3572647001311074 0.45951858860337325 0.4028493849515147
56 0.2585376713840333 0.3279065698417974 0.2679211968116988 0.2598436455209995 0.49230572107217085 0.29077670846759285 0.48292300342052386 0.358838918286979
55 0.5137850859523496 0.23546922030831344 0.49653965950824386 0.3012137044063069 0.2840213891291796 0.24546808076851995 0.30126714864877613 0.17972414622798744
57 0.5428576832490535 0.16285461020017436 0.5243723224674568 0.23633388461701443 0.3201899633818357 0.1849669160315505 0.33867559822317617 0.11148802579889239