63 0.518260196935671 0.5566267784115411 0.48104963762239095 0.5557110692388488 0.48706878406915166 0.31115899020297766 0.5242781006664927 0.3120746837489619
62 0.4783941351145131 0.5461991725086623 0.4425370054244695 0.5437479964399076 0.45795343925374254 0.3182519747327323 0.493809496771064 0.3207031138189605
61 0.4225612179601512 0.25414848287752234 0.45959668697003053 0.2564025315963955 0.4417960629348272 0.5488655489225212 0.4047605972078827 0.5466115410934372
60 0.40149394666252647 0.5426435219054407 0.3585810004879022 0.5371785001512389 0.38690262999091374 0.3148079572929489 0.4298142993169449 0.320272895284276
59 0.3567188162903676 0.5312588388067377 0.31586388043092484 0.5250330561022932 0.3481219437400114 0.3133655604801938 0.38897577296052077 0.3195912573505829
54 0.2853213758376114 0.29360167343874943 0.3454195561761253 0.3013499202632654 0.3182441873989319 0.5121223586686414 0.2581460248809435 0.5043742130648565
43 0.2553894328741535 0.49279036036508717 0.1920039737992738 0.48005972605695557 0.23317823548234173 0.2750699214249781 0.29656208145229357 0.28780038171216105
0 0.23231495448101214 0.36300077181541945 0.17899695812582195 0.3448930006322145 0.2165218654547516 0.23440566583593178 0.26983935158909844 0.2525133436545544
64 0.5596237463356601 0.5546653579148406 0.519044950218472 0.5521133242895837 0.5338771385704604 0.3163004590118944 0.5744546409629265 0.31885245129449924
33 0.5588470717564178 0.3350634750039853 0.5918146112373961 0.3342152954711051 0.5972411692664537 0.5451265940134922 0.5642736301940658 0.545974761435675
34 0.6351414250307243 0.5490075725538456 0.5983834431992818 0.549417135190016 0.5954202399396991 0.2834190148176232 0.632176969965144 0.2830094592009635
35 0.6268495737010653 0.31910328184412345 0.6634632878489128 0.3172193012078886 0.6746070351993012 0.5337787729272773 0.6379933230172128 0.5356627270498785
36 0.7139621346743752 0.5270629411955292 0.6776288683474831 0.5307313410562812 0.6547222326223618 0.30386399541455866 0.6910544261842233 0.3001956512007246
37 0.7681688715327937 0.5170603377337188 0.7143148573562712 0.5221152230978099 0.6944800224271148 0.31080340352307223 0.7483325601097022 0.3057485893124881
38 0.7334791212414302 0.29051059915167254 0.7930288446590339 0.27978592297461613 0.8304678878180312 0.48766080598650247 0.77091820097246 0.49838534414981683
39 0.7636499098634886 0.2599674968526599 0.8138442490434272 0.2463793788710179 0.8440187775877348 0.3578407979143202 0.7938244685394693 0.37142884155746403
48 0.5077850328125 0.5687666375 0.534404821875 0.5687666375 0.534404821875 0.744454303125 0.5077850328125 0.744454303125
47 0.5705002151757981 0.7698636383424476 0.5421583673911528 0.7707802518015 0.5357778207300044 0.5734999142183697 0.5641185455791629 0.5725833187069262
46 0.6157753526805436 0.8103588117501553 0.57786178876961 0.8123831443105591 0.5644830015302205 0.561829804675195 0.6023946548856429 0.5598055219202491
45 0.669601308890833 0.7497830412371257 0.6332934652662061 0.7561604236131405 0.5998960707174774 0.56604458487858 0.6362025660254176 0.5596673223044215
44 0.7153408774913714 0.7568498685560942 0.6734553406255372 0.7642581048482265 0.6350403966296199 0.5470885908613342 0.6769242113110749 0.539680506506105
42 0.7815057078428254 0.7410830479642649 0.7178309330031425 0.7536098956870273 0.6764470617432607 0.543275395491767 0.74011925466516 0.5307488084612535
41 0.7404501378209716 0.5085375885296235 0.8077750999862019 0.5005153695876038 0.8309500202386744 0.6949869314665399 0.7636250837094849 0.7030090070238125
40 0.8154727574356002 0.5083735206550983 0.8660890993862722 0.511238374250251 0.8589881449851191 0.6366864818268211 0.8083718057727083 0.6338216594510959
49 0.4800483157650888 0.5627034704991132 0.5076367096390868 0.5622573397064736 0.5105080114715292 0.7397950329814901 0.4829196178342272 0.7402411559260813
50 0.48001019049263505 0.7548843156022377 0.452024263547969 0.7552443016614128 0.4496050596275154 0.5671653968642626 0.4775899306862357 0.5668054175801417
51 0.4126499683483189 0.560044515816677 0.45171429527454166 0.5626528805273167 0.43393981776728197 0.8288178528660896 0.3948754981200864 0.8262095612112071
52 0.3837361231912837 0.759479522744391 0.34448932011173383 0.7534215097532094 0.37591202353223707 0.5498831130659334 0.41515728854892586 0.5559410074932652
53 0.33213753222878495 0.7576484598806531 0.2921778799686763 0.7490131267255529 0.3378846315466717 0.5375400896019324 0.377842696316975 0.5461752491559607
56 0.27262002847817257 0.5241451789585106 0.33481466400269255 0.5347056798902111 0.2995157635504029 0.7425703139891494 0.23732118269094826 0.7320100255999824
55 0.24392230071066479 0.6785527559263034 0.1794479934857236 0.6677038356555572 0.209756409835677 0.48760898528992624 0.27422871470434984 0.4984577359815656
57 0.19582641423289715 0.6183833645474991 0.14627045711699793 0.6150175759194682 0.15456169477795356 0.4929611504266325 0.2041166346253931 0.49632690451426664