63 0.49144528628698936 0.2647409162583498 0.5356520951795574 0.2669487111368729 0.5215478193949821 0.5493468116961209 0.47734101284663666 0.5471390560407694
62 0.47571847915708076 0.5379732108963982 0.43684661444797257 0.5351342778865168 0.4565220478120864 0.2657578153960702 0.4953926140835847 0.26859670033449445
61 0.4090225765994546 0.23822007330104264 0.455636849842449 0.2409146627107544 0.43906790447954336 0.527532877516102 0.39245363517704845 0.5248383343497864
60 0.38108199574367063 0.28323603209625603 0.4238560308158412 0.2896072924626436 0.39023104736395453 0.5153414783681618 0.3474570302759048 0.5089703083225375
59 0.33641130111845996 0.2220236442538715 0.3866378881543824 0.22800877412034237 0.35449358044922974 0.49775144397711835 0.3042670084328165 0.4917664015922971
43 0.2848678092058208 0.4578643544990357 0.2156401658762661 0.46101310536880774 0.2038069333175372 0.20084170441615284 0.2730325758799381 0.19769300207066418
0 0.20923042102981526 0.4323330407198515 0.15101230459731596 0.42464405299048164 0.18309148739274406 0.1817688131242762 0.2413081008634208 0.1894576921759965
64 0.5721564687815999 0.5535960313800229 0.5219675748578538 0.5539851707238983 0.5196568132515722 0.2558352932161033 0.5698436789749621 0.25544616220944344
33 0.5724093216696247 0.2786466099734821 0.6136795453542163 0.2784566953867755 0.6149171915729994 0.5473965095308673 0.5736469679600305 0.5475864208766357
34 0.6531180270559389 0.5431341874310377 0.6132720239951368 0.5452652159451069 0.5983045508631903 0.26540582417693226 0.638149075445881 0.26327483716728955
35 0.6336734792864718 0.2492640685281466 0.6798639781212614 0.24574642632186033 0.7012918116732862 0.5271060115980768 0.6551013200086118 0.5306235940644356
37 0.7178470073283734 0.27803867509673424 0.781431313447797 0.280988659322693 0.7709840564151591 0.5061606664721013 0.7073997530617362 0.503210722085571
38 0.7488232515278241 0.2323429528503437 0.8094843520977975 0.22569736021091905 0.8361206147777693 0.46882587263019043 0.7754595296155458 0.47547137800068784
39 0.80380809119481 0.2787719637014669 0.862501938332457 0.26728772563172915 0.8933388193180463 0.42488407651105475 0.8346450037735167 0.43636821436789913
48 0.5371050734524943 0.7687599408233994 0.5089082937221292 0.7667421809899171 0.5232860660793222 0.565861608182081 0.5514816671874314 0.5678793249999962
47 0.5505213520344796 0.5584090655760067 0.5794681441955163 0.5592713457075555 0.5729848696926183 0.7768884365079329 0.544038078433573 0.7760261751766183
46 0.6286707561123421 0.7967637638008329 0.5928682428287857 0.7998185265622976 0.5732156314314807 0.5695087971745711 0.6090164614798823 0.566454105765878
45 0.6624963941272881 0.7686081583276545 0.6229801108128186 0.7709683134180358 0.6103163810026899 0.5589546661445195 0.6498310129314859 0.5565945596848418
42 0.7823934595361379 0.7335806592931601 0.7087159291279477 0.7532425079556933 0.6518487958637706 0.5401703726638983 0.7255234398199946 0.5205089214489523
41 0.7875439484943172 0.6282165046875 0.7870416874432067 0.6282165046875 0.7870416875567798 0.62644188125 0.7875439484375875 0.62644188125
40 0.8916450005218621 0.6501374894616572 0.8097256606396286 0.6592962224392191 0.7865848159059396 0.4523211213992809 0.8685013201882157 0.4431625482137055
49 0.5103170090410458 0.7516541700661427 0.48447543492829936 0.7501146198846451 0.4954755063359926 0.5655105561235622 0.521316141582588 0.567050078606257
50 0.4625818439324121 0.5589894932974482 0.49430412629681086 0.5595175477339975 0.4912495123298868 0.7429980326263428 0.459527230170238 0.7424699877593048
51 0.43457961746321416 0.5546961373781278 0.4738519286961491 0.5625487735958558 0.4324076105712038 0.7697922216151525 0.39313534678558426 0.7619397537862548
52 0.39652906114247344 0.7560174531489797 0.3611957120452871 0.7492614356246503 0.40120710601956944 0.5400385381408572 0.43653902386506616 0.5467944159201148
53 0.34933929248700224 0.5259178079236367 0.40126462031025767 0.5313601134477779 0.37755689285052085 0.7575313091941702 0.3256315849743032 0.752089122186083
55 0.23778378915653775 0.469308940711267 0.31749470041802397 0.5003111637027545 0.23645944345275893 0.7086429130534808 0.15674887050636244 0.6776413056716748
57 0.16172086814174236 0.4327527046061359 0.23587595822345975 0.4453443891199965 0.20330662445019243 0.6371364726131519 0.1291515835151813 0.6245449871189718