63 0.5070565061283787 0.6384088313528382 0.4694692278759476 0.6370363220798891 0.4766983218931955 0.4390997034226787 0.5142843486157744 0.4404721894458132
62 0.4687547106001375 0.6347820994401852 0.4401548941971214 0.6339841285543537 0.4456323774370503 0.4377047889182643 0.4742312856157014 0.4385027472054266
61 0.43027410950435296 0.40159572060668997 0.4597930546402722 0.4046006892941193 0.4355211634489251 0.6430151605040086 0.4060022270128911 0.6400102480999468
60 0.39578350443798627 0.3977400289476069 0.43230366482009686 0.40135732916519146 0.4100377239315094 0.6261372470575948 0.373517573287927 0.6225200106679641
59 0.3587960610735763 0.39698308566326224 0.40036958474649964 0.4015669630653796 0.37673475062933903 0.6159080063805084 0.335161238247224 0.6113242051314947
54 0.3070924466121596 0.4000161870389394 0.37088938676231464 0.4106046038234712 0.3393078033876691 0.6008752421252863 0.2755109001402616 0.5902869811578817
43 0.2776018220539527 0.5613336111799075 0.22101671879681817 0.5482612531066199 0.26329238468474614 0.3652832858390453 0.31987600439288144 0.3783554625766013
0 0.2547035499088679 0.45298769471321104 0.2036433290744526 0.4451889815258066 0.2205946121443958 0.3342123738445659 0.27165416906302653 0.34201103599626836
64 0.5185124753672881 0.4442520873567839 0.5561096590695342 0.4434639499383025 0.5602923791479952 0.6429792344048353 0.5226951957207575 0.6437673587811918
33 0.5879474622327052 0.6363550743455801 0.5603538765067242 0.6372805758299328 0.5538822079250849 0.44433329059048576 0.581474908990117 0.4434078040494449
34 0.6242464414331153 0.6378860094432377 0.5904348885569561 0.6393869519513153 0.5795895596361333 0.3950819350875753 0.6133998246460806 0.39358102104127374
35 0.6171369182936814 0.43598219563609375 0.6470998244979 0.4346776698847257 0.6554067586241672 0.6254597245993168 0.6254438539614284 0.6267642300997087
36 0.6406073203330607 0.4242861086640683 0.6691820652424667 0.42177027451568194 0.6857185459440416 0.6095770263813591 0.6571438058911099 0.6120928233342227
37 0.7407382341361881 0.5922574530192286 0.685771241109137 0.5979983024649393 0.6664807651071669 0.4133060474724018 0.7214461992318775 0.40756528039626794
38 0.7142151684435021 0.38243747222674507 0.7646862209311394 0.3752957601639921 0.7917876085806483 0.5668116164394013 0.7413165776265487 0.5739532288602969
39 0.7497298899359066 0.3498098276856813 0.7955080191222805 0.34207511501419224 0.8137921536339263 0.4502854023138811 0.7680140371437574 0.45802006315456767
48 0.5615737279333644 0.7937474697055187 0.537428295362929 0.7960250284681514 0.5243443436934285 0.6573354268591898 0.5484890428767812 0.6550579027579357
47 0.5896373990443635 0.8166776551238714 0.5638852745199756 0.818797604456784 0.549814575069945 0.6478969287498894 0.5755657150842808 0.6457770202652909
46 0.5746892234282086 0.6372919971356563 0.6041070495048189 0.6336499367902405 0.6298703863537867 0.8417145699017332 0.6004525765089284 0.8453565444336303
45 0.6655606623448875 0.8248418950001889 0.6322565936374076 0.8298312801927937 0.6021462247340423 0.6288749747259881 0.6354488004296854 0.6238857042075053
44 0.6360735078135349 0.6128565140101505 0.6699260815062189 0.6080666106233644 0.6976295527380216 0.803832497215836 0.6637770002103025 0.8086222983482221
42 0.7509141228957787 0.7651011305500536 0.6945323912967751 0.7730787574896714 0.669105041500984 0.5933909873853068 0.7254847347594477 0.585413504651409
41 0.7935710703779932 0.724046140625 0.7930688093096023 0.724046140625 0.7930688094404559 0.7222715171874999 0.7935710703125096 0.7222715171874999
40 0.8255962589690853 0.6762160000856404 0.7773410971020667 0.6652914774467448 0.7994951631626463 0.5674478144965053 0.8477494448726475 0.5783722338191922
49 0.5053509886715801 0.7728200968136838 0.4800955798959876 0.7730949731611035 0.47890665090289986 0.6638483434971365 0.5041614607504243 0.6635734703919112
50 0.46827874352993604 0.8010349094392414 0.44295563558932827 0.7990581053781962 0.4539977540414384 0.6576365816297249 0.4793200716785577 0.6596133548086401
51 0.4377003493682423 0.8314506218338245 0.40427170601390117 0.828928076000395 0.41870698400794026 0.6376758566611944 0.45213420501022483 0.6401983487530803
52 0.3887111520338067 0.8252911564964093 0.3536310811234671 0.8190328337034434 0.38876016487574816 0.622160224978717 0.42383876700512246 0.6284184159418885
53 0.3524309133022143 0.8069600050957483 0.30747294023456107 0.7982857153632568 0.3437180192972846 0.6104670817328002 0.38867417954838857 0.6191411911978862
55 0.23689925324481464 0.5455077450319118 0.30365982815874304 0.5677549859798701 0.2455470752366864 0.7421212167810655 0.1787866834692977 0.7198743753133771
57 0.2250095987366194 0.64683847353749 0.16943977870846538 0.6625642419229096 0.14294338915874505 0.5689435772830238 0.19851226952152956 0.5532179495689158