63 0.2732919250000805 0.5173279765625348 0.2752435709705878 0.47134701346100794 0.5528260359882324 0.48312513704002796 0.550875400702239 0.5291051526179438
62 0.5362059656043812 0.5318497195066172 0.5333335769781797 0.5668672559075152 0.26324349607511977 0.5447112146850503 0.266116590658271 0.5096944609489095
61 0.18452714245825064 0.6032030988638916 0.18467066847790647 0.5582437941336783 0.5298080772413414 0.5593399409399749 0.5296659288147794 0.6042979204183136
60 0.24653851336256594 0.6364586415691456 0.247586957175713 0.5964376915405103 0.5153312080460637 0.6034485650391626 0.5142838051643821 0.6434684855770507
59 0.507913499157894 0.6428617816663735 0.5053773776743355 0.6854295601464947 0.2655575628668885 0.6711406086886125 0.26809464090467827 0.6285738853233812
54 0.49088031633777973 0.6838959413623563 0.4900264942722288 0.7412601443435597 0.25681161088527915 0.7377860695219571 0.25766685294104263 0.6804233242442727
43 0.4779182071482637 0.7450519619316375 0.4692082726778608 0.8066036696664836 0.22305210973036083 0.7717724274642772 0.23176350900166653 0.7102224497115641
0 0.3335501079275218 0.7590057505262923 0.3265994619623598 0.8203993450836017 0.1598176612167208 0.8015184529267728 0.1667693648620343 0.7401260754275407
64 0.5568308401946069 0.4441845706353188 0.5576010763508066 0.4824393226517754 0.2855487011547666 0.4879140200545346 0.2847792187444611 0.44966003076282024
33 0.5480333317790382 0.4078822956139905 0.5488083062994065 0.4424868648739037 0.23579990455084499 0.4494931153215736 0.23502565285514265 0.4148892696854969
34 0.5459008231171083 0.37394031001824435 0.5452345970886654 0.4124090048585495 0.209756952456587 0.4065961178215196 0.2104239307067246 0.36812823176221987
35 0.5383138846722204 0.33609665132846567 0.5389966203855465 0.3720952123990297 0.2844103683067942 0.37692139253282686 0.2837281383890513 0.3409233264452319
36 0.2929794207948362 0.33742103430180326 0.2924738978172172 0.2904861057027509 0.5257173029175419 0.28797269583782564 0.526223343602851 0.3349071245958994
37 0.2598218840722666 0.2965078926159831 0.2581084025914606 0.23927090125194436 0.5266023460096676 0.2312319157868021 0.5283164287241107 0.2884683148665415
38 0.22092461228567117 0.2730164027626191 0.2119912474015564 0.21777719227607004 0.4863851707151525 0.17340110523179783 0.49531896760368 0.22863984169081114
39 0.20110765685944898 0.25905618291168386 0.1844524846553668 0.2010034767819237 0.34036769797683064 0.15627217385564657 0.357023046718723 0.21432457503314867
48 0.7683924387192747 0.4547332842809242 0.7689561554616375 0.4786195516642458 0.5634733565518673 0.4834666649789904 0.5629099983952983 0.4595807392100356
47 0.5678792416870238 0.4570567437747598 0.5678795073744141 0.42792557543242205 0.8021294778361607 0.42792649625956347 0.8021296724072045 0.4570571870100609
46 0.8354037364611031 0.37315022674590675 0.8387251057330332 0.4095706282591087 0.565506127039157 0.43448318013266624 0.5621854191604143 0.39806339382947253
45 0.8202941293122876 0.3287039250180983 0.8250629895417205 0.36661118812599885 0.5761885611188973 0.3979167995623063 0.5714202762304694 0.3600100383378652
44 0.5663536422414381 0.3579219271585093 0.5619860079483487 0.31713633507062106 0.8067395751108961 0.29092626004458627 0.8111076366308225 0.3317113152642772
42 0.7818687978117396 0.21222572711385465 0.794054357637151 0.2760243041301247 0.5533556194861831 0.3219951837941314 0.5411707735454456 0.2581972132591601
41 0.7597625082221384 0.1569445926009591 0.770774959807909 0.21671558588872564 0.5205703798094419 0.2628122838062166 0.5095584701069811 0.20304174579090536
40 0.5060206879553562 0.20039027503672086 0.4988329028345788 0.13478204080099254 0.6402402626850972 0.11929000314332072 0.6474282463804002 0.18489800101262552
49 0.7630817789116691 0.4824830486943145 0.7632967745499855 0.5069866490772473 0.5696838172494836 0.5086836678624667 0.569469182728426 0.48418042452519305
50 0.766445480914058 0.5021121307865831 0.7676179891104766 0.5306792237769935 0.5646837010217496 0.5390057803191365 0.563511670265143 0.5104391426656737
51 0.8194461902174908 0.5389486875322745 0.8185535252968066 0.5878791734594971 0.541602300656109 0.5828228054201235 0.5424961005595605 0.5338934485768019
52 0.7935063799237696 0.6009975278798857 0.7886627345561692 0.6382485461374439 0.5462682247168686 0.6067306801113395 0.5511125805447818 0.5694804780982344
53 0.7906465968775365 0.6486449488243314 0.7825268215756296 0.694547660115329 0.5228493674865149 0.6486144458717307 0.5309700779218929 0.6027128876161981
56 0.6433007984375081 0.7046710199426334 0.6433007985809809 0.7051732795503364 0.6415261750479431 0.7051732798245235 0.6415261749999672 0.7046710203124967
57 0.46614926599943374 0.8116514226551855 0.4949870431347563 0.7307579195745726 0.6471747287877179 0.7850007983367883 0.6183388288887954 0.865892706747886