63 0.4689914761546561 0.33259802876349837 0.5139491180951836 0.3343759247847721 0.5030565298480951 0.6097996912919204 0.4580988897954512 0.6080218311888024
62 0.43248587203504485 0.34878690916646216 0.46993364378818114 0.350630000689665 0.45764487294275114 0.6002964357713511 0.42019710333943294 0.5984533781308476
61 0.37710311407909103 0.3048928798270552 0.41938465819544035 0.3041890050831701 0.42424030188317374 0.5958496975068485 0.3819587580796906 0.5965535577934625
60 0.38094323287839416 0.5866714282188047 0.3468134437880508 0.5856411417983777 0.35458176979398104 0.3283430462226992 0.3887103084236969 0.3293733134859509
59 0.34496452208145456 0.5693998140332235 0.30963103589601815 0.5661777250373177 0.33240953249196536 0.3164129301729983 0.36774178048983686 0.3196349608550543
54 0.26830797698607967 0.3075185121521969 0.3263308443400774 0.3091503957258588 0.3194142179777373 0.5550634019696065 0.26139135150526727 0.5534315455629788
43 0.26695391136695434 0.5232234560341698 0.2102726320548527 0.5240322583478327 0.20742762650627355 0.3245926279089302 0.2641073386428161 0.323783837288021
0 0.21400523994680043 0.4763588545529118 0.1435730157083981 0.4578005015756375 0.19624555798918664 0.2579126591501315 0.26667613604411144 0.27647077526014335
64 0.5020307023877422 0.3559194389272878 0.5398323774107894 0.3554275821833785 0.5430788854912407 0.6049224499502706 0.5052772106438397 0.605414297700164
33 0.5200814127989588 0.3154204690145727 0.5599348209291293 0.3118959160685112 0.5844747477124201 0.589362084068573 0.5446213492792822 0.5928865674932101
34 0.6282479581738016 0.5901481044388244 0.5851339989410462 0.5934543595933747 0.5610981155235777 0.2800324746205755 0.6042101756843294 0.2767262954024406
35 0.6593487824643489 0.5823122930513923 0.6288455762220337 0.5847229259716508 0.6073652333017208 0.3129301461792151 0.6378672994607086 0.31051955880832566
36 0.6350595543470945 0.32459294979166103 0.6698371114763404 0.32116958699023707 0.6940317171986408 0.5669464106362323 0.6592541682515503 0.570369715200876
37 0.7540902898076638 0.5452695705884694 0.6916621566430194 0.5525875140325093 0.6639066019897655 0.31581689645974964 0.7263326081643982 0.3084990864712286
38 0.7336017375748725 0.32599585716743085 0.7926334231788132 0.3215872112783312 0.8072360206127769 0.5171060110951362 0.7482043432514729 0.5215146004046988
39 0.7375392646919181 0.27056970999159113 0.7977113960677116 0.25058852886733984 0.861736549072134 0.44338974913743817 0.8015645260919655 0.4633707034057424
48 0.5615275861488271 0.7941436686252482 0.5345687260739851 0.7969729144383135 0.5162324932715592 0.6222784275437941 0.5431903747694378 0.6194492323252673
47 0.5851338945295765 0.8021295105737724 0.5541545869780293 0.8035421445146271 0.5455999114026326 0.6159537493713246 0.5765779977804186 0.614541142810442
46 0.6333512655401137 0.8269741452052892 0.5958617542786442 0.8308153022256342 0.5737317431224938 0.614854052587288 0.6112196086329504 0.6110129762301049
45 0.6772704796364906 0.8087811544178737 0.6418063823450666 0.8147282433098378 0.6064565529298989 0.6039563951528626 0.6419191336942731 0.5980094317473157
44 0.7255105987468369 0.8051277335797992 0.6883276947085051 0.8132584993631581 0.6396153594049565 0.5905245474671599 0.6767965115533343 0.5823939811676885
42 0.8039415209389063 0.7704527167111863 0.7386626372344836 0.7904431101792063 0.6699400375666755 0.5660573105932383 0.7352161376513777 0.54606736313495
41 0.8490018023339871 0.7208398291350115 0.7831854889612941 0.7366198420896776 0.7324584307035593 0.5250657381635939 0.7982722759907119 0.5092860240456599
40 0.7973450711593841 0.4936231471703272 0.8649605262567093 0.4804678662847734 0.9035261700137198 0.6786683557222019 0.835910787256239 0.6918233977542781
49 0.4918831308799554 0.6202937294594536 0.5178174004647644 0.619070565947484 0.5254048175145272 0.7799211541843153 0.49947054939002555 0.7811442968129934
50 0.4994413800869779 0.7884506285446052 0.46839415403155726 0.7899339462852526 0.4603482476543377 0.6215372304275668 0.491394366180657 0.6200539389525147
51 0.4532271863688493 0.8207484159119337 0.41525043893250313 0.8185762004343474 0.42737954884989904 0.6065704757998797 0.465354613507202 0.6087426442944948
52 0.3969109914020237 0.8038688407497133 0.36153619928734315 0.7978193622743157 0.39554585040821166 0.5989801310694044 0.4309192397752213 0.605029491878653
53 0.34843127431338416 0.8157193772952612 0.3100337696182578 0.807103781754829 0.359725842637431 0.5856766974613432 0.3981216800452785 0.5942921076416804
56 0.29822442528245574 0.8101750550152917 0.22771886033115152 0.7905120881943003 0.29306858456186546 0.5562278072649162 0.3635709818693158 0.5758903235305527
55 0.23191805228793783 0.5252842581119236 0.2967051658553146 0.5400747836483201 0.24804280558385017 0.7532064047571196 0.18325579834595374 0.7384161915485408
57 0.19189626090610545 0.7111376175332194 0.12287395877524432 0.6962362665856723 0.16733082106463826 0.4903456621637448 0.23635058045442747 0.5052467306077087