63 0.45745031535318503 0.3833833805022547 0.501794495994659 0.3815242236127475 0.5123435776318956 0.633120539234617 0.4679993989353761 0.6349796595775972
62 0.4640297112906637 0.6314446121858238 0.42989579316486015 0.6300646577324311 0.43887975500820176 0.4078751213975126 0.4730124430847127 0.4092550505553721
61 0.39290113729828136 0.3717516591226939 0.43152786030282186 0.37185935708626633 0.4308004659477547 0.6327268931212268 0.39217374293650664 0.6326191973297093
60 0.38823883072609533 0.6179113576130199 0.3475835421535294 0.6133994728408838 0.3728237250352322 0.38599220793718814 0.4134775866896234 0.39050401219214015
59 0.3213287527900093 0.38642946224221414 0.3638572820555055 0.38745376773010654 0.3585769765511486 0.6066739619000597 0.31604844781031716 0.60564967331813
54 0.26017076875 0.40550133125 0.317428428125 0.40550133125 0.317428428125 0.6007098484375 0.26017076875 0.6007098484375
43 0.25554011093333884 0.5821654331834935 0.19712206832389256 0.5755525370304477 0.21990515478887573 0.3743117970815121 0.27832138112705707 0.38092458539667934
0 0.19731650362223263 0.5476238562576187 0.14316567874766406 0.535835442443828 0.18346361646342757 0.3507407751968143 0.23761309294025068 0.36252903724255686
64 0.5530575025263715 0.6359443941430385 0.5109534447326496 0.6349514606738476 0.5166118759088931 0.3950725444450353 0.5587142913520893 0.39606545809558175
33 0.5916971312075248 0.6305759523383221 0.5585444187846633 0.6313418530376055 0.5533018292335328 0.40440407595963346 0.5864533104172551 0.4036381898373232
34 0.6308333909104249 0.6270660883381061 0.5933661342754704 0.6278514986056194 0.5880661339934932 0.3750051479245484 0.6255319283711742 0.37421975310365846
35 0.6124637116222402 0.3926242055202749 0.6507136434537415 0.38901597819609807 0.6722363757769472 0.6171568261807403 0.6339864526261181 0.6207649889127506
36 0.705799589800904 0.603195123956074 0.6694433337585224 0.6072023929552037 0.6467046167479111 0.40091531602795033 0.6830597011153259 0.39690811319304736
37 0.7569063652438217 0.5882874890624998 0.6981414349575061 0.5882874890624998 0.6981420978170263 0.3966282171875001 0.7569053649697253 0.3966282171875001
38 0.7490976284453836 0.3808457831808935 0.8041038423432383 0.3781384826981366 0.8133586729109084 0.5661638318288823 0.7583524622018558 0.5688710951848301
39 0.7773633082338165 0.364203264703362 0.8304932933750706 0.35199573109632704 0.8688663277762316 0.5189949308098258 0.8157363913690006 0.5312023225389289
48 0.538256325935663 0.8098836957119094 0.5157797318832991 0.8108554242845395 0.5087681193850813 0.6486907374762815 0.5312439182735034 0.6477190259116772
47 0.5313166410163603 0.6455866041440395 0.5568064946726281 0.644512310431787 0.5640239126975075 0.8157344331267947 0.5385340604231033 0.8168087064383411
46 0.5984878173600237 0.8684225880662578 0.5666595644526069 0.8699505083844983 0.5554789403635141 0.6370713270265869 0.5873055173409512 0.6355434466417078
45 0.63459897860605 0.8514018727018696 0.5969707706976806 0.8531889257160765 0.5870871971419547 0.6450971743954961 0.6247135927044383 0.6433101649391323
44 0.700020620277769 0.8543359765387236 0.660852807037827 0.8615532492820974 0.6205376512929206 0.6427985555643962 0.6597035830986897 0.6355814572838714
42 0.7676864406780624 0.8218310794816667 0.7034625178648639 0.8356781121147633 0.6577710495250813 0.6237857854302749 0.7219920304694369 0.6099390797990055
41 0.8247920742753649 0.7716975674142755 0.7599248989469061 0.7860947575748469 0.7170254661356239 0.5928320832037326 0.7818901197605328 0.5784351795971115
40 0.7807884225851467 0.5639235009437309 0.8443507535656636 0.550231688166058 0.8845843739209158 0.736988626159289 0.8210221287124568 0.75068018048305
49 0.48117895223583673 0.6448334485870381 0.5060479691511546 0.6423703183053884 0.5218822698317354 0.8022175754893339 0.4970132594180541 0.8046806624507861
50 0.5028342521851528 0.8086666421219704 0.4771162416957395 0.8123493332255555 0.45302604929520385 0.6441414342697057 0.4787431102205346 0.6404588120795879
51 0.476786795920475 0.8652685129416309 0.4402623934299754 0.8684571548647844 0.4201611953914153 0.638239503619737 0.45668367667315124 0.6350509460215659
52 0.38758100557470243 0.639765048149307 0.4260551520304716 0.6393206587791701 0.4283949299529013 0.8418617047231061 0.3899207836726646 0.8423060840480924
53 0.35447122763230254 0.6330930773093737 0.39077004723435493 0.635682581870661 0.37523858692827616 0.8533632466822751 0.33893977383297624 0.8507738059791395
56 0.29667007174327864 0.6111503840220472 0.3620943247080959 0.623302858575255 0.3213291545702077 0.8427333389220601 0.2559049848216546 0.8305811658395535
55 0.23097272851214257 0.5929341811471251 0.2971787075616703 0.6029918632083757 0.2638559708714183 0.8223121266046918 0.19765004202815817 0.8122546818467844
57 0.16398197582714147 0.5741747832111265 0.2297002164480091 0.5788242040214918 0.21667859165904702 0.7628576446396443 0.15096035981594014 0.7582083109952933