55 0.5971901919964466 0.5040255074168074 0.5935249980327626 0.5504351903488316 0.3371831121194191 0.5301896796434334 0.3408491630086701 0.48378096779636326
56 0.2942677681156738 0.5537959974525658 0.3008942954788836 0.5095827158233062 0.586175404960386 0.5523327382814918 0.5795500723623945 0.5965449596814324
53 0.5509843732295394 0.580105446640887 0.5537563762329683 0.633937996082931 0.24199807745162616 0.649986070073417 0.23922773253070773 0.5961551996221116
52 0.34075193862804554 0.6695590879142994 0.3433761874640595 0.6190153035883192 0.5829557966247876 0.6314500661275801 0.5803328106638901 0.681992664558824
51 0.2977749652241073 0.6822629756447223 0.30377500365887045 0.6427274946783066 0.562795790158475 0.6820282195834675 0.5567969500110621 0.7215626471950548
47 0.5466025999161275 0.7221439375638448 0.5362987475461978 0.783369475451544 0.3135934954389086 0.7458926009441742 0.3238985602139337 0.6846686224812688
35 0.44264716136353854 0.7261394699742684 0.44431996419052666 0.8046589875704501 0.270388841212025 0.808361555648738 0.26871766488795856 0.7298436529332699
0 0.32179403636359893 0.7505566741285586 0.3256720924639467 0.8233148938425826 0.20811875835090632 0.829578019819707 0.20424178519908764 0.7568208343109373
57 0.5829635419949 0.4409842293972746 0.5829640609617854 0.4897036666529646 0.3274176526839483 0.48970364875796374 0.3274180133255413 0.4409850915718939
43 0.31519708169423666 0.4512286236760287 0.31342942350079284 0.4098320883442274 0.5822581129897344 0.39835137067213766 0.5840264612231749 0.4397471963091251
54 0.56369233443354 0.3609591397240947 0.5613278975243929 0.41248884862912566 0.26079305796417884 0.3986967117432682 0.26315834191120757 0.34716793079166697
59 0.30020676281105807 0.3502309673910434 0.30224193518552056 0.3030610663776452 0.5719147719329385 0.31469449666209204 0.569880272911746 0.3618637407056971
60 0.5456158696073317 0.2746601523467368 0.5493264581596122 0.31398872207742984 0.30496616689686107 0.33704177973200206 0.3012560667659727 0.2977136812026595
61 0.3252141049756574 0.29688297285526427 0.31809830768565917 0.2326279625000776 0.535929966005142 0.20850450191113987 0.5430462375625211 0.27275894959532876
62 0.25915921232899564 0.27302551434290134 0.24448796885053525 0.21203930593886872 0.4259941212509375 0.1683752609104419 0.4406656257215218 0.2293610838748025
63 0.31596095066049656 0.18942543651793992 0.30182733215610824 0.22341081556020786 0.23409470894773676 0.19524283863647754 0.24822835270344967 0.16125753245777177
40 0.8207901500679782 0.4625598848567262 0.8206511205748939 0.4936361667308561 0.595246570114341 0.49262505253430505 0.5953861062862416 0.46154924953383375
39 0.5949292931385344 0.4602467519179071 0.5956254390583808 0.4270563311672843 0.8389679692602385 0.43215866672117886 0.838272384438028 0.46534851799262456
38 0.8694466692965079 0.38764032822507916 0.8698103168281932 0.4280177578440176 0.595598601285019 0.4304838739589887 0.595235647954155 0.3901070867619191
37 0.8096897506095502 0.33637885016160013 0.8135024986617054 0.3746952831289513 0.579989993983645 0.3979282231761517 0.576177786534231 0.35961226478789776
36 0.5796093409039713 0.36881128597507445 0.5687916295970581 0.3253778913942852 0.7785061989019368 0.2731466102867571 0.7893242032724856 0.31657950511207955
34 0.7638195455032246 0.20318682510827601 0.7800439338802789 0.2739961631827984 0.5577705817356673 0.3249225764335309 0.5415469237522075 0.2541138485469415
33 0.7007910352223234 0.14551243835975863 0.7155114139037551 0.22193359333408283 0.5239598428851195 0.2588292679918847 0.5092399862548973 0.18240856455184873
64 0.6389576564581603 0.12290223149296035 0.6337369639188637 0.1808769939849194 0.5045756672424204 0.16924568341627316 0.5097965119388164 0.11127108967085003
41 0.6027178324518445 0.5254622603846671 0.6014769781525047 0.49476682714365516 0.8283998555984908 0.4855934706336434 0.829641220755093 0.5162883274781634
42 0.6001135907657726 0.5585745535242032 0.5984170048501483 0.5273911608204609 0.8416945207530944 0.5141550653509115 0.8433916863165223 0.5453378056248527
44 0.8755442957540254 0.5630937030332506 0.874399953686634 0.6086039698108787 0.6010657102305004 0.6017279228228097 0.6022111268232493 0.5562187600586571
45 0.8314047283811306 0.6296141136178944 0.8243711936434011 0.6704399124099395 0.5872483674407931 0.6295897668414372 0.5942826420802021 0.5887649047512997
46 0.8007993099032547 0.6697624687220108 0.7918614503194021 0.7171309888142319 0.5792721752460466 0.677020087317034 0.5882108446985512 0.629652573905999
48 0.7899033259213866 0.736707060343208 0.7667107577507295 0.8089126368409164 0.5447866161265438 0.7376382649677792 0.5679802120006343 0.6654345376211909
49 0.6450754216826908 0.8096433953125344 0.645075421875049 0.8086388750000058 0.6468500437363218 0.808638875331507 0.6468500437637204 0.8096433954242774
50 0.5149052674124732 0.8819712230507819 0.510448671921722 0.8259861082527675 0.639378565647462 0.8157244662563539 0.6438360116296735 0.871708647486239