55 0.559862753430707 0.5012240290355233 0.5601206990560286 0.5393839740427234 0.346240389619652 0.5408273001572196 0.345983094702774 0.5026679934406703
56 0.3394831444981037 0.5590243119739098 0.34124692178590976 0.5292153636074124 0.5533402535050982 0.5417620421421885 0.5515770370492419 0.5715704583031685
53 0.5419420635079177 0.566570747211096 0.542285559227139 0.6026821667240799 0.2824074099920608 0.6051506213391921 0.2820647575811108 0.5690400431880636
52 0.5343289856444926 0.6063436979535355 0.5325799090059036 0.6444628488140837 0.2910019537299604 0.6333765099299077 0.2927518569570111 0.59525823876881
51 0.2819019604729647 0.663676050668753 0.2838343574242117 0.6290743728200802 0.5216670612387588 0.6423523236726493 0.5197355264539283 0.6769531867331967
47 0.5139600551447074 0.6776740292648722 0.5133372230684472 0.7272339548721976 0.3021328808937369 0.7245775110694582 0.30275681464399895 0.6750187190267507
35 0.2607592305682829 0.7586910019992139 0.26462298366277537 0.7109289290064963 0.490291678518588 0.729178582763709 0.48642923300906205 0.776939460202291
0 0.24161723347253883 0.7757730602009473 0.2507896047717395 0.7312234847837983 0.3855820197234152 0.7589704589228048 0.3764104683318692 0.8035193183628343
57 0.5661046999146038 0.4665992286777785 0.5663269429871889 0.49911793509138574 0.34440956488640495 0.5006322936128119 0.3441878574145676 0.4681141144826737
43 0.3513753328125 0.4349573078125 0.5696539484375001 0.4349573078125 0.5696539484375001 0.46459065781250003 0.3513753328125 0.46459065781250003
54 0.31722415227625334 0.4195881380840415 0.3199858788698293 0.3830975714919411 0.568895990284318 0.40193327095020803 0.5661348703825979 0.43842327321053975
59 0.5733072624933584 0.3572081152949497 0.5728537921219186 0.4005393137869935 0.3305596821351173 0.3980016529144604 0.3310137468741914 0.35467104445223885
60 0.5574512188676408 0.3189278766858283 0.5582648713343588 0.3562727881827107 0.32449729022062 0.3613642666011644 0.32368409929449626 0.3240198129441159
61 0.5462004322606617 0.2633228678779424 0.5485146987479084 0.31972935050282403 0.322279241177057 0.3290098225715408 0.319965571549119 0.27260392418030416
62 0.29262937570103986 0.27949148046356603 0.28910906972453176 0.22351522839120413 0.5221529564113325 0.20885846487167636 0.5256737185046632 0.2648342729999376
63 0.2657307871613739 0.23835901310700128 0.26299517209804435 0.1885376275303027 0.4326266925959317 0.179223163238471 0.4353625630683382 0.22904428577346347
40 0.582076227620405 0.5067804906019993 0.5820763970589269 0.4826718996710472 0.7630877480675053 0.48267230276591055 0.763087907656768 0.5067805582464477
39 0.7824915027671295 0.4652720902013686 0.7803612066421692 0.49538291972200227 0.5839690679223395 0.4814875572553851 0.586099759737408 0.45137714285111535
38 0.5847335369815028 0.4477835799870824 0.5886831591200234 0.4115085263583057 0.792469283530977 0.4336943455283706 0.7885202058627101 0.46996890011567316
37 0.7657416038402971 0.36825749249845247 0.7688837182707857 0.40525880381948115 0.5737173472431323 0.42182976105366726 0.5705757000041558 0.3848288737076428
36 0.5761013011110663 0.38131594852870704 0.5736390604771486 0.3436139424961727 0.7963863075535755 0.3290664175460706 0.7988489700496757 0.3667679512630194
34 0.5562416672104291 0.3528147912437695 0.5430645210934699 0.28957658301897227 0.7611386332150687 0.24413632212959324 0.7743162403866108 0.30737387174246217
33 0.7159132430854243 0.17943816702845805 0.7309153681555927 0.25207303978824225 0.5322636870112092 0.2931010888032305 0.5172621520840721 0.22046671093478687
64 0.635353590669979 0.095449112973277 0.6771087315170234 0.16747875956661712 0.554844854044859 0.23835344128436606 0.5130900085252961 0.16632404994541036
41 0.5813930185946674 0.5257971270213257 0.5838063082751432 0.5004360514543132 0.7456003822047705 0.5158297660370442 0.7431874460407926 0.5411905159507616
42 0.5802087921250632 0.5539189699059578 0.5821968528343859 0.5275830963895314 0.7720988332563365 0.5419162471955743 0.7701112201449405 0.5682516945033249
44 0.5699556405238582 0.5869752188738439 0.5727244895799686 0.5551874962157518 0.8047956737004824 0.5753980717949 0.8020275301707898 0.6071851327537666
45 0.5478705437265035 0.61905068732424 0.551354069886429 0.585298204940035 0.7695314260487294 0.6078121432984445 0.766048656810085 0.6415639116678766
46 0.5351417799504361 0.6556237453354155 0.5377761416236808 0.6207311157568604 0.760307186453133 0.6375285308728825 0.7576736467609635 0.6724203712737071
48 0.5213504778271272 0.7103416066281556 0.527754831769812 0.6555586487988784 0.7294001982754708 0.6791270557571797 0.7229971360235368 0.7339088309822656
49 0.48847150114806936 0.7654339390296173 0.5007688763645319 0.7040549657579822 0.6725178688667484 0.7384587165914596 0.6602219067434589 0.7998364412137833
50 0.46385237672745916 0.8135404163679665 0.4929890105941013 0.7478825431839742 0.6120545645237598 0.800709326224836 0.5829191724718612 0.8663661442067966