55 0.5054383198955748 0.597823795052283 0.4644075437512356 0.5960373862076631 0.4753308709560997 0.3451851383651821 0.5163600047950467 0.3469715090249003
56 0.46710228898768946 0.5847382553297524 0.4263235788349675 0.5833056423389933 0.43524124961220423 0.32950753456194487 0.47601849308148303 0.3309401214618924
53 0.39259894825988795 0.2669043338272075 0.4320426988449526 0.26724780391754427 0.4292994579391234 0.5822632123844074 0.389855707412039 0.5819197494897167
52 0.345554996875 0.36645962656250003 0.39126067343750004 0.36645962656250003 0.39126067343750004 0.5900621125 0.345554996875 0.5900621125
51 0.3433093168503092 0.5773370771205454 0.306579146514423 0.5746811098944689 0.3247829777055813 0.32296337937366826 0.3615117772045551 0.32561929433349973
47 0.30556587171975025 0.5705749725079612 0.2422165903642508 0.5661716340153022 0.25747487812066083 0.3466901749680477 0.3208221501712387 0.3510934417481528
35 0.26411171979361825 0.2832991063691772 0.3189561246676931 0.3022406611392016 0.2547936242119704 0.48801232540735906 0.19994932562337908 0.46907098938644437
0 0.22775242774071103 0.3919016565994984 0.17433579970565916 0.37583917353245877 0.20606886391374246 0.27031407338979757 0.2594849376858974 0.2863764673813558
57 0.5349100694950266 0.35908398717051476 0.5827879275509531 0.36637985969838893 0.5466211374201748 0.6037026221606204 0.49874330729380745 0.5964068785488403
43 0.5492437188846679 0.35072795466073703 0.5912682209473132 0.3504065212906811 0.5931404095989592 0.5951633904924997 0.5511159075898604 0.5954848182035408
54 0.6312167552167693 0.5976806205256477 0.5903496430921678 0.5964971540066695 0.5989402763329963 0.29990390567790465 0.6398056454446532 0.3010873461089744
59 0.6743171672487733 0.6000100767716858 0.6305393970731075 0.5994752835346375 0.6338360566149959 0.32971151227688356 0.6776119601822757 0.3302462933198799
60 0.7129328087017939 0.591782076348891 0.6766376685395699 0.5936496113084282 0.6627542953027614 0.3238373831468543 0.6990479604529583 0.32196988809847377
61 0.6980725056231449 0.36230837268149924 0.7624803614820621 0.3573371927610645 0.7802032985111964 0.5869459790811448 0.7157954529236576 0.5919170761845164
62 0.7149209766611193 0.3029767231484969 0.7677552879146106 0.28765351491416835 0.8274873623220174 0.49360045189407015 0.7746531357594222 0.508923458848661
63 0.8528446960881411 0.37873061033970257 0.7983749259901742 0.4022212379692153 0.7538192772582306 0.29890931427510664 0.8082884837410802 0.2754188268972842
40 0.5298849060980046 0.8269742959421469 0.5050526331468745 0.8252997514824137 0.5195526985406786 0.6103154681824219 0.544383841924514 0.6119899752790834
39 0.5560022611998647 0.8518190039344646 0.5301573882513821 0.8502926886619574 0.5438227362967609 0.6189503909416395 0.5696663533102537 0.6204766706437175
38 0.6093562644756503 0.8771141453956554 0.5699239458706415 0.8778896425112414 0.5646936043663118 0.6119274980574686 0.6041236734935183 0.6111520222237756
37 0.6063532621792547 0.6062219828117589 0.6447062980669216 0.6058411647355179 0.6473065286714927 0.8676769549147184 0.6089534928529474 0.8680577619266081
36 0.7081376915772353 0.850508271676969 0.6684135701289051 0.8552413949804372 0.6396538354123322 0.6138979916884526 0.6793759620368292 0.6091649831457118
34 0.7044452415683509 0.8401230479883323 0.6809487272588512 0.6051746561443573 0.750920365351476 0.5981783765477784 0.7744184572039785 0.8331250393850435
33 0.8295711478066323 0.7973935957249416 0.7619399200069665 0.7998110981507555 0.7545497816591933 0.5930596292940722 0.8221781426631196 0.5906421770419215
64 0.8289597919902008 0.5803159503458718 0.8930336987790497 0.5858950770832212 0.8801925790153291 0.7333515380199247 0.8161186821801039 0.7277724935278475
41 0.5052742684366649 0.8456078376418344 0.4650582557346752 0.8433746899890179 0.4782639897853187 0.6056164065119868 0.5184780363512118 0.6078495021335386
42 0.4498828066155056 0.6068119636368161 0.479844824076622 0.6049001251296175 0.49403359014695525 0.8272327730660183 0.46407157730607196 0.8291445660002374
44 0.4216727113015395 0.5966350465097336 0.464581107314757 0.6013864076247291 0.4330786974220473 0.8858343921604785 0.3901703255456823 0.881083181740436
45 0.37711016886146353 0.595836175598505 0.41760470777876435 0.5980997583421566 0.40475602272624656 0.8279251422455893 0.3642614884535078 0.8256616150471396
46 0.3537994235524593 0.849615926586487 0.3142204110158673 0.8458825780680569 0.33826387258216073 0.5910413493848378 0.3778407513445927 0.5947745989100676
48 0.3037541140469102 0.8333314979706069 0.23373297373188962 0.8225233711357186 0.2720769725035552 0.5741626155514765 0.342094601909821 0.5849704761362323
49 0.2019085890625 0.5661047031249999 0.2677046703125 0.5661047031249999 0.2677046703125 0.7755102046875 0.2019085890625 0.7755102046875
50 0.20405163722921316 0.7036614015507137 0.1504921139636508 0.7059492005135392 0.14449909464099164 0.5656452818416621 0.19805718067050293 0.5633575134005783