55 0.7185798039704423 0.4538506617553782 0.720951238256589 0.49824591291369197 0.4626238093953816 0.5120412053815717 0.4602532646869122 0.4676468150193153
56 0.47267701135695006 0.465245898852441 0.470329891681331 0.4233311666778146 0.7439165440173383 0.40800986182212445 0.7462643827375359 0.4499238203807654
53 0.8066670524659685 0.379622478930167 0.8054614463761709 0.428640335373534 0.47496555829297904 0.420507301391612 0.4761721285847216 0.37149034463157593
52 0.4847479488554427 0.3725038649535119 0.485764316989048 0.3302104815348998 0.7423265146765061 0.33637402794385807 0.7413107445457854 0.37866684821492275
51 0.7523285389403327 0.30939088935351944 0.7494298828360115 0.3525614156153433 0.5003748445104748 0.335837510876113 0.5032739894362521 0.29266751140780717
47 0.7511838704479032 0.2943783463471274 0.5190600262960743 0.3018341551656051 0.5169503352892661 0.236134340220469 0.7490729463688695 0.2286785512298084
35 0.7949259925221668 0.1910602482223947 0.7913705704091853 0.2517817270105009 0.5565623197070408 0.23803210091661864 0.5601181753424953 0.17731109331894376
57 0.7196101326709368 0.5610246109375 0.4551900093256336 0.5610246109374999 0.4551910833376951 0.5107985937499999 0.7196090329566687 0.51079859375
43 0.7272482984643602 0.5581931041945941 0.7279200795104543 0.5967250103131672 0.4704500522922217 0.601210196558343 0.4697791638882336 0.5626791758797988
54 0.4696104034238715 0.6472960799418533 0.46914649662983265 0.6004487217404394 0.7760405386276261 0.5974064456914174 0.7765057977231891 0.6442524284285603
59 0.48754922159162106 0.6872880727146962 0.486675345460867 0.6467087275686488 0.732356813826982 0.6414162153779397 0.7332316771645537 0.6819945470175586
60 0.5015779837357286 0.7278940182537779 0.49959016909292586 0.6827968283261352 0.7597760985827335 0.6713272250549331 0.7617651076653829 0.7164231478913978
61 0.5190766044014481 0.7885485959948539 0.5190775094099536 0.7227521446316455 0.7462287819108724 0.7227532665725631 0.7462295934602707 0.788547995708587
62 0.8063608142562089 0.7568221827765517 0.8137439957708921 0.8176702299083203 0.5796661529442417 0.8460623975055052 0.5722848904719058 0.7852160747477338
63 0.8193298219053986 0.8070017962276871 0.8254367552729036 0.8409006598878422 0.7306904550961235 0.8579649651809426 0.7245839906311176 0.8240665158821098
40 0.43389527503950376 0.5077846141312135 0.43533517169441893 0.5353935528940698 0.2602740276769282 0.5445212209021103 0.258834537195753 0.516912665071818
39 0.2543380247573168 0.5742971121727412 0.25293728377221214 0.5402644527627077 0.436157096551824 0.532722833855338 0.4375583407513659 0.5667549698727866
38 0.20444900948768918 0.622779860297072 0.20186893465017874 0.580611391143587 0.45854296261802574 0.564905646402109 0.46112395521197413 0.6070731498621654
37 0.45752365994326283 0.6017124028540437 0.4651008644331114 0.6416339537412241 0.23454189842800588 0.6853863178476604 0.2269657391365172 0.645465691167494
36 0.232879240987927 0.7215915057917291 0.22625619969949184 0.6762529867426044 0.4708433916030117 0.6405256806088662 0.4774673952755393 0.6858630647402749
34 0.2537405715897876 0.7999259211726881 0.2408321405019933 0.7284909619079859 0.4948294932067938 0.6825973944209884 0.5077395402768161 0.7540303314423352
33 0.28148660481394927 0.8766033796824101 0.2663620654049055 0.8000343663864 0.5134900082666718 0.7512262848937208 0.5286163432809872 0.82779294645848
64 0.5092377650296385 0.8446336455095305 0.4963578054586151 0.9252963855553842 0.363176613808605 0.9040336006928734 0.3760577361239257 0.8233723079583958
41 0.2626926492733901 0.5094368918227825 0.26255460989330004 0.48327238619088386 0.43916162070865994 0.48233958371123237 0.4393000073779376 0.5085037443923219
42 0.2487570352924422 0.4869099840060602 0.24826444209202236 0.45382067460549713 0.4460983073275884 0.45087445671102955 0.4465913609681138 0.4839633051347432
44 0.45822478364027575 0.4128066640870864 0.4548193089930237 0.45511688361374386 0.22070669287279543 0.43627242885993356 0.22411275288379784 0.3939628444154515
45 0.46863684284392093 0.3811742214032946 0.46189373700883607 0.41853680501626755 0.24197143639673868 0.37884614995328025 0.24871491184637762 0.3414840696672341
46 0.22262816367720006 0.3286844887332495 0.23279671800605684 0.2836623931673679 0.47810593382678235 0.33906403619924513 0.4679380393320116 0.38408556702060315
48 0.5086520938153853 0.27125492622727054 0.4951058596082021 0.33978801213009674 0.25247114077149035 0.29182852880751675 0.26601791255836815 0.22329618536000692
49 0.2811483196040854 0.22771550645786443 0.2945435786050439 0.15409557336740565 0.5358654268055716 0.19800331149017086 0.5224708263372122 0.27162266928677936
50 0.3730096881715781 0.11104764596083076 0.512409755004569 0.10612229241461342 0.515255564797144 0.18666553270558545 0.37585549871937474 0.19159087716835216