55 0.5149125733190658 0.6086121427634228 0.4775643781117651 0.6091215160328447 0.4742220275437603 0.3640225442623787 0.5115688842178088 0.36351318004247046
56 0.4736114019019624 0.5888173857884544 0.4430169747394075 0.5876629680277118 0.4511175535558323 0.3730118267414002 0.48171100702984404 0.37416622596149757
53 0.4209525865410342 0.3240297049328829 0.4601595360564943 0.32719993447569434 0.4392012617471437 0.586380965296096 0.39999431837145494 0.5832107932872802
52 0.4003282319962409 0.5706458174972723 0.36500031416414913 0.5687107498880706 0.37747455463522783 0.34099732437201413 0.41280133144812226 0.342932360215623
51 0.3395700426701751 0.3022485924713645 0.3791518746153315 0.3045920902173847 0.36418576429298355 0.5573581093060294 0.32460393518579167 0.55501465036024
47 0.29197575777902784 0.32804179204696604 0.3509407048651383 0.3363855287834597 0.32233746598546986 0.5385130478537921 0.2633725415525987 0.5301694246638193
35 0.26539724911049234 0.4954040571196957 0.20550244560797637 0.4862560769188246 0.23739051802442646 0.2774915106789612 0.297283818385381 0.2866393719917109
0 0.24716770490772433 0.3767506548490845 0.1908891894252065 0.37066592058264874 0.20548164638114486 0.23570625721485347 0.2617594431198995 0.24179095183784116
57 0.5139764680479857 0.3588691595127034 0.5524538897734601 0.358246923471708 0.5565249516649828 0.6099744906814345 0.5180475301727938 0.6105967151498903
43 0.5411668987339908 0.3652895160592796 0.5720701772285111 0.36274532402722565 0.5906951929002844 0.5889615974499591 0.5597919192917971 0.5915057470908979
54 0.6289263119430188 0.5776795329919541 0.5917041821644489 0.5808006960828639 0.5688136277343574 0.30782496585298535 0.606034399859027 0.30470385969410785
59 0.6120043668830704 0.348813543801557 0.6449083857824007 0.34592362178990826 0.6634962977445866 0.5575495731689101 0.6305922839590039 0.5604394527148855
60 0.7005823563490594 0.5443298252673906 0.6651010367863819 0.5478793958671393 0.6415015863960889 0.31198866091176447 0.6769817913036604 0.30843914730429206
61 0.679054796070659 0.32724623118894147 0.731963051462003 0.3211459659127853 0.7541653222491504 0.5136994093972441 0.7012570799141713 0.5197995991324257
62 0.7286205390217901 0.27721071223618104 0.7811864921558254 0.27126001124331844 0.8035261538548184 0.4685915850847094 0.7509602128442339 0.47454221826934967
63 0.7480410674818359 0.22128886020884464 0.7998648420807513 0.21057962930028223 0.8265084117970218 0.3395096642657263 0.7746846558845846 0.3502188352055676
40 0.5122025159481609 0.6310659723382483 0.5358544897886759 0.6303423922124763 0.5406414466056049 0.7867929993692786 0.5169894733235196 0.7875165672691935
39 0.5744373971374443 0.8117123806190166 0.5432009635919712 0.8129811899458464 0.5352030821248945 0.6160985276122707 0.5664381895117003 0.6148297451068433
38 0.6126873047915069 0.8256838494468642 0.5789436500061811 0.8279672556385668 0.5635217942416375 0.6000917867873705 0.5972637815257258 0.5978084371970603
37 0.5913007550973362 0.5905009756101767 0.6324613445218574 0.5824747699630279 0.6754803210852742 0.8030578630062781 0.6343197871972279 0.8110838775336363
36 0.7095813657089138 0.7798106041491321 0.6727324466286291 0.7865579682745257 0.6342695862520031 0.5765296867842931 0.6711169477097201 0.5697824671838784
34 0.7762683069014429 0.7374186151511838 0.7110521006242152 0.7511458696983072 0.6679836786194073 0.5465545446429118 0.7331973600978472 0.5328275608640276
33 0.8317428421875093 0.6539485359375279 0.8310824005009181 0.6532009502443998 0.8320869209251214 0.6523136394518414 0.8327473625399762 0.6530612250452312
64 0.8759420389194474 0.6122448984375001 0.8096430720687522 0.6122448984375001 0.8096438645320632 0.4773735578124999 0.8759413447456836 0.4773735578124999
41 0.5128058229940962 0.7886741275018353 0.4875559319872309 0.7890405483726695 0.4852744727177196 0.631822737762093 0.5105235098036474 0.6314563230644065
42 0.48649340063366253 0.7940691391525992 0.45930195659173023 0.7945383290600613 0.456341705247155 0.6229829745739277 0.4835321630315548 0.6225137930596605
44 0.42429125940577705 0.611891598064583 0.459741566932621 0.6129204965535291 0.4537512088814992 0.8192861106733982 0.4183009023242903 0.8182572352267387
45 0.4108245635663934 0.8127066160090018 0.3715256174471051 0.8100899322949057 0.3856188063579111 0.5984770152584769 0.424915987454483 0.6010936404697339
46 0.3271652218631971 0.8041133961595731 0.28672087269035273 0.7908153303505213 0.35434225651476936 0.5851895506995604 0.39478490018586854 0.5984873130897225
48 0.28672916227128553 0.5456442552978291 0.35690213253110414 0.5670302711106557 0.2948298079796814 0.7706799335076036 0.2246570380823414 0.7492943718198716
49 0.21870759055616418 0.5005168282569835 0.29258647999836285 0.5266506827531057 0.22896936733229722 0.7064732470034872 0.15509070470886854 0.680339850836079
50 0.09692562741986421 0.5298559812552789 0.1665607782990719 0.5000776097499535 0.21323330059294676 0.6092087762314483 0.14359832843899767 0.638986840119384