55 0.2892109315118887 0.5091813562246148 0.2924981167503802 0.46781576643165595 0.5438161864270796 0.48778336421605484 0.5405298478268605 0.5291481778605882
56 0.525745736205181 0.5283448256894304 0.5236651219474879 0.5559128549108706 0.3854853831998071 0.5454841718135593 0.3875662830841975 0.5179164558090854
53 0.1414518886147107 0.5803740880110744 0.13347305265949672 0.5149220497404994 0.3869389420610787 0.4840244164581886 0.39491893943159084 0.5494750895994486
52 0.5226269446540073 0.6062280265625 0.2511084204999179 0.6062280265624999 0.25111020891552016 0.5499748875 0.5226260220948689 0.5499748875
51 0.5228770543211567 0.6058789886458661 0.5221408723356262 0.6482159045307702 0.2602789564092518 0.6436602250984077 0.2610161753832472 0.6013244131404873
47 0.2848361067526639 0.6919432421195824 0.2910848601361522 0.6284134122890572 0.5145053249684679 0.6503835842896922 0.5082581449505597 0.7139119912726433
35 0.49135837251924386 0.7150698948191785 0.482816279300323 0.7784474822469195 0.2685051631059423 0.7495642949115264 0.27704852888075493 0.6861882620337197
0 0.37941525799283227 0.7486461869855526 0.37465778426212637 0.8091578186698439 0.24129755637443395 0.7986733460620545 0.24605589730322208 0.7381626658980689
57 0.2509795760764746 0.46082291807942943 0.2545281199572855 0.4196366094006188 0.5459136600071588 0.44473740765161696 0.5423660097339962 0.48592290663126597
43 0.31090329878088596 0.4479328702542354 0.31007514797715885 0.4179300640124117 0.5381896773051267 0.4116320612293052 0.5390182629018909 0.4416344370009057
54 0.53942722318493 0.3813574117976475 0.5377446424607797 0.4157221675101506 0.2246118897002134 0.4003880983157865 0.22629507708222718 0.3660239968999633
59 0.5454460959617791 0.34702529328824927 0.5444503570100778 0.38242003465368524 0.29217287622395816 0.375321359776819 0.29316909236990796 0.33992712562289984
60 0.28822956931037425 0.3424128425735269 0.28847621187992445 0.30630566758872324 0.5414233650224105 0.30803193776165416 0.5411771780503614 0.3441386715662725
61 0.312241987146308 0.3219013984418454 0.307910641366675 0.26527332930048625 0.5270691404040235 0.24850983277985444 0.5314009853401558 0.3051373865348665
62 0.28636236268278026 0.27842263199963413 0.2785517678173619 0.22134482162510813 0.4935963971400952 0.1919176545707387 0.5014073725517392 0.24899502568864518
63 0.2839711336334858 0.2500887869174842 0.2655325927194099 0.19382453269097313 0.3744594567290278 0.1581281512590043 0.39289810311413476 0.21439220012330087
40 0.740904994666721 0.45755641502972993 0.741539323975644 0.48368043665606664 0.550379860812086 0.48832011289117 0.5497458996587739 0.46219644605891086
39 0.5545743160441816 0.45981198342977114 0.5540662529999736 0.4332253242130137 0.7334389748319836 0.42979694085439535 0.7339473545500823 0.4563832728311328
38 0.5442970046681239 0.4323225587805229 0.5432409692372175 0.3987322092778253 0.7846349909418677 0.3911423324884749 0.7856915173580319 0.4247321497699502
37 0.7892620353607072 0.3550401224633733 0.7901809849299752 0.39144863489776455 0.5567636485689036 0.39733741249239996 0.5558451955657802 0.3609293465316822
36 0.5586731021527385 0.3650882105424757 0.5532153274049278 0.32040330285701796 0.7794738159300323 0.2927687497857964 0.7849320155338546 0.33745308621665693
34 0.5432821416681008 0.3269649790082728 0.5285802654693725 0.26419603833878486 0.7430996281756279 0.21395144326177115 0.7578018868347272 0.2767197820823133
33 0.5067810222411708 0.26681731021553184 0.49923338640587644 0.20348023060789108 0.7042343224026126 0.17905096871450335 0.7117823357549469 0.24238759210540362
64 0.6529289509235241 0.14643787579035117 0.6454701994133529 0.20513618995452854 0.508106301400062 0.18768130299994484 0.5155652277870786 0.12898320539497068
41 0.5528208042414917 0.5128506235897976 0.5521705363613592 0.48642138245529754 0.74163388739521 0.4817593411713716 0.7422845246640009 0.5081881897664149
42 0.7310888825676329 0.503819832096969 0.7326632827173398 0.5306949980795246 0.5399291846102869 0.5419829405164527 0.5383552195480661 0.5151081824961542
44 0.8075405295018072 0.5389815753478738 0.807319539054447 0.5770634681081429 0.5383761915786636 0.5754994046923234 0.5385980484375068 0.5374183828124574
45 0.7756451811980014 0.5818372813457386 0.7744280041421234 0.6198480408045614 0.5370351510798628 0.6122435060186501 0.5382531233501595 0.5742335398387335
46 0.5308226160550475 0.6505925981557295 0.5377670948683999 0.6045954627006734 0.7793939308040763 0.641069289371114 0.7724506971541132 0.6870652899643629
48 0.5107472365110652 0.7087877125070992 0.5327024376427971 0.6422578718575795 0.7535514262775678 0.7151273602598339 0.7315982176758098 0.7816554945076305
49 0.6934641394774417 0.7556055409744332 0.677841847953232 0.8245958379280204 0.47756869037721117 0.7792506598699944 0.4931921470896441 0.7102620073521273
50 0.6524177451162814 0.8174913282806198 0.6394489312865517 0.880930149393959 0.492825958679191 0.8509598219064576 0.5057956690769743 0.7875221610061918