55 0.43747149293858456 0.5080237649936281 0.43880257476234874 0.4633620334712998 0.7088438347550436 0.47140792040389373 0.7075136793907859 0.5160687239882645
56 0.45175035146553455 0.46179371551613346 0.453298436859086 0.42540647981319907 0.7081576526884419 0.4362468688206757 0.7066102274948207 0.4726334693809252
53 0.745836499046618 0.39199443383703225 0.7448608470747331 0.4351068889197096 0.45285720968024634 0.4284957430696759 0.4538336292207532 0.38538405299220824
52 0.45623025999714173 0.38478867738425654 0.4573298138016071 0.34789204444910693 0.7079872860720116 0.3553604086093708 0.7068882695233469 0.3922564991119691
51 0.7069490212844585 0.3222908097063239 0.7045088361701346 0.3616327488200297 0.4599124709013722 0.34646035928787655 0.4623531137489181 0.3071189075824397
47 0.4696971555200662 0.3066064642727655 0.47230281173460753 0.24217124131046242 0.6929369931665406 0.25109250290393553 0.6903319642874521 0.3155271101390201
35 0.48835149274498235 0.24043840207252942 0.4933369556550815 0.18026131584793273 0.7596165419816998 0.20232073877595508 0.7546316680252403 0.26249723995497404
0 0.6665580535839126 0.23005438944080447 0.6722080463937345 0.17515882708250366 0.8009433301349418 0.18840826640228212 0.7952935846025184 0.24330360289130482
57 0.430034626600559 0.5566999326318253 0.4311772032843919 0.5099133353137035 0.7104641940526335 0.5167305749930224 0.7093227113305147 0.5635161040251412
43 0.44398755062445616 0.5963195141130571 0.44309416086423425 0.5607930359034216 0.6809069531847172 0.5548114542495036 0.6818010645455388 0.5903371805959332
54 0.441659152374541 0.6310244286473048 0.44353639527446376 0.5941603181220901 0.7325693160814808 0.6088738501071362 0.7306931306221713 0.6457369461867258
59 0.7057934277190725 0.6397678148758156 0.7051211057852242 0.6754331347018363 0.4523838315769808 0.6706653326592643 0.453057036591872 0.6350008947817792
60 0.46099640727379665 0.7090826565485467 0.4596100124202849 0.673261294078826 0.6995241101100191 0.6639743030589451 0.7009113685946886 0.6997947780916648
61 0.45670558594895283 0.7722575936175298 0.4543166770948801 0.7092358931122702 0.6732163633533901 0.7009379527293742 0.6756067589669783 0.7639580876835596
62 0.6918809684459575 0.7676718572067462 0.6927190078998819 0.8275295129453082 0.47877721973259213 0.8305204763175016 0.4779407554980253 0.770664364380839
63 0.6492452005766154 0.8501990270715211 0.6523009255379293 0.7800536799899499 0.779634758842576 0.7855990647369521 0.7765801925301048 0.8557433022765847
40 0.42435984776216173 0.5058813264859774 0.42375446786024895 0.5326282278837065 0.2677243108730636 0.529095775344701 0.2683300119327896 0.5023491995095083
39 0.4222085260719268 0.5352954593067005 0.4209009790380378 0.5676384649725024 0.24175365562166462 0.5603953597729372 0.24306166559631492 0.5280528506225892
38 0.42539237196240265 0.5681220171588406 0.4246507416584109 0.6022018083234191 0.1886827329267362 0.5970646730218095 0.18942506091309497 0.5629856039129706
37 0.4277408916610739 0.5985017207546225 0.4293083436210736 0.6367808273697209 0.1879318853117411 0.6466604828234942 0.18636534411245975 0.6083822585224852
36 0.1992738798778646 0.6994888671636682 0.19501839485440087 0.6618986516443699 0.43534440064684077 0.6346931907755634 0.4396006872958651 0.6722824818042314
34 0.21423218723305126 0.7832268007451268 0.2016268273564492 0.7132360182190995 0.4364202095108567 0.6709541023168997 0.44902699301587745 0.7409430488644174
33 0.24571182888598742 0.855524328459369 0.23068308735889786 0.78530736114015 0.45294370862336564 0.7377430245260037 0.46797384822480126 0.8079580813355289
64 0.29853324543648796 0.932438644134223 0.26689977919636476 0.8594601803911451 0.4136785781498702 0.7958508575580512 0.44531253497291345 0.8688277984307703
41 0.4250224598289378 0.503264690625 0.256432848697159 0.503264690625 0.256433213330979 0.4756403812500002 0.42502212861347743 0.47564038125
42 0.24256165410167796 0.4816144867749589 0.2412070080454214 0.45049336731645256 0.4200920114952851 0.442706347851397 0.4214470323737487 0.4738270765065465
44 0.42324739142941326 0.40632826332638483 0.42324772715880954 0.4439979811109695 0.17568758493973746 0.44399797553989917 0.17568785349294558 0.40632886662885803
45 0.20846133410555012 0.4048376385426429 0.2090926038338239 0.3656243833616362 0.4235882584024466 0.3690760216176588 0.4229574930200215 0.4082887885006353
46 0.1994502592938261 0.34915492052701735 0.2034124441648828 0.30957752619001816 0.4426180830539579 0.33352280178254795 0.4386564351156039 0.3730997081863938
48 0.45573031647063544 0.26541256143027186 0.4435769581958766 0.3350851292747101 0.21238702915661634 0.2947569067024684 0.22454093133137576 0.22508502690310592
49 0.4822677045807495 0.20034405307662728 0.47334385787416977 0.2656152321456533 0.24616478522261787 0.23455493089466503 0.2550890399877517 0.16928429336075304
50 0.44213644676813146 0.14809759144673182 0.4184822294893138 0.20944664098058954 0.28013603756687644 0.1561048674857087 0.3037903414696075 0.09475602181520072