55 0.5412596417279474 0.5092913177174819 0.5412602772067885 0.5519838498199867 0.27240446662892737 0.5519846868208887 0.2724047581574496 0.5092930937041202
56 0.5372740137571554 0.5553115591255657 0.5342256999131223 0.5912156585248297 0.31464630253435644 0.5725725674051552 0.31769523111256603 0.5366691543405449
53 0.5353829807695547 0.5890064856967065 0.5346351149153179 0.6286711595264506 0.2527026936618313 0.6233518997194961 0.2534515745983299 0.5836882651007786
52 0.5246736049548417 0.628060626121329 0.5242654990652227 0.6638086370071038 0.290789202439214 0.6611403066597635 0.2911981179203167 0.6253931079572826
51 0.2880905007208412 0.6873726123137615 0.29117776459111155 0.6482990560871118 0.5145366013158537 0.665942219622757 0.511450302486196 0.7050148812281866
47 0.30964378732926434 0.7631965022740712 0.30810001001987075 0.7058833758305587 0.5003439660998765 0.7007042376866097 0.5018889406384233 0.758016147243337
35 0.49405197165458503 0.7620964664051835 0.49169350270358336 0.8134905989388228 0.3159492525413725 0.8054248772903625 0.31830874776790097 0.7540318242863835
0 0.28339865974828626 0.841967595110015 0.2897551095535391 0.7926476393363391 0.4726458456366345 0.8162124035270029 0.4662906643682163 0.8655312149034142
57 0.5425054359258183 0.45988042806232965 0.541834748946485 0.5025621378671495 0.28367479069959245 0.4985031803525144 0.28434627015019487 0.4558222912532685
43 0.31081235890349035 0.46583569486222326 0.30933266698627904 0.42923000304790726 0.5334619415132238 0.42016906293073913 0.5349421648936641 0.45677421089873194
54 0.5363850632234062 0.3804562470308133 0.5374053955981708 0.4208022135814234 0.2661244939565677 0.42766024956324633 0.2651048526906834 0.3873149828756895
59 0.5212255935823578 0.33754603059523663 0.5225731965253999 0.38096878852242955 0.27595063262174335 0.3886202292635879 0.27460363753664296 0.3451980546763304
60 0.505899517708599 0.30240162804567255 0.5089481058863612 0.34054379035334403 0.27999442320970047 0.3588413790517858 0.276946306217269 0.3206996649119538
61 0.4946437339510794 0.2458611751065078 0.4963941419459843 0.3035685539217956 0.3073533881254207 0.3093014361461314 0.3056034507843606 0.2515945032337729
62 0.48740783224843653 0.19345463672725965 0.491094197297798 0.24294419504077414 0.3036230717049193 0.2569076073991901 0.2999370491500031 0.2074183819280178
63 0.2985558357544278 0.19335968923689537 0.29958168490031767 0.14715464073494897 0.4706926196524819 0.15095330011457048 0.4696669832292173 0.1971581481271594
40 0.5465838515625 0.4706177796875 0.7346938781250001 0.4706177796875 0.7346938781250001 0.4977398296875 0.5465838515625 0.4977398296875
39 0.548009930903504 0.4714770556240743 0.5463543120714576 0.44105479685786814 0.7568707270230561 0.42959775662803695 0.7585267593301523 0.46001956843678066
38 0.7748040499769786 0.36794887993967235 0.7810728249481826 0.4063087944737372 0.5428873498343592 0.4452291400701206 0.5366192204866138 0.4068698020562564
37 0.7529302498737707 0.3401345485289524 0.757087772281011 0.3811024038779231 0.5343628180065707 0.40370225797427045 0.5302058564697063 0.36273490524525687
36 0.7535345354054925 0.293706732028786 0.7585915916494059 0.3356408695897826 0.531349136927588 0.3630425425112654 0.5262926004845667 0.32110885879958484
34 0.5250216966735479 0.32252188147137933 0.5137747860414947 0.2600755600524008 0.7073221943823 0.22521696521621914 0.7185694947373804 0.2876627613911013
33 0.6433007984375081 0.1808136608425822 0.6433007984743426 0.18131592183978262 0.6415261750122454 0.1813159219101408 0.6415261749999672 0.18081366093749698
64 0.5980479140624766 0.13510798586654288 0.5980479140899888 0.13561024684865078 0.5962732921966563 0.1356102469012163 0.5962732921875613 0.13510798593746925
41 0.7321153137730789 0.5005786671645932 0.7316658499095183 0.5285986304793739 0.5481199861671939 0.5256527717648413 0.5485698452089309 0.4976331966047319
42 0.7447568270418969 0.5339094696068787 0.7435431500168761 0.564106596711962 0.5511657821072049 0.5563732195735073 0.5523799217747865 0.5261765625474343
44 0.5408931683092533 0.5982255312040948 0.5430929997232852 0.5585212305394303 0.7722091354967233 0.5712122995988255 0.7700101573338998 0.6109157876570612
45 0.5362607701475781 0.6372031102884561 0.5395332781589559 0.5979002253903004 0.7457163163152245 0.6150644791313398 0.7424446425901579 0.6543665768715059
46 0.5304257856985259 0.679026606988729 0.5333060223559869 0.639235225594111 0.7386743607241897 0.654097180017795 0.7357950132718543 0.6938877138343672
48 0.5184139177115412 0.7414616169831374 0.5256479953775397 0.6775889317158027 0.7188448685161575 0.6994653775040091 0.7116122809707122 0.7633366980193693
49 0.5021610148086211 0.7963109107339316 0.5149048980525777 0.7351606198953726 0.691401470023834 0.7719353879163575 0.6786590997785424 0.8330843498568706
50 0.47719926134050183 0.8473328232196883 0.49485601843548466 0.7877995055756041 0.6415715623111282 0.8313038262256958 0.6239161736936012 0.8908359709147865