63 0.5877868060251785 0.4949004875669967 0.588649247792091 0.5309368762595956 0.35973345804120527 0.5364127011012096 0.358871679346521 0.5003769656656386
62 0.5737092022891375 0.5354884970113508 0.5726643348590414 0.5654017724716016 0.37675477943730584 0.5585574138893098 0.3778001180630781 0.5286446257609557
61 0.323425514478231 0.5946793323015959 0.32270089344319786 0.5709104689237882 0.5735458393312456 0.563261860127374 0.5742709685640648 0.5870301857352775
60 0.34924972006854205 0.6211080431202883 0.35106567621699014 0.5805016878992866 0.587616628822957 0.5910778264449141 0.5858016009948415 0.6316832660220619
59 0.3699271130889201 0.6475845539491712 0.3735643906460382 0.6111237121830722 0.5843999544798635 0.6321520385000953 0.5807634953353045 0.6686121246417314
54 0.565496648618705 0.6699406023337208 0.5588107316413016 0.7250603512364651 0.3635422836896396 0.7013759401920315 0.3702291669352462 0.6462573472568917
43 0.4802533945612595 0.7074577358214852 0.4764015944294897 0.7661520841766044 0.31857903790978526 0.7557949661971534 0.3224317959608243 0.6971016590237656
0 0.37804279759052406 0.7429443259649317 0.37220279145708446 0.7914307227658419 0.28885487426191503 0.7813929115285785 0.294695286159822 0.7329069856792967
64 0.36260129387130746 0.49810631262541677 0.36159418284307776 0.46072635207525675 0.5886754658675954 0.45460698946676253 0.5896831751491618 0.4919863379489128
33 0.3510798545843272 0.47324358971361935 0.3480438976133655 0.44208176453323456 0.5730466215196657 0.4201606873501791 0.576083003719873 0.4513220273681249
34 0.28628202802826763 0.42791400653941397 0.2874505118734305 0.3948997454481367 0.5605423174520183 0.40456309156765896 0.5593744270395291 0.43757676497320425
35 0.5890316971263019 0.3768451444684939 0.586903901947835 0.4108810193592267 0.3814189653400035 0.39803395088365295 0.3835471453619448 0.36399848486513753
36 0.38509304665990385 0.37267711775492507 0.3850932775313822 0.3385231030658199 0.5874001058131171 0.33852338628712914 0.5874002488233145 0.3726770373004194
37 0.34169228981829747 0.3463723031337384 0.3389332102970002 0.28753903495349903 0.5710784036763243 0.2766513300697392 0.5738381023228385 0.3354839773087197
38 0.30052982694792263 0.29839035226355126 0.29836196246048985 0.23613863644198688 0.4865360738917843 0.2295849866790821 0.48870439305517266 0.29183627792000555
39 0.28450653026413875 0.26125693486593093 0.2785058025875742 0.20976541167880386 0.385653694908342 0.19727869278221824 0.3916545905319708 0.24877001949078922
48 0.6033716878811219 0.5057759933461284 0.6033718371259056 0.4811652220520605 0.7826085955097142 0.48116553502998993 0.7826087781390925 0.5057759657017854
47 0.6037327190716724 0.4777483008692014 0.6052831336778581 0.4552662876339006 0.7826293254314578 0.4674948219927155 0.7810792168414764 0.48997654437227234
46 0.833741444077873 0.4316156386039819 0.8322735999947781 0.4669574159153002 0.5981974727310444 0.45723398097741585 0.599665851792679 0.4218927607624272
45 0.6134358777635498 0.420308258945092 0.6147696155096583 0.3826227388485616 0.823151059529323 0.38999623539472417 0.8218178224082067 0.4276812678457834
44 0.8341764018664435 0.3407213315927422 0.8334609878933179 0.3844880887578508 0.6323493492452599 0.38119929318835305 0.6330652379398316 0.3374330015657314
42 0.8042054865703676 0.23319342069226223 0.8215879567952697 0.3033809341825237 0.6024053548367192 0.35766012451981144 0.5850236971607501 0.2874732962100052
41 0.7876922156407318 0.17152567742705566 0.8042841412809594 0.24029315762127965 0.6371117535370558 0.280626388058745 0.6205202924695641 0.21185930036571032
40 0.5909494234375 0.14967353125 0.7045252890625 0.14967353125 0.7045252890625 0.20441988906250003 0.5909494234375 0.20441988906250003
49 0.6069009737010447 0.5273460615096106 0.6071136952110692 0.5063248305026484 0.7800656594820339 0.5080738590918903 0.7798532274974832 0.5290948023974531
50 0.6033717828125 0.530386740625 0.7905944984375 0.530386740625 0.7905944984375 0.556002009375 0.6033717828125 0.556002009375
51 0.5993050755151899 0.5885249282083879 0.5986767738651224 0.5537527076517901 0.8265501821629186 0.5496341285663047 0.8271791575991756 0.5844056461211394
52 0.8152681587301913 0.5855150249914466 0.8158147795487594 0.6212084151412934 0.6151829226823793 0.6242780549900538 0.6146369714822413 0.588585310169602
53 0.8402785933128598 0.6571348513242807 0.8307171211239393 0.6987594867979384 0.6353029544224 0.6538749829879552 0.6448650056679526 0.612251171151426
56 0.819855760872997 0.6978538247214751 0.805060207900965 0.7601231605672407 0.590419651213324 0.7091276615323319 0.6052162147443596 0.6468597683650267
55 0.611697322318264 0.7746359952240546 0.6264865172831833 0.712445171223626 0.7894775243366894 0.7511975246002939 0.7746897304651839 0.8133871343730007
57 0.5813539206094447 0.8444722607992613 0.5729963412343295 0.7952634234409344 0.6820777410418941 0.7767403982736356 0.6904358497200747 0.8259485650366133