55 0.6031622029686332 0.4972644556862803 0.6041891447216585 0.5389705681908414 0.33415205359074207 0.5456162398013131 0.3331260268724918 0.5039110390466549
56 0.5953858653940642 0.5429428782247647 0.5953863966989275 0.5816172186911951 0.32653033178723945 0.58161783628231 0.326530689375204 0.5429444062930175
53 0.26049588559033054 0.5875123928502717 0.26722881302237056 0.5453087902804277 0.5779119778318318 0.5948644837282953 0.5711803899898769 0.6370668993862706
52 0.3056651401166164 0.64137844800511 0.31004336871933447 0.6009983742460576 0.5582791776832892 0.6279079772586691 0.5539020142666686 0.6682870689335191
51 0.304064526446723 0.6963677515881664 0.30560943634338855 0.6536344962947702 0.5423773619586427 0.6621906839747017 0.5408335343771569 0.7049228930000463
47 0.5306013306264958 0.7089702893928808 0.5238637094038268 0.7724505108958283 0.32174231794294883 0.7509984485625213 0.3284811994753909 0.6875196623204417
35 0.27139863035552025 0.8079418146978185 0.2775530744262369 0.7481656450477638 0.49823934996845765 0.7708798023734044 0.492086633426311 0.8306544181845528
0 0.22673842380106635 0.8509723279303708 0.2177821996867806 0.7975789843149527 0.32384768411156983 0.7797908921063423 0.33280447245249434 0.8331835145393062
57 0.33738445369431247 0.476242250204594 0.3415325423484319 0.43081735316056163 0.605129216195678 0.45488437501881757 0.6009820471746252 0.5003084391532749
43 0.5980476693822538 0.4158709816084187 0.5980480445218745 0.4465090377095719 0.3442767269680189 0.4465098267913216 0.34427686188007556 0.41587228312529473
54 0.58698576062136 0.3641636983349544 0.5895503043623194 0.40864189505356524 0.2827879105550437 0.42632550964412586 0.28022423206198255 0.3818481488857696
59 0.5538487774167606 0.30372807054939654 0.5645355596954005 0.35938463493211625 0.32613120477617485 0.405157745678924 0.31544525190906825 0.3495019096619431
60 0.29442603235702336 0.35304129115082866 0.2875547767829403 0.3159080442292937 0.5372119392890227 0.26971054803706274 0.5440835411259286 0.30684336590402084
61 0.3265306125 0.21245605156249997 0.5306122453125 0.21245605156249997 0.5306122453125 0.2787543953125 0.3265306125 0.2787543953125
62 0.29095826603543173 0.2247929908942204 0.2861184095174849 0.15943942005775513 0.4943127968845147 0.14402091814456394 0.4991530114532452 0.20937411758400296
63 0.2582061371012969 0.20722808931702513 0.2378107241905809 0.14782520534168375 0.33859084112748405 0.11322356232755472 0.358986328977835 0.17262628510449646
40 0.6202306500581471 0.49522852334650674 0.6202308658653237 0.4676040758389352 0.7675243510348082 0.46760462744583237 0.7675244339033043 0.4952287744967806
39 0.6128469083732853 0.4669567083551232 0.6117751939459595 0.4341322383400458 0.8042475583579289 0.42784760179035575 0.8053196886241949 0.46067162901374176
38 0.8542850004255342 0.389544225866859 0.8547353514489942 0.4292785276673964 0.592107388883619 0.4322521189214683 0.5916576984370749 0.3925184440212738
37 0.8083731396928897 0.3293245107208613 0.813067645337469 0.3699577851286916 0.5992191599275429 0.39466172374748343 0.5945251792700219 0.3540289144302735
36 0.8305762027187029 0.27592134835554166 0.8368920203557764 0.31636337211060067 0.6059880303027967 0.3524207693871149 0.5996727127386521 0.3119791769838473
34 0.7820782255060976 0.19271041903902109 0.7999142030289477 0.2646772202586246 0.5808335199471912 0.3189710205792053 0.5629982858046105 0.24700486742271185
33 0.7349377145733342 0.11744019486130829 0.7587129412636386 0.18848462412918027 0.5529963197843699 0.2573267817594407 0.5292216037837534 0.18628278240912582
64 0.5670754836419292 0.17671917501747608 0.5428554047172156 0.1085751887598708 0.6661006773723557 0.06477088557881466 0.6903208299837615 0.13291469945967216
41 0.6168502453313067 0.522536755630418 0.617917892247533 0.49613939720014216 0.7736128919748353 0.5024352628261597 0.7725455786912789 0.5288322990220928
42 0.611873176172594 0.5564597219594406 0.6129950035939373 0.5247626535391706 0.7877007356250942 0.5309445059079854 0.7865793833290127 0.5626411070733809
44 0.6026721327050382 0.5955938910671059 0.6051212844189422 0.5561956310323145 0.869410789756671 0.5726210358559534 0.8669626199078948 0.6120183518161869
45 0.6071706565211343 0.637455274687557 0.6122717892103537 0.5969113872084169 0.8333775868845805 0.624725347374413 0.8282774123647414 0.6652683620270324
46 0.8338910604574039 0.6812281111497142 0.8258477596806415 0.7218252332684515 0.5972288642540207 0.6765329158851546 0.6052729026328052 0.6359367453433042
48 0.5697304611280742 0.7421450412216714 0.582560366133066 0.6758610675167372 0.8068158607069336 0.7192595814472449 0.7939878815221846 0.7855418513488643
49 0.5278563617326881 0.8003843536732861 0.5492741197847408 0.7308025398870137 0.7623204020715093 0.7963663879754045 0.7409048772576625 0.8659462824591442
50 0.6780035129286262 0.835750140068981 0.664515388619634 0.9032542693750621 0.538685815533313 0.8781161483431186 0.5521747803849166 0.8106131475348126