55 0.4233175563200575 0.5104390373373048 0.4229618821908616 0.46632889783676695 0.6731992085697129 0.4643094249626038 0.67355569598692 0.5084187417491974
56 0.4393739460421102 0.4625017402705714 0.442630193402465 0.4283339525886711 0.6478157821503601 0.4478860538689623 0.6445600633408048 0.4820533540237844
53 0.6585070918368956 0.3948016150315662 0.6582228127177814 0.43453606506195197 0.43458828022676244 0.4329343685466247 0.4348731158266901 0.3932004834158511
52 0.4386696217065946 0.3905890462930631 0.43956724634904276 0.35476834475407465 0.6242761667906507 0.3593959332433321 0.6233789291520679 0.3952162583820213
51 0.4413840782897296 0.3557042813330336 0.4403822310156329 0.31675911269309803 0.6028980106965491 0.3125781614585096 0.6039001710520324 0.35152300273517145
47 0.43970722763810954 0.3174076393681015 0.4348017064329497 0.25457508464776396 0.627009917106534 0.23956879726141334 0.6319159056133685 0.3024008117261426
35 0.6754985112360146 0.1947889485411014 0.6742260548486456 0.25549887844593067 0.4414074017543044 0.250617875350355 0.44268032953982583 0.1899084006383367
0 0.5332508899674622 0.19669593980750624 0.5369551851898677 0.14434621887091934 0.6955594468694244 0.15556884164185433 0.6918553914880476 0.20791833420209632
57 0.43324581096453585 0.5567633486360097 0.43269633660668205 0.5120688863565632 0.662375801267558 0.5092438380872145 0.6629260995825916 0.5539374590487021
43 0.6660491137180315 0.5564429680208963 0.6664382881554047 0.5887117768990489 0.437708275353657 0.5914670008453451 0.437319753715542 0.5591988200892574
54 0.4359959196684713 0.6316147799556007 0.4354458377310948 0.5930155846599868 0.6863673240832213 0.5894379428312999 0.6869182942646148 0.6280362216094671
59 0.4435246350220723 0.669767341491682 0.44163791627659066 0.6340455077967341 0.6452570495371219 0.6232912085898292 0.6471444437312357 0.659012301900654
60 0.447547613236452 0.7040384932305028 0.4484788612509192 0.6664763424032312 0.6423906111829183 0.6712819205308511 0.6414601460027143 0.7088432951683495
61 0.44690440269516785 0.7666315967441655 0.44770165668103346 0.7061952402274249 0.6375062474614879 0.7086978732496485 0.636710299560832 0.7691329105541729
62 0.6656035724112144 0.7572026223270653 0.669285274703384 0.8178797650512526 0.4541244277423857 0.8309284702967576 0.4504443908166422 0.7702528846718563
63 0.6888380255533093 0.8094539545063053 0.6901947160555437 0.8675145353034142 0.5454067395204447 0.8708950812076107 0.5440511471927039 0.8128355707411917
40 0.4204385655788201 0.506684375880411 0.42080477419483486 0.533188993542491 0.2112795143538051 0.5360820654335926 0.2109137531633678 0.5095778994707807
39 0.2315882875 0.5354093421874999 0.42236024843750003 0.5354093421874999 0.42236024843750003 0.5650426921875 0.2315882875 0.5650426921875
38 0.41881130615036 0.5996986437500001 0.19077158987147413 0.59969864375 0.1907724038686638 0.5655449515625002 0.41881073376828226 0.5655449515625001
37 0.426567772819908 0.5980464766098552 0.42867483172938137 0.6333966900430656 0.18307283739341074 0.6480312485118396 0.1809666498312481 0.6126818738795795
36 0.19271320429140815 0.6875073530547761 0.19012642152665649 0.649867175104581 0.42329504904068926 0.6338423757024083 0.42588265169968054 0.6714816814188672
34 0.22173105267631854 0.753469893573813 0.21653155092303678 0.6891693629180531 0.4273413900907599 0.6721237655095303 0.43254223714313866 0.7364228108077081
33 0.24639167647728755 0.817343864224643 0.2425916616731456 0.7502048350863629 0.4399364397430645 0.7390357030008935 0.4437379370465351 0.8061731592073552
64 0.26837836358174627 0.8888660977556833 0.2585416562510545 0.8249204459195875 0.42455542989682726 0.7993869674793236 0.4343932600640983 0.8633312453203741
41 0.22466629299640317 0.5097971325272241 0.22396201601929988 0.4857350020188364 0.41502587913976186 0.4801419084573053 0.415730492597163 0.5042036930009138
42 0.19631939806777154 0.4880036546157433 0.1948417602596919 0.45608478558677257 0.4191955472168729 0.4456977813735002 0.42067367010474754 0.4776161404121298
44 0.4111348731560156 0.4058724490658972 0.4151534082473063 0.44440550394820105 0.2106244146384597 0.4657326463202849 0.20660645230100272 0.4272001220378719
45 0.22247779419546987 0.40251115545878086 0.22507788892357894 0.3673034922647479 0.4156236851730455 0.3813738714529299 0.41302401901486974 0.4165811308466602
46 0.41738456927930656 0.3432386852584104 0.41270475174235344 0.38266983668367693 0.1963275192273386 0.3569890427827112 0.20100772972796221 0.3175583556013627
48 0.22981366406247616 0.28528377656247605 0.22981366412057014 0.28478151710621197 0.2315882875193438 0.2847815172688621 0.23158828750001703 0.2852837766864081
49 0.2575040679033691 0.2199495607501868 0.26048725494729297 0.20730137044954594 0.32857860260094185 0.22336099875537574 0.32559544977743826 0.23600915981461668
50 0.4283005169986609 0.15402433083427397 0.40521470055170994 0.2217679392952654 0.25352910436242837 0.1700762338352988 0.27661504690536276 0.10233290368166248