55 0.408163260235483 0.44399799052784955 0.652511003909467 0.44840252832002875 0.6516236948194774 0.4976240097845705 0.4072759531250085 0.493219487500001
56 0.40617301362613034 0.44126157761481577 0.40779940273785087 0.4050760597623027 0.6558580994134218 0.4162231296323122 0.6542323230094098 0.4524080513048044
53 0.7567087114397282 0.3711948270223547 0.7600260626791169 0.4037459613138133 0.512409591394885 0.4289774762101813 0.5090927734314619 0.39642682152812775
52 0.6503652170772511 0.363841345422121 0.6506012558628527 0.40417165664705185 0.40472124172879376 0.4056085043064523 0.4044857854765951 0.3652787664326166
51 0.40731631289588677 0.36129550250810716 0.4099953984905369 0.32580370136521525 0.6485514472190061 0.3438090132394252 0.64587284697825 0.3793003636655788
47 0.5625554562499999 0.3048719234375 0.5732031937500001 0.3048719234375 0.5732031937500001 0.30587644375 0.5625554562499999 0.30587644375
35 0.44526610043385517 0.2713742777815791 0.44986169570267975 0.2150570188379652 0.6872279934875678 0.23442568427979601 0.6826329590974183 0.2907423889347752
0 0.5908028524783049 0.24102740618341031 0.6022776165664254 0.18137331350819286 0.720136868386362 0.2040437197328844 0.7086623824427534 0.263697566633447
57 0.39770757818985203 0.5440670910426608 0.39724170135673376 0.4962613688761037 0.6474293424375901 0.493821273269264 0.647896157802279 0.5416260568444902
43 0.6371563286242008 0.5353180316742807 0.6390056006966915 0.5728754258557311 0.4085385411283369 0.5842192869682602 0.40669003929156133 0.5466626173643909
54 0.7648097363295392 0.5960015175151532 0.7599518192647565 0.6374846679563393 0.49790134630757166 0.6067965874177321 0.5027601299921116 0.5653144266968724
59 0.39358731367246946 0.6239284992006657 0.3976255343770845 0.5798190887507311 0.6428129316736886 0.6022620943705894 0.6387758129518488 0.6463704527906778
60 0.637494359204311 0.6333431655664943 0.6363423986797443 0.6733895158065868 0.39721163185458863 0.6665075731132097 0.3983645125966859 0.6264621362436267
61 0.41224222684945744 0.7303087555576521 0.40825702157576416 0.6669395962571233 0.6375475107283819 0.6525201501102321 0.6415341404359651 0.7158877585719055
62 0.6463569265424667 0.7199533513461169 0.6489489798477734 0.7742500888650905 0.43427573568578737 0.7844930318558253 0.43168507573057013 0.7301976199787348
63 0.6843555682922897 0.750091036868362 0.6920399924887306 0.8043784980120805 0.5789180209310416 0.820386794918243 0.5712344207835258 0.7661000742726323
40 0.38154390219881407 0.4891993479495778 0.38184077310256725 0.5202539561904722 0.20691690235491933 0.5219246130336724 0.20662045399308226 0.49087042203488096
39 0.3815444529329852 0.5575087890625001 0.19165904476494688 0.5575087890625001 0.1916596206505119 0.5218483171875001 0.38154392187493613 0.5218483171875001
38 0.14108252031235224 0.594173781249961 0.14180848437320037 0.5538587004679126 0.39425737293868224 0.5584006599361958 0.39353231527991284 0.5987149005507277
37 0.1584962012369715 0.6398884166455013 0.15740332932443835 0.599303822855928 0.374798844423367 0.5934479020887713 0.375892522998015 0.6340316984294024
36 0.13398402812504173 0.6901054749999714 0.13144754251584345 0.6476115116152164 0.3794419788275718 0.632806690036833 0.3819794663425 0.6752996456504604
34 0.17121335685931172 0.7717992340027273 0.16054422040076588 0.707657365299693 0.4020300501233578 0.6674932651790113 0.41270055400457295 0.7316334201244609
33 0.22726374983244568 0.8295776379379438 0.21742348402938205 0.7570813594735988 0.4376469846367854 0.7271922135032696 0.4474888553781966 0.7996866308922026
64 0.4046990369153036 0.8103541911761294 0.40664218758740844 0.8755378561002095 0.27346847039780187 0.8795049430669749 0.27152646607714814 0.8143223776832331
41 0.3823200737481329 0.4633753582356768 0.38143683761825287 0.48990680359596056 0.19423765416024708 0.4836740296061401 0.1951212348798208 0.4571429469695454
42 0.38190781128241724 0.42951358890852614 0.3806505555807007 0.46173227285464186 0.18450566592696305 0.4540773206032503 0.18576332890427238 0.42185907119976507
44 0.3997664546500346 0.3917989406481632 0.39851643419615357 0.4286125197490036 0.1276525569852538 0.4194135647162056 0.12890316817822622 0.38260062993394073
45 0.40024177234238323 0.35801137090527085 0.3970330116954983 0.3939138764644067 0.16485125220879127 0.3731624295823318 0.16806042600683213 0.3372604290685484
46 0.1702810563743924 0.32449470596885216 0.1762127731599321 0.28600484630165873 0.4020210238097661 0.3208019594707821 0.39608978456681143 0.35929141187611274
48 0.42016965249842997 0.25661396639527884 0.41329232872055854 0.3231685301444054 0.17914940049479355 0.298972766539468 0.18602730794441413 0.23241886156966396
49 0.2999112687499519 0.20944249058921616 0.2999112687997467 0.2104470109374591 0.2981366453088867 0.21044701095204876 0.298136645316049 0.20944249066083126
50 0.4016512690517402 0.09958633305914556 0.4267640606444729 0.1621518682120721 0.30084666449829456 0.2126923883638525 0.27573410745890214 0.1501270504619382