55 0.44643273772737757 0.4779497073246104 0.45067509096918457 0.44123144746440957 0.6633610139920165 0.4658019562397956 0.6591192816748617 0.5025196442603768
56 0.6802318015298852 0.45496784772495774 0.6756438630936827 0.48071450727610754 0.47101987840369475 0.4442517842557312 0.4756081048197984 0.41850547574524977
53 0.5121363431366035 0.4497226185480228 0.5077885858651143 0.41826629782951835 0.7357463389770373 0.3867591310369685 0.7400944817504751 0.41821499305557996
52 0.6861894781748106 0.3688572399748281 0.6895217913454417 0.40240730277656894 0.47721420595019026 0.42349176899827823 0.4738823585045111 0.3899421294658521
51 0.4676131328125 0.35158212031249997 0.6947648625 0.35158212031249997 0.6947648625 0.3857358109375 0.4676131328125 0.3857358109375
47 0.6912683273047833 0.29557319720475017 0.6922534722958744 0.3474561970159369 0.46875998594885004 0.3516980403205926 0.4677754249928512 0.29981559818596126
35 0.6768676786257402 0.2623059191224814 0.6729977140917072 0.3117966747711514 0.49249346400210925 0.29768135672217433 0.4963637788456481 0.24819096614046507
57 0.6730193891535237 0.4998820496244739 0.6688421322102158 0.545395117481185 0.4381936214082316 0.5242248498045683 0.4423716133047719 0.47871258517533155
43 0.45714166184916394 0.55897202392674 0.4544925961605486 0.527658837886665 0.683010238746192 0.5083262921707395 0.6856598322750642 0.5396388940304805
54 0.7093938207507335 0.5417995302957965 0.7112008825578187 0.5822172845809337 0.461018663168943 0.5933982277269632 0.45921250910930667 0.5529813280773085
59 0.4755399231183901 0.6286927499751725 0.4731122925237514 0.593764904692624 0.6731174090579088 0.5798638142055915 0.675545634197988 0.6147910111436314
60 0.697557212516017 0.6126675774754997 0.7002123746666484 0.6517445485880627 0.4736963297815464 0.6671306920749897 0.47104208314908647 0.6280545801637267
61 0.7074223042986887 0.6524709742143211 0.7105043920703338 0.7068934699223991 0.48077193373194405 0.7198981201265094 0.4776912149770851 0.6654769047595067
62 0.7242323289686965 0.6963819409294095 0.7291876594659925 0.7481581721031955 0.5081553227171298 0.7693050206852249 0.503201376586162 0.7175300480758048
40 0.23073743991949414 0.5514663853898281 0.22806660706191906 0.5268241618596652 0.432398926458859 0.5046777254258334 0.43507011740371127 0.5293195551489205
39 0.2262875869085974 0.566680609613916 0.2256715178397144 0.5364823073681078 0.44071072295207614 0.5320937151140366 0.44132732480625236 0.5622914866650671
38 0.2023198075420396 0.6122538303354169 0.19907152265216155 0.5778203114691679 0.4413436018073753 0.5549649581215214 0.44459255625201877 0.5893977630955048
37 0.2090168672020809 0.6406689672475361 0.20637201100328184 0.6071791142005523 0.43455946071310336 0.5891572920754395 0.4372049758532057 0.6226464546012103
36 0.43215243558370275 0.6215819094584863 0.436660008070362 0.6555223587260045 0.21204166512484335 0.685347393411167 0.20753494288237562 0.6514077260830647
34 0.2217283239367589 0.7535848522767657 0.21137987578129014 0.6937241248503704 0.4382889977641753 0.6545009189306631 0.44863860502073294 0.7143601705104888
33 0.30665730342423103 0.8208185758482964 0.2880897729471599 0.7562784926476205 0.47731909364688363 0.7018470619545132 0.4958875084180363 0.7663856972582774
41 0.23942086521822148 0.5204625460330701 0.23783029011667622 0.4951701698568672 0.43148000121232144 0.48299136170794155 0.4330709263541621 0.5082833749011495
42 0.4331728149012406 0.4551038776948039 0.435377648547842 0.48098955257743503 0.2287527313526425 0.49858640474157767 0.22654831768693384 0.4727011306906564
44 0.19176653613067174 0.4725103751783984 0.18923557293669546 0.4357407996616176 0.44261253494460107 0.4182989273920749 0.44514408751308565 0.45506788566454354
45 0.4340434809876115 0.3838754689867195 0.4337642486941604 0.4223996354479708 0.19514449169309955 0.42066868544225333 0.19542428402439782 0.3821451210845175
46 0.18760700243478823 0.3732643759367819 0.18937754399985351 0.3323040799536234 0.423364042043886 0.34241647630722116 0.4215940450491189 0.38337626494517935
49 0.45968909221494414 0.2959246244055349 0.4229157613440293 0.36387593415088787 0.25238621543985573 0.27159175278603165 0.28915957422248084 0.203641039129096