63 0.3811080733014478 0.5239849889045383 0.3818149477388033 0.4846777935816509 0.6223066866866702 0.48900087116880636 0.621600555745772 0.5283073153596798
62 0.40059499184656033 0.48262764555351695 0.4032415109959402 0.45458268692972253 0.6353093888101284 0.4764790662328584 0.6326633863794768 0.5045235462124958
61 0.412124994619262 0.4592094019418199 0.41276693539384723 0.4271008122441073 0.6739634900827696 0.4323207941462338 0.6733221317343805 0.4644288006186749
60 0.4045859999616823 0.4251622574445035 0.4061592550660862 0.3807050384232225 0.6367845393141351 0.3888645764143035 0.6352119389288191 0.43332117076048965
59 0.4159788074219932 0.37873193556570967 0.41842969266122054 0.3449123816660356 0.6426518114138844 0.36115988284428835 0.6402013823346806 0.3949790047348666
54 0.43167877209009475 0.34424643757873363 0.43611971075176825 0.28317355996732535 0.6429706035850131 0.29821379326727726 0.6385303293656079 0.3592860311156626
43 0.5634427689009271 0.29733802187499997 0.5607808343044098 0.29733802187499997 0.5607808345157537 0.295831240625 0.563442768749951 0.295831240625
0 0.5771220735693987 0.25821699984809027 0.5895268154956739 0.20596130776405205 0.7140454907849971 0.23551954421348262 0.701641037833042 0.28777498832259113
64 0.6047470509331561 0.5297624752405014 0.6039632753041815 0.5727164830096658 0.3776914342302007 0.5685854416137596 0.3784760071423534 0.5256322391424623
33 0.598928394201721 0.5594719742543967 0.6007731419042557 0.5906535588621117 0.3959855381950774 0.6027652975126947 0.3941413861591627 0.5715842657587167
34 0.4004039017759169 0.6342502144794498 0.3985339269910355 0.6015371857937255 0.6400376008914463 0.587731237377833 0.6419082672747436 0.6204435317008189
35 0.6141641971341869 0.6230151760918246 0.6162382913054216 0.6559789922027498 0.39834768028697454 0.6696840234743762 0.3962743351202107 0.6367209083039628
36 0.41234534323473326 0.7001229903251455 0.4110091495172128 0.6694270417867751 0.6249265124902195 0.6601145147457593 0.6262633556300443 0.6908097814507814
37 0.615446443947576 0.6915396425317382 0.6185272294114839 0.7468484062419437 0.43063545840107054 0.7573099343391979 0.42755587651004134 0.702002308911715
38 0.6589950986173108 0.727749868996124 0.6663523550910213 0.7781011009126909 0.47126396997646225 0.8065986865407161 0.4639079983744523 0.7562485903835812
39 0.6987461322070203 0.741117591967105 0.7154566754089728 0.7938225203795105 0.6037772276305304 0.829223619380688 0.5870675512156822 0.7765194286300966
48 0.16989905484160772 0.5744291338843439 0.1674790363703096 0.5465613508935809 0.36523867736093507 0.5293882801260659 0.3676591155094684 0.5572555949010464
47 0.3652732045721905 0.5596207030050259 0.36652326562420967 0.5864786092460135 0.16083083368414464 0.5960492007667966 0.159581280671091 0.5691917821138824
46 0.13682109590843083 0.6267314553803811 0.13609807607394941 0.5939235728775334 0.36528914793768763 0.5888709003494196 0.36601284927655797 0.6216780943062058
45 0.17159883473573245 0.6759018997222366 0.1676464777478941 0.640989543685873 0.3760743526171382 0.6173947967027869 0.38002733781024745 0.6523064411302165
44 0.17178056125703733 0.7333431950660194 0.1637454997378427 0.6981206756539828 0.38244250530181034 0.6482357273155721 0.39047814856996865 0.6834574294983766
42 0.21258091546133073 0.7948976515878811 0.19712874691470006 0.7323559513686317 0.4042999203512636 0.6811768733118654 0.41975309019630913 0.743717083375376
41 0.2999112687499519 0.819186339062469 0.2999112689167305 0.8186840733308693 0.3016858922431993 0.8186840737978692 0.30168589218760644 0.8191863394182907
40 0.46786199872610723 0.7956738447109492 0.4842847879792771 0.8519790800924025 0.37844988246979483 0.8828406794094066 0.3620280234845268 0.8265362406486625
49 0.1662521617274706 0.537707897232702 0.16542890808466382 0.514067964104595 0.3660501092058439 0.5070807116794936 0.3668737264441688 0.5307202620168964
50 0.3087843828125 0.5062782515625 0.31055900625 0.5062782515625 0.31055900625 0.507282771875 0.3087843828125 0.507282771875
51 0.14601654859200153 0.48545975923094187 0.14410731625571316 0.44970191423165984 0.3646578345725402 0.437925383064391 0.3665675902065004 0.47368266708619133
52 0.1728879740692264 0.43578416396044395 0.17531725098945117 0.3933546654344758 0.3915435981784867 0.40573320048010225 0.389114945361257 0.4481620805693831
53 0.1756708040977628 0.3594540237479734 0.18807495673843277 0.31538210272902795 0.409768494141872 0.3777750185737674 0.3973650147054286 0.42184635700433487
56 0.20019201319098556 0.31580974764917397 0.22044896893839905 0.24520808087597024 0.43178238376310674 0.30584142934319736 0.4115262905908139 0.37644235615988103
55 0.466612157708596 0.2418379985822094 0.44410798209173663 0.31112813972799724 0.2610442004804554 0.2516726951198273 0.28354862751348264 0.18238307238290757
57 0.3355963885036317 0.19668419499517092 0.35482247999686933 0.13894414235178737 0.473238390891197 0.17837341093414044 0.4540125380952986 0.23611326288794357