55 0.42802512708010454 0.5019952199289089 0.4317883527195363 0.46903511940869663 0.7052162649298452 0.500249542683923 0.7014537986276537 0.5332089356167021
56 0.4365572312507311 0.46911099999998457 0.44360254024638834 0.43214214939189755 0.7522375546933517 0.49095406672397646 0.7451932187757393 0.5279220402564977
53 0.4608233765991372 0.4522338703121198 0.4635013510674071 0.39773265906652133 0.7798777168983406 0.4132746236691585 0.7772009330815308 0.4677746944250347
52 0.45252859744539364 0.4038170940086945 0.4525290251480101 0.36865883598551663 0.7267080467369169 0.3686606429669347 0.7267081865608134 0.4038183099261448
51 0.7296930864075648 0.3377852423806454 0.7278964066366598 0.3828681638680449 0.45904755231094896 0.3721518101853376 0.46084486302459027 0.32706953729898036
47 0.45428824813245683 0.32491771095882155 0.4583572002818528 0.25879318400918183 0.7064607053710006 0.27405921025129304 0.7023925515370593 0.3401829291616781
35 0.479950446163798 0.25656169988293787 0.49104080414326745 0.18888176288847547 0.7252943647567918 0.22726673757141055 0.7142046946901246 0.2949460229100061
0 0.6021460580690245 0.22918161465630169 0.6136487717998307 0.16483351157781956 0.7513400565183019 0.18944641180379032 0.7398376705352803 0.2537942255135576
57 0.4219968861542611 0.5465614299309759 0.42333488128940644 0.5073456663461056 0.706605152365114 0.5170073994432675 0.7052680924140304 0.5562222351499523
43 0.7072023143032311 0.5528849848949987 0.7069584878056503 0.587018587735604 0.4347398707799357 0.5850692501347078 0.43498449539856665 0.550936393083336
54 0.443196624349639 0.6250962823147939 0.4446403818727731 0.5831340826691442 0.7725158421191054 0.5944096793668081 0.7710734079224721 0.636370587190087
59 0.43384838992767527 0.6649762651106181 0.4339260369066551 0.6267562270994715 0.6957288159311474 0.6272851479242698 0.6956521544317411 0.6655042028899377
60 0.44328678220972506 0.6979054253559475 0.44202559543089137 0.6667084265047442 0.7126188890179037 0.6557686437019339 0.7138809084572131 0.6869647318904876
61 0.7165291124096029 0.693035847172888 0.7178521804768252 0.7583943930076702 0.4499618067659412 0.7638102464646809 0.44864070969140357 0.698453556621747
62 0.7209544403648351 0.7260398275897179 0.730098883847063 0.7874088788672533 0.4961437748872868 0.8222587992508679 0.48700122788761746 0.7608914207787888
63 0.6334754090805745 0.8439257934018916 0.6190302929085192 0.7838896088718329 0.7352330697651723 0.7559352957468054 0.7496787763936936 0.8159706158433024
40 0.19523453776400856 0.5391329785179771 0.19480635362265275 0.5109168776429307 0.40685494699187075 0.5076971151781778 0.4072836011637264 0.5359127606729127
39 0.17389391713481928 0.5644167016358859 0.17429908306428388 0.5351185473008396 0.4064246647087657 0.5383257079960743 0.4060200764295132 0.5676233144753532
38 0.1461597365197349 0.6485090787739811 0.13666926068196972 0.6035041323622633 0.395799377471576 0.5488623813465169 0.40529065505711515 0.5938662892243172
37 0.17746228906253236 0.6654947265625486 0.17286946783781332 0.6213873554197431 0.41122358979589535 0.5965678535958516 0.4158173122508515 0.6406742527856891
36 0.16944318945274972 0.7209727103552882 0.1625311189692411 0.682530297184153 0.40997938306202286 0.6380407794305606 0.4168922407803848 0.6764822415991937
34 0.30257320312500724 0.738322451562535 0.30257320327530124 0.7378201868293311 0.304347826612684 0.7378201872502402 0.3043478265624344 0.7383224518832422
33 0.3238686781249953 0.7990959312500568 0.32386867828779486 0.7985936745233647 0.3256433016166511 0.7985936749789222 0.3256433015625362 0.7990959315971495
64 0.45307252861618963 0.818883741503775 0.4558344780209609 0.8725297147556803 0.31510669692113424 0.8797714933826531 0.31234577053066914 0.826126489955471
41 0.2034997970185941 0.5143005016302298 0.20237512174480798 0.48846319303060104 0.4099059954069162 0.4794283231456158 0.41103105886668345 0.5052652429040411
42 0.17657624735704758 0.4902300823559364 0.1749702169890952 0.4596644885542348 0.41205562734035084 0.4472053440856541 0.4136621505003859 0.47777045762691567
44 0.42028747116717113 0.40329983685666443 0.4190611676260687 0.458739428497327 0.12986092172332064 0.4523399948817249 0.13108824460266533 0.3969014908168531
45 0.4156113430954065 0.37087216350213137 0.4108348625995859 0.41081448240149626 0.16565866228825143 0.38149511868498776 0.17043561919172134 0.34155341867319083
46 0.4252268597646207 0.3265762611759407 0.41766929416837684 0.372193820174747 0.15534536457664672 0.32873411771435257 0.16290338797830373 0.2831172459626505
48 0.30878438281251874 0.2561526875000362 0.308784382864701 0.25565042648953124 0.31055900626734 0.2556504266355648 0.3105590062499459 0.2561526876113179
49 0.4852560815296556 0.18443492922097798 0.4760506725446021 0.2563358942112436 0.25187831281448325 0.2276347813114598 0.26108414368002286 0.15573436015799547
50 0.33102180036291884 0.183083176360328 0.3236436196526711 0.10921967565917132 0.4755481199965743 0.09404598964472298 0.4829265134336538 0.16790924584589395