55 0.41881100312491526 0.5102963328124659 0.4192559725039473 0.46595953688095787 0.6657872505265914 0.4684317628903635 0.665343103995724 0.5127677418437094
56 0.43526888745532233 0.4687508300140917 0.4371429689130082 0.43201358038921067 0.6818488346747245 0.44449458565425926 0.6799754116200347 0.48123119167613576
53 0.706773361772207 0.40457400578281977 0.7050639000444789 0.443551586747199 0.438209795636908 0.4318455503093352 0.4399198904760624 0.39286859778678307
52 0.44476013730650266 0.39103872541717655 0.4476812253085427 0.3471820244212399 0.6808126564912982 0.36270832103974665 0.677892194172955 0.40656440734615007
51 0.46121805642167146 0.3458950532322536 0.46642144288045984 0.3027677402803676 0.683679930339963 0.32897856295260286 0.6784770782624037 0.3721053887971933
35 0.716613483694573 0.2306288742312108 0.7172986997766202 0.3056220208622353 0.48044256696925913 0.30778455677486 0.47975808466662784 0.23279212338471822
57 0.4130508168184406 0.5556060306462257 0.4125001991682211 0.5119387071243252 0.6491461619015126 0.5089531563091387 0.6496976089646296 0.5526196390321053
43 0.42520923408540057 0.5908189601774629 0.42473944696405397 0.5550942858651042 0.6582136173446997 0.5520227805103252 0.6586841196293562 0.5877467111962502
54 0.696189721985661 0.589246945278067 0.696715804266546 0.6291415329927983 0.42525181997814343 0.6327164443958969 0.4247267589925059 0.592822844047492
59 0.4397318336597209 0.6752514093354345 0.43648307890725846 0.6349982021920745 0.6704205238643226 0.6161181377889074 0.6736701216001393 0.6563703966428837
60 0.672315758731429 0.6629802395561791 0.6737255918221763 0.6991734911218187 0.45208725156260243 0.707802023963872 0.45067828463652404 0.671609584835778
61 0.6852167193441119 0.7118727296624435 0.6842296994092294 0.7694646374387922 0.46251770398293957 0.7656614458605577 0.4635061306597663 0.7080709350242017
62 0.7060760928270611 0.7340900715179779 0.7171548742205687 0.7993122690407748 0.5098048395586829 0.8345226516044365 0.49872789501500847 0.7693020644709635
40 0.39662853703498513 0.5334003015625 0.2360246701705364 0.5334003015625 0.23602497666990985 0.5087895531249998 0.3966282171875264 0.508789553125
39 0.40310101543184373 0.5349809162026729 0.40266348947432107 0.5634164945362709 0.2215400080871177 0.5606283888755429 0.22197795631313966 0.5321932428680078
38 0.41171269334392946 0.5991963843749999 0.21206741621745095 0.5991963843749999 0.2120680965572319 0.56454043125 0.4117121461249553 0.5645404312500001
37 0.4217094004247883 0.5948644527540303 0.4256221989859341 0.6350730191233857 0.21491371320473718 0.6555732216956428 0.21100179534653307 0.6153654867764121
36 0.22795128128450415 0.6807525379471121 0.2283853826561426 0.6326078334925304 0.4377957079485668 0.6344935976781677 0.43736262729157716 0.6826373119305919
34 0.2921198610334841 0.7765711156970825 0.2741566349856157 0.7100217540692916 0.4417851594232616 0.6647812487821192 0.45974917440241825 0.7313293325332579
33 0.3372004194141027 0.8536126994692322 0.31006889147431593 0.7802561688316693 0.47507812374476543 0.7192361013066326 0.5022103613514446 0.7925911495490997
41 0.4046140120478867 0.481667274308199 0.40537151481453293 0.5075290207382674 0.23750442652442416 0.5124443053887336 0.23674726107128663 0.4865828862327347
42 0.40727590783171763 0.45404288985407887 0.407276154580245 0.48116506303081175 0.2156166341661674 0.48116567871929417 0.2156167584597597 0.45404389100788556
44 0.20387848830637267 0.45004127249046894 0.20445138024967946 0.41600091469823264 0.41910283514198454 0.4196115093966806 0.41853043539549617 0.4536514049356069
45 0.2003298352734646 0.40842098408066685 0.20283031734231827 0.3678974434956324 0.4301699698160064 0.38192312054534594 0.4276700721962925 0.4224461235848249
46 0.4497588731836686 0.3404636987897504 0.44156832506166666 0.38869623223934824 0.2057244459491585 0.34864680513590907 0.21391546023346564 0.3004149249553434
48 0.2554527736432419 0.3079082159629142 0.2662037799339032 0.2396422455912872 0.4761054689845423 0.2726976025914059 0.4653551809117289 0.3409629361938506