55 0.5042694093806404 0.550133096875 0.4635858318951023 0.550133096875 0.4635864074774645 0.2777284828125 0.5042686181966474 0.2777284828125
56 0.4621156135486899 0.5418093124294782 0.4260680483533861 0.5425009475696537 0.4211802469429813 0.28773397671047085 0.45722662890864285 0.28704235307129605
53 0.37112719172148445 0.2701041733786014 0.41390941973133977 0.26806191750208697 0.42753388879361864 0.553461507569568 0.3847516636966475 0.5555037266773765
52 0.3824346734534174 0.5538449035283071 0.3448412537125023 0.5551543385729132 0.33578450424249695 0.2951376638062952 0.3733766646428194 0.29382825066547247
51 0.3090408113258718 0.304911550999451 0.3500987923541743 0.30632611804282567 0.3417308063595783 0.5491957477443957 0.3006728263048899 0.5477812033318197
47 0.24510296406249998 0.3167701859375 0.3028628828125 0.3167701859375 0.3028628828125 0.5359361140625001 0.24510296406249998 0.5359361140625001
35 0.19398774672629315 0.27468306117765484 0.24790486910603704 0.2757729880173037 0.24290641061122642 0.5230287701631069 0.18898928880150834 0.5219388599971133
0 0.16011770314810292 0.22604911011629567 0.20912185692964158 0.2270397457476219 0.20516722150523492 0.4226596471685932 0.15616306797778634 0.42166902117575816
57 0.5455499826751975 0.5543458457575916 0.5024929441149197 0.552253905603986 0.5150944159253186 0.2929170955908398 0.5581500146880671 0.29500900071216957
43 0.5815416887490983 0.5408913086206015 0.5463436620710809 0.5391480632846211 0.5586164034501735 0.2913750904259922 0.5938133174405493 0.2931183080268545
54 0.6254735316399547 0.5521571093923086 0.584891920216478 0.5516022812895056 0.5887649392225285 0.26839686741126917 0.6293450534599287 0.2689516850001285
59 0.6651744649462898 0.5508822804865023 0.6258076559960273 0.5513091463566769 0.6230570916408169 0.29760058079543 0.6624226006965728 0.29717372200676967
60 0.7025727966733939 0.5374925769676911 0.6634644874523019 0.5378987433894096 0.6609689712140607 0.2975675906899902 0.7000760203854952 0.297161431035862
61 0.7357563877327493 0.39528893705131696 0.7271861121046186 0.39421093946305213 0.7344844976677223 0.33619018879473284 0.7430547182365217 0.3372681828834155
62 0.8242002877616414 0.50464697003635 0.7673250942648338 0.5081728435152363 0.7518081044081555 0.25787018416981083 0.8086815656724866 0.2543443661898559
63 0.8491230075162548 0.41082551374168524 0.7979343282239597 0.4034533104545078 0.8274876142469338 0.19826057676564474 0.8786753727887344 0.20563271502953565
40 0.5476164684923788 0.7704633403081995 0.5204572136724437 0.7720123994561037 0.5088357831801886 0.568277754202691 0.5359938987435271 0.5667287278502066
39 0.5765815262400338 0.7867231047501435 0.5453013870707082 0.7877275695235461 0.5381317728832755 0.5644684598254366 0.5694104826294506 0.5634640179408407
38 0.5718631436932355 0.5578459987038672 0.6058679706098928 0.5565629284385778 0.6153577217386328 0.8080341569681151 0.5813528966085642 0.8093171936493038
37 0.6049221664113702 0.5554202862965278 0.6396919511422539 0.5522204950364463 0.6611984981337855 0.785887335246902 0.626428724456332 0.7890870505092865
36 0.6402826459180915 0.5547066608922138 0.6793138890953969 0.5495520814613429 0.7095313418659543 0.7783350226040069 0.670500122610747 0.7834894822920984
34 0.676579045000608 0.533757123391024 0.7406615936594108 0.5219300033912939 0.783737843105996 0.7553019450053812 0.7196553706412487 0.7671287893572104
33 0.8108784223095427 0.6776294630432085 0.8098525486830113 0.6780165378217666 0.8086175223520513 0.6747437730766191 0.8096433953124915 0.6743566984374961
64 0.794863468742733 0.524182073780255 0.8700772323735464 0.49907685533121426 0.9253126574544694 0.6645426609880825 0.8500990815456362 0.6896474828959601
41 0.48463352815485905 0.5635908316902186 0.5112109222525305 0.5632194180795705 0.5143746717479871 0.7895800066868465 0.4877972778220965 0.7899514116506914
42 0.4885920134834123 0.7887169217408387 0.45580297131357383 0.7895800723730031 0.44988772498709295 0.5648757976519071 0.4826752942294661 0.564012666014381
44 0.41617766293165914 0.5658655052277537 0.4544696838133859 0.5663170076579396 0.4516327421412143 0.8068870827146969 0.41334072142763034 0.8064355915738303
45 0.39568550889100607 0.7869630752742787 0.3568784599059427 0.7821067720121174 0.38468997695736107 0.5599030602652239 0.4234953293143917 0.5647592587844283
46 0.35450768843691094 0.7834099781186182 0.3118347149293186 0.7773009763556499 0.34363837480486836 0.5551840484847803 0.38630948030026957 0.561292916975419
48 0.30679189381737615 0.777878076087533 0.246177975718183 0.7683342855754394 0.28240780055512005 0.5382764631672058 0.34301891387167416 0.5478200273542675
49 0.20894023125 0.73203194375 0.2099447515625 0.73203194375 0.2099447515625 0.733806565625 0.20894023125 0.733806565625
50 0.15739754690355312 0.5233426446601067 0.23271835367108906 0.5597252693865175 0.1625244717544092 0.70502691285718 0.08720401539210343 0.6686448366168426