63 0.5719743076496115 0.4980007436852278 0.5682124260739556 0.5309635795001437 0.2947830330750776 0.499758300457266 0.298545508358643 0.4667961881105643
62 0.5634439867878882 0.5308826066497442 0.5564000755393863 0.5678552738426882 0.24776080885658303 0.5090561976945678 0.25480539998477525 0.4720845226965568
61 0.5391753895074771 0.5477594796757415 0.5365001364667705 0.6022631151460305 0.220122095465058 0.5867304729661278 0.2227987607856221 0.5322283266823732
60 0.273291925 0.5961828234375 0.5474711625 0.5961828234375 0.5474711625 0.631341034375 0.273291925 0.631341034375
59 0.2703059091401201 0.6622128206451486 0.2721042016848969 0.617129620325683 0.5409523397632938 0.627848875194292 0.5391552803376953 0.6729309031154702
54 0.5457114015445086 0.675081881258171 0.5416432625299876 0.741206690456404 0.29353807394966225 0.7259417802045169 0.29760784199834234 0.6598187866275183
43 0.5200496742338601 0.7434375424969276 0.508959200358504 0.8111178112420881 0.2747045302875222 0.7727346570299418 0.2857964646700566 0.7050562699093402
0 0.3978543123984082 0.7708180324318828 0.3863505927690767 0.8351662574318309 0.2486587454192204 0.8105534507788535 0.2601633060343147 0.7462062852360839
64 0.578002806051586 0.45343766914826533 0.576666048750667 0.49265351536345414 0.29339436158363696 0.48299507755587945 0.2947318782713637 0.4437800257328453
33 0.29279762071416826 0.447112372922607 0.2930428031320389 0.4129787059109092 0.5652601179446037 0.4149308417204856 0.5650155512806805 0.4490639454112089
34 0.5568026838930109 0.37489693243441136 0.5553617451804485 0.41686154998374353 0.22748462824495164 0.40560016447968356 0.22892635312496168 0.3636363640625396
35 0.5661502739890238 0.33501989461167697 0.5660748460453533 0.37324252604522495 0.3042718660872197 0.3727238480426603 0.30434783354098727 0.3345017618050755
36 0.5567130631951613 0.3020944883088217 0.5579746156465717 0.33329135140418853 0.28738056980660076 0.3442318766937624 0.28611944947215306 0.31303545714928
37 0.28347009636433995 0.3069619202594528 0.2821494197406764 0.24160455719858667 0.5500379780711455 0.2361899537728145 0.5513593732318895 0.3015466371681641
38 0.2790445624489166 0.2739585202859998 0.2699034116160419 0.21259022125391128 0.5038567777237404 0.1777412673037686 0.5129983472289723 0.2391090802954259
39 0.3665261162816478 0.15607373986811263 0.38096938282365045 0.21611011391887378 0.2647659268835696 0.24406512974159572 0.2503229171466046 0.1840289807663769
48 0.8047653464947189 0.46086405545360704 0.8051946760346027 0.48907895275358 0.5931453028522355 0.4923029975914822 0.5927164137459613 0.4640885145096119
47 0.8261060675494036 0.4355804408822795 0.8257020667481356 0.4648780385861571 0.5935753391451044 0.46167478768634973 0.5939797993640923 0.4323776353362438
46 0.853839502439314 0.35148951745219287 0.8633313663196986 0.3964945086583536 0.6042011209459588 0.45114136507713587 0.5947100813123143 0.4061370743037078
45 0.8225374217161061 0.3345024971719277 0.827131912965342 0.3786052366806575 0.588776890236204 0.40343294689682774 0.5841830384629247 0.35933076485883275
44 0.8305563458325196 0.279025127190552 0.8374690169013093 0.31746726845526874 0.5900202779862411 0.36195994429776573 0.583108128984577 0.32351823835655263
42 0.6974267968749928 0.261677548300182 0.6974267969283119 0.26217980932406687 0.695652173455187 0.26217980942588626 0.6956521734375656 0.26167754843754565
41 0.6761313218750047 0.20090406864449653 0.676131321915932 0.20140632808591633 0.6743566984511062 0.2014063281640918 0.6743566984374638 0.2009040687499573
40 0.54692676510615 0.18111560803479682 0.544166360126269 0.12747006793855908 0.6848934510308027 0.1202286434016627 0.6876540210598705 0.17387401401826083
49 0.7964998904159302 0.4856975216323238 0.7976253995691422 0.5115347592325407 0.5900940261756205 0.5205721554855357 0.588968944368844 0.4947353153475805
50 0.8234235757655597 0.5097665751150549 0.8250309588104301 0.5403313481414613 0.5879444889121714 0.5527949337281458 0.586337717371407 0.5222307094274476
51 0.5797114585008103 0.596696151128455 0.5809401350049939 0.5412581203011257 0.8701389543796267 0.5476647819317539 0.8689117071394321 0.6031013733135163
52 0.584388386949513 0.629127403643012 0.5891660811372503 0.5891851448837448 0.8343408701935005 0.6185070852289106 0.8295642123305242 0.6584483697637076
53 0.5747727880726643 0.6734233716329259 0.5823318997455544 0.6278057652572697 0.8446541817315847 0.6712672836603601 0.8370964874671927 0.7168835836664321
56 0.6912156171874813 0.7438473121095797 0.6912156173391395 0.7443495746497935 0.6894409938004173 0.7443495749392105 0.6894409937499404 0.7438473125000062
55 0.5147428788734487 0.8155635628972333 0.523952613630172 0.7436628829680814 0.7481225675069254 0.772370132317443 0.7389150129309883 0.8442688062220836
57 0.6689766174382612 0.8169164687791591 0.6763574275681776 0.8907805291585577 0.5244522992343263 0.9059536938989269 0.517073090855888 0.832091103963963