63 0.4620791577434602 0.5439220666239563 0.46207990009486366 0.2866014858009355 0.5087895390794301 0.2866020430939544 0.508789572530759 0.5439218139086089
62 0.4595681653702286 0.53149955625 0.42089386543841556 0.53149955625 0.4208945590195299 0.30168589218749997 0.4595676943400804 0.30168589218749997
61 0.380852001162566 0.2731125020351399 0.42322395030646476 0.2739209216073639 0.41794447630365994 0.5506230264321799 0.37557252731835433 0.5498146210309957
60 0.34409316341793783 0.3155800027886488 0.3830176545067161 0.3168212271690327 0.3760453311368792 0.5354605089210345 0.33712084078649696 0.5342193024213222
59 0.2992735563714177 0.31858758014564087 0.33690073550621946 0.3181392109291462 0.33945158761707717 0.5321962594662178 0.3018244086274535 0.5326446224218759
54 0.2385871043085217 0.3326618221832424 0.2980661956810309 0.3313865959284406 0.3019921401046304 0.5144913265683372 0.2425130491328673 0.5157665376661912
43 0.24108514156546335 0.51109139375 0.17779987494895977 0.51109139375 0.1778007093605538 0.297249334375 0.2410842453451778 0.297249334375
0 0.19310847205179016 0.4183552008342306 0.13747186402974876 0.4196673553033542 0.13429480731770127 0.28494202376886524 0.18993060559512287 0.283629878905237
64 0.5315448622145595 0.29584499012865295 0.5759845962866166 0.2985642792582717 0.5607782455359711 0.5470605052971995 0.5163385149804753 0.5443412602430363
33 0.5712562093850693 0.31895465763014613 0.6049309215115954 0.31978336724559664 0.5995155351597532 0.5398269351830507 0.5658408234285162 0.5389982376591198
34 0.6463663000808992 0.5498028533472781 0.6049747523586575 0.5505022069573827 0.6002101780312614 0.2684770812845215 0.6416002457605146 0.267777740321626
35 0.6864814830528303 0.540950683157536 0.6478088477823576 0.5433262548144934 0.63449365677684 0.3265677818424176 0.6731651595090398 0.32419224559074433
36 0.6714339614693472 0.3161510721235876 0.7080611545375177 0.31334952600536536 0.7246135417834694 0.5297437120152817 0.6879863527612997 0.5325452191761001
37 0.7760424896931681 0.5159281898574163 0.7203933120295005 0.5181004719549703 0.7122509952394012 0.3095029762013018 0.7678986863973023 0.3073307235052479
38 0.8024781274655197 0.363913681909964 0.7960335067333517 0.36305536945148925 0.8008819515022196 0.32665240301173254 0.8073265474522486 0.3275107137883107
39 0.8696700096553514 0.40484017036654973 0.8165982930049722 0.40634216115758576 0.8128323299772546 0.27326674375672644 0.865903312918249 0.2717647633959179
48 0.5501766859931649 0.7496697223942628 0.5209979124822439 0.7501071936976507 0.5180276316726804 0.551980065035937 0.5472052727508299 0.5515426021549239
47 0.5938036833093747 0.7486602378836544 0.5625339080918366 0.7509527254526345 0.5481932822179942 0.5553630865551997 0.579461850572784 0.553070643248137
46 0.6366885160834954 0.8010668105646116 0.600555594080106 0.8033390576710892 0.5842933710194984 0.5447643715669273 0.6204244576778137 0.5424921807165957
45 0.6710650307986725 0.7772486724441322 0.6327155934079656 0.7776379977498922 0.6303365761503983 0.5432436666532048 0.6686842731828619 0.5428543499538657
44 0.6613646360705161 0.5367552581401994 0.7026650220132069 0.5297426128987169 0.7428867017530365 0.7665971235082564 0.7015863582216753 0.7736096027886339
42 0.7957880624383051 0.7455779647648599 0.7331029324672045 0.7535606529257282 0.7040029154113654 0.5250699631540586 0.7666852427776121 0.5170874574138546
41 0.8574996830742521 0.731585310032249 0.7902085757779105 0.7380153902414491 0.767628365716746 0.5017252082272541 0.8349165702858272 0.4952952651857149
40 0.9437230676908257 0.6302842350275143 0.8746507024300172 0.6582089732046293 0.8141296471244459 0.5085216439339287 0.8832003623431319 0.48059727340166986
49 0.5083526138857906 0.7435143485437146 0.47917278109355266 0.7436928909060334 0.4780163091339773 0.5546196547160545 0.5071950696072918 0.5544411155966509
50 0.46565898223968816 0.7437726203872986 0.43467614717394554 0.7425200767011024 0.4424100982856771 0.5512546727391205 0.4733917942584185 0.5525071937654014
51 0.39856676588965456 0.5431103675626469 0.43711934917143935 0.5428624129103303 0.4385693511555928 0.7682851134252001 0.40001676793394836 0.7685330625194391
52 0.37787066858368235 0.7645300911144259 0.33602252460354975 0.760925838787798 0.35583823832655526 0.5308933004419905 0.39768451647478287 0.5344974728224443
53 0.3184306343737262 0.7549566179303647 0.27701399450529607 0.7466545675334195 0.32106510494600116 0.5269300856303716 0.3624800083587161 0.5352319581080884
56 0.25694153374843154 0.5096773242494668 0.320305973745576 0.5192900613851553 0.2887182193813942 0.7274846877420854 0.22535382194178055 0.7178721423144326
55 0.18525860076010758 0.49551930287638835 0.2580079205290531 0.50924459426271 0.21763659145926795 0.7232056618582461 0.14488734894155186 0.7094806461831124
57 0.1282369449838825 0.4995609768218782 0.1991503238767791 0.5237607879815807 0.14881658164995315 0.6712402146163159 0.07790336157165711 0.6470407381176331