55 0.5027626401943053 0.5581189015161968 0.462506441263713 0.5578267838447699 0.4643539549505249 0.303323942713411 0.5046087765155107 0.303616055307136
56 0.46197298348192817 0.5460375181541085 0.4361174951676503 0.5453293985667441 0.4427487645285737 0.3032337174016714 0.4686034041167204 0.30394182500266836
53 0.4056973343737127 0.2739239159483966 0.4428323619048342 0.2750178397330601 0.4346856155598289 0.5515598314000034 0.39755058880189154 0.5504659267433543
52 0.3816194729314475 0.2907634914775584 0.4128817512096248 0.2928494710249192 0.3962799738752665 0.541645937824532 0.3650176986268434 0.5395599919707065
51 0.3631578454846931 0.5337220681873713 0.3280342226671564 0.5296370760158244 0.3545123469691589 0.30199043824556715 0.3896349300083557 0.30607536839019783
47 0.3268954363645662 0.5191135918063335 0.2749716493400456 0.5101335292172943 0.3120079916626537 0.2960017240446172 0.3639303537958085 0.3049816576119139
35 0.27604364694377637 0.4951130182521913 0.21926594488604678 0.4836864887395071 0.25916742618107946 0.2854340871298542 0.31594375349243364 0.29686047053488823
0 0.23386853700799293 0.4309841606239447 0.17599420975739122 0.41306498624992005 0.23143999932688075 0.23399876884442214 0.28931324398001834 0.2519177574829567
57 0.5419914690704672 0.5578115872417642 0.5045421943262909 0.5582879139134659 0.5015646051896283 0.3241586181248653 0.5390127194694969 0.3236822987609077
43 0.5685728643635457 0.5573905202361993 0.5409244670275939 0.5565972319800406 0.5472913422353258 0.33472146382085133 0.5749388652022844 0.33551473913455715
54 0.6034160406786668 0.5645519716164767 0.5655253770896707 0.5627088845770206 0.5788171050496658 0.28948491864438924 0.6167064048738666 0.291327972169885
59 0.6416401595306525 0.5624027314875581 0.6069878324706224 0.5627858143113835 0.6040760248616834 0.29934758924308436 0.6387271063839535 0.29896451347916553
60 0.6734158937164239 0.5575863030844804 0.6402929211717492 0.5590042332800944 0.6298237568266813 0.31444695463723393 0.662945638175529 0.3130290480540597
61 0.6494094213845756 0.31230213653973826 0.7088791954223552 0.3057020329647993 0.7343916675408764 0.5355692327142658 0.6749219086062794 0.5421692373356409
62 0.6980056918681612 0.3073035749399729 0.7527653126788891 0.29761772406506753 0.7891103093384118 0.5030875420484618 0.7343507238555276 0.5127732672559305
63 0.7336000732955199 0.29863063794486916 0.79036837721344 0.28194676332105817 0.842931960232363 0.4607920143064097 0.7861637368450829 0.47747570915801724
40 0.5280978267089722 0.7753351964270327 0.5052169777414974 0.7742330730614011 0.5150407625269509 0.5703264721138698 0.5379206421874869 0.5714285718750017
39 0.5400519492512785 0.5688157151116947 0.5681334803441587 0.5713049896998627 0.5479207997210551 0.7992948941735034 0.5198392765624931 0.796805678125002
38 0.5660249457495183 0.5707928927880656 0.6015621287632484 0.5732854852911693 0.5838280432076317 0.8260878725683622 0.548290867168248 0.8235953471031964
37 0.6420149803203685 0.8063379190413354 0.5995704136679478 0.8076022470986214 0.5930749463560687 0.5895516480719407 0.6355175730286646 0.5882873486590182
33 0.7634354594343904 0.6574977812500001 0.7629331999405622 0.6574977812500001 0.7629332000593649 0.6557231593750003 0.7634354593749322 0.6557231593750003
41 0.5183674773677467 0.780332281512565 0.49413209779550016 0.7809854516194035 0.4885083283941185 0.5723345624190882 0.5127426914359603 0.5716814057931708
42 0.46509291875000003 0.56344276875 0.48920140625 0.56344276875 0.48920140625 0.78438331875 0.46509291875000003 0.78438331875
44 0.4375575177487008 0.7827654326241651 0.4100349456434742 0.7787299445831931 0.44132625959809957 0.5653554297397854 0.4688476442678393 0.5693908298700443
45 0.41395874215197637 0.7793525888058903 0.37802234854905237 0.7749517400426916 0.40425387410800795 0.5607898440443763 0.4401887278098684 0.5651905984330866
46 0.3798744473633633 0.6259416901055822 0.4200196216376071 0.6465969265157361 0.3497170031184851 0.783215514825033 0.3095720537081661 0.7625606176589402
48 0.32941613877835607 0.5505741889642618 0.4031325997591466 0.5763432970288949 0.3351312684488903 0.770846817482553 0.26141506323835983 0.7450782376720971
49 0.2636865891213347 0.6512866015625 0.26318432962864335 0.6512866015625 0.26318432974630923 0.649511978125 0.2636865890625586 0.649511978125
50 0.2006479138948407 0.49845306645539716 0.26844821886470527 0.5050693152780713 0.2522075191042177 0.6714803552893699 0.1844072281737681 0.6648642046579605