55 0.6787937245787816 0.503264690625 0.442767992509971 0.503264690625 0.44276871778208715 0.4640883984375 0.6787930947577934 0.4640883984375
56 0.450095933876014 0.4627397155872637 0.449728299770527 0.4302375203816183 0.6794497519583729 0.4276378524386764 0.6798178870895981 0.46013953541642194
53 0.7002392207618868 0.40535119313599405 0.6974593619077041 0.44429361716060534 0.43278468951552895 0.4253988706742932 0.4355651469568329 0.3864571200221155
52 0.45111738894843256 0.38593556938125906 0.45390241771281126 0.3468905597488386 0.6563971077985116 0.361332726808531 0.6536125596481952 0.40037728390716654
51 0.6949799637318392 0.34523741983951745 0.6881737306082414 0.38440923121822995 0.4628499951932099 0.3452582685128948 0.46965659590307496 0.30608691883311967
47 0.6592624248664833 0.28516907899769695 0.6593960962297842 0.29343271406369364 0.6069934249281914 0.2942802705649792 0.6068597729499743 0.2860166544024372
35 0.6468500437499642 0.2219989953124759 0.6468500437952116 0.2214967358742681 0.6486246672026255 0.22149673600082556 0.6486246671875051 0.22199899540892298
0 0.6287386461162896 0.2126038034796786 0.6434136177635992 0.16075482481605732 0.7773951885116048 0.19867544784077956 0.7627204832479038 0.25052419706871615
57 0.4435212126979877 0.5403939869151895 0.4437061631531378 0.5052251160359778 0.6682448913256849 0.5064040101110431 0.6680605726626254 0.5415722590630266
43 0.6574980844370657 0.5745856359374999 0.44365531932317026 0.5745856359374999 0.4436558727836655 0.5429432453124999 0.6574974875403541 0.5429432453125
54 0.43484541235307006 0.6205629593463315 0.43253286550191206 0.5783373959576089 0.7166100809536147 0.5627779698388455 0.7189236476009455 0.6050024507792165
59 0.6722775402298566 0.608482218325289 0.6747344409155858 0.6493915191420683 0.45627787689625166 0.6625072904058278 0.45382189008557816 0.621598864018799
60 0.6920437187881134 0.6286225098849892 0.6980500257080848 0.6657521000786144 0.468004771424944 0.7029574607487807 0.4619994510323977 0.665828748882902
61 0.6781438417474419 0.7203732369843907 0.6778704408812928 0.7300340864225343 0.6085024439036033 0.7280709125270027 0.6087759165721991 0.7184101362882593
62 0.7142253003668202 0.7422220645850788 0.7179014504323504 0.80307609598647 0.5193889218564891 0.8150625181131946 0.5157142812951179 0.7542099032843647
63 0.7613869869818473 0.75344334604559 0.782622753521423 0.8112670582680245 0.6649087696657716 0.8544877202066934 0.6436740491909632 0.7966648942055436
40 0.24312333593750002 0.5022601703125 0.429458740625 0.5022601703125 0.429458740625 0.526368659375 0.24312333593750002 0.526368659375
39 0.4250224378791927 0.5590155703125 0.22981319108862408 0.5590155703125 0.22981377989242446 0.5283776999999998 0.4250220389296828 0.5283777
38 0.41881080134930926 0.5590152648716612 0.41881122670031345 0.5936714244187689 0.17302551572811353 0.5936717345768197 0.17302583856155707 0.5590163362750071
37 0.2083331370970427 0.6431609407620729 0.20572256868888417 0.6056018925232972 0.4291876687098011 0.5900692317484273 0.43179896853132504 0.6276275061064545
36 0.4303819378872049 0.6301190606890192 0.4325516416146229 0.6703505374685035 0.2147908472962854 0.6820901015478876 0.2126220631854494 0.6418594995317153
34 0.4579729885847428 0.6586948767397172 0.47178469968048375 0.7188092541968687 0.25555414807411125 0.768479035990051 0.2417441086523695 0.7083661121294226
33 0.4888758221771923 0.7124585672329208 0.5082946262456289 0.7793409278992633 0.3120054956199283 0.836319061952193 0.2925885929115566 0.7694383399681087
64 0.35341426363754636 0.8925992546999986 0.32948078552897186 0.8259624357784952 0.47516965216766494 0.773646836758079 0.49910373494549276 0.8402823462748008
41 0.2425365787547662 0.4927204879813103 0.24415603948068565 0.4677589732078842 0.4278707723532307 0.4796760420944048 0.42625167160485944 0.5046372201045366
42 0.44188093137120177 0.44851813688182185 0.4418812173940978 0.4781516567498524 0.23868667998726778 0.4781519994777005 0.2386868186790707 0.4485189064915761
44 0.44720480086414227 0.41135094289484764 0.44720515107405845 0.44650930728713595 0.1898845587801361 0.4465092098327417 0.18988479979566364 0.41135142534441604
45 0.22611153760112757 0.39890891453307803 0.2287552938017825 0.36155156321891385 0.45558969050318865 0.3776026494811141 0.45294646869695043 0.41495949240637586
46 0.24209722555838198 0.3462939780839038 0.24873727865713136 0.30712712285380583 0.45621760437938974 0.3422997281752817 0.4495780402459104 0.3814661475318537
48 0.25807555267863336 0.2993538334380631 0.2725009899787665 0.23470360122152045 0.4772779183293778 0.28039394039862314 0.46285317102569934 0.3450435724398555
49 0.5081563041319441 0.21866537781311934 0.4946348490041146 0.2842488325650688 0.2973686828914879 0.24357798470585773 0.3108904711453988 0.1779950186892618
50 0.5040287177560003 0.16636737892675793 0.4683367972355654 0.23355666557833765 0.344507316915724 0.16777691522659063 0.3801992666174101 0.10058785637044573