55 0.4013207242927592 0.5239442519767219 0.4025220466955943 0.4836403752576799 0.64386564811673 0.49083181746525967 0.6426650985501965 0.531134932645444
56 0.41207551913112184 0.48310459297691766 0.41349079858264304 0.4466865328309796 0.6445154039553245 0.45566288420209605 0.643100749493442 0.4920803212242206
53 0.6903859303259878 0.4059434461513581 0.6900957045245377 0.4508873826681377 0.4168828757033225 0.4491200638630086 0.41717389460211507 0.4041769020177792
52 0.697480466371303 0.3646787165586665 0.6969514458961612 0.40886381332568045 0.42561097929956304 0.4056125422269315 0.4261406937329184 0.3614281317363402
51 0.683406496948237 0.3246684644049204 0.6824631852643961 0.3691429933569111 0.4361462173161499 0.363916742718236 0.43709008901737434 0.3194427723860847
47 0.6603254399021807 0.2521499265864655 0.6617198466234413 0.3161775239699034 0.4463470697093044 0.32086630250337345 0.44495327543677377 0.25683927050886163
35 0.45628326690905396 0.2541974134755543 0.45773654532911223 0.1973688236544837 0.6770285464390327 0.2029761194073696 0.6755757151568105 0.2598042672147265
0 0.48268605040777857 0.19266267094565978 0.4950594229389935 0.13455110952462382 0.6620161566266916 0.17009978670254003 0.6496431036001695 0.22821106383059522
57 0.3973348389320108 0.5663516011226559 0.3976969800008874 0.5254753252296028 0.6391373859820533 0.5276123616952338 0.6387760746290496 0.5684878049448863
43 0.4078827258013007 0.6022632411034088 0.4089189558886801 0.5668173545957658 0.6594105422834673 0.57413755296189 0.6583751314885831 0.6095826261108492
54 0.6720047246799368 0.6066511628626119 0.6716221971568075 0.6445598761231156 0.4105809872349937 0.6419220292514171 0.4109644464132316 0.604014242463523
59 0.6491987900835738 0.6396530522117622 0.6497693915786158 0.6794133763933697 0.4189139156893589 0.682722731575289 0.4183442520374001 0.6429633295743038
60 0.43229648029978307 0.7186872874837177 0.4299416835634702 0.681754252047399 0.6636162180051315 0.6668557322027393 0.6659718623238859 0.7037878353297047
61 0.4403469901759536 0.7745066415332071 0.4369006895608436 0.719018497882466 0.6620598520934209 0.705034470303243 0.6655074671980401 0.7605211925509037
62 0.6731367073892898 0.7535146347065617 0.6787141689363807 0.8076883186576466 0.4598579930903952 0.8302122451563925 0.45428208803230063 0.7760399737614645
63 0.6953113072894439 0.7838283781297215 0.70834959762783 0.8419443439863854 0.4948810342688148 0.8898215265125503 0.48184459736205554 0.8317071572306937
40 0.21145352512110094 0.5580535481043961 0.20973993846916983 0.529455089987411 0.3923372761476003 0.5185137407991348 0.39405126423923775 0.5471117746204798
39 0.20685248834786307 0.5812170254538932 0.20620333679460146 0.5536686931940049 0.38666510834002565 0.5494153534473492 0.3873146776667227 0.5769632622842695
38 0.3998665816592393 0.5752351420857666 0.40202861552779723 0.6057830763254987 0.1826812066938146 0.6213033785141074 0.18051982433814828 0.5907560611219971
37 0.40789139517096373 0.6056220307627482 0.4116278012144221 0.6461596254499791 0.20002253808013393 0.6656586989017572 0.19628703410216986 0.6251219440040185
36 0.414300880697283 0.646022871372325 0.4189850439405518 0.6846312093550897 0.20051615534760003 0.7111307076791171 0.19583295902214104 0.6725232575779511
34 0.23692259807171467 0.773894673355762 0.22799710741242052 0.7134959547150463 0.42875075747770097 0.6838319921960919 0.43767736806330504 0.7442293863132576
33 0.44777872283236775 0.7448381217185712 0.45484412763096316 0.8134689531278562 0.2477949946365925 0.8347772861843251 0.24073146376133536 0.7661482037406275
64 0.42413472420128073 0.8191857736038997 0.4241358391622043 0.9085887363003052 0.30878419285966174 0.9085885335334385 0.30878443085055096 0.81918691699333
41 0.22030701882738413 0.5273118545288952 0.21897055678653032 0.5011846529800323 0.39160768201622886 0.4923534250298616 0.3929444754586484 0.5184802826625892
42 0.21557518537417764 0.4930990783734428 0.21583305431704503 0.4626347709163481 0.39768460483458057 0.4641730070724405 0.39742714393730694 0.49463690820349154
44 0.40985778553681484 0.43243838943097834 0.40677659446157577 0.46806988579413517 0.19425674277556482 0.44969196425176067 0.1973383931887156 0.4140609877244585
45 0.20225072664868549 0.40374167956175466 0.2090216257024622 0.3588901263356563 0.42446048717249596 0.39141044009867826 0.4176902470926507 0.43626141552591935
46 0.19362596486848815 0.3517699055578793 0.20129406661317262 0.3077469431597105 0.4295687227893268 0.34750602924815066 0.42190123276816394 0.3915284608390794
48 0.3575865125000064 0.329482671874965 0.3575865125670816 0.3289804124060567 0.3593611359598299 0.32898041259390587 0.35936113593754726 0.3294826720180967
49 0.4558369387938228 0.20740142224155406 0.4515057944017826 0.27700241156323546 0.23990659067135311 0.26383425788610326 0.24423822260939687 0.19423382473162948
50 0.44365578881536294 0.20642892968749998 0.324755940438763 0.20642892968749998 0.32475625345318804 0.10296333437499995 0.44365549603696763 0.10296333437499997