55 0.4617070765795006 0.507593393667812 0.46389777721151404 0.4705154926100964 0.6475502951736871 0.48136487246659254 0.645360137978173 0.5184422455180526
56 0.6774412569874357 0.4520031934249885 0.6732856482026364 0.4868782109427302 0.46678058557426994 0.46227141689740314 0.47093662912175205 0.4273968990941902
53 0.47887419777021023 0.4212410851674949 0.48260536578868596 0.3821882565650868 0.7205362757138118 0.40491809969193876 0.7168057428018528 0.44397033539260916
52 0.7076372355369358 0.3553511644745755 0.7055605869626334 0.39551428357891044 0.4822216604896994 0.38396514708202556 0.48429879026127765 0.3438025251558128
47 0.5058798648238962 0.32484058778171354 0.502380455782486 0.26548718739470606 0.7122996660823446 0.2531103905057035 0.7157995892717963 0.3124632113753935
35 0.5060817272949407 0.26397322358819303 0.5015731121580984 0.2195495135360758 0.710286069451513 0.1983667668099057 0.7147949758068535 0.24279013793542184
57 0.6225362869002993 0.5132558214151595 0.6248349969149558 0.5514179568170383 0.45226351669373344 0.5618100621053375 0.44996537394592906 0.5236484483183539
43 0.6501060670149172 0.5599103778360706 0.6506804134975255 0.6004604514822693 0.46250824911328436 0.6031234934746684 0.4619345870910365 0.5625740936473275
54 0.47826087031251063 0.6433952781250345 0.4759127707400239 0.611933353859675 0.7042289350608826 0.5948930833801989 0.7065776584709056 0.6263543347719295
59 0.5105542669664374 0.6742639067671639 0.5095508307133514 0.6419403953395795 0.7289259922583824 0.6351293173836108 0.7299301110080023 0.6674521134365802
62 0.7336624382646733 0.7659994833234911 0.718703927851152 0.8231341229736839 0.5192501658988249 0.770920906980121 0.5342095683796515 0.7137876103979498
40 0.3056298816834442 0.5637247518655837 0.302153096465986 0.540883254696939 0.43178540602002613 0.5211526228153921 0.43526239291099955 0.5439938735022024
39 0.42635589104816063 0.5506503471518369 0.4308232200016846 0.5794286460872013 0.28438790912730383 0.602156768173012 0.2799209992477927 0.5733788438134744
38 0.2990546425616003 0.6217319665846093 0.29627078835255816 0.5955007714544647 0.4280618142163348 0.5815147996622528 0.43084594866161297 0.6077456828783758
37 0.44173913127144715 0.6065339415461396 0.4488866581808679 0.6351182626087348 0.28253344149698023 0.6767085927023735 0.2753864724976438 0.6481247567398224
36 0.2957251935830527 0.6975271827570764 0.29148075930424966 0.6698411462828245 0.4593548580811557 0.6441070097049675 0.4635996854561881 0.6717925772740015
34 0.4740073227856101 0.6818213807512131 0.4805353224398914 0.7368466628236795 0.3071357900108751 0.7574128090086036 0.3006089443496194 0.702388580306244
33 0.4720834102970457 0.7302717385420399 0.4922734775717572 0.7837623558357706 0.33991154465593354 0.8412589964760143 0.319722708306017 0.7877694225293304
64 0.40135935926980437 0.8690842114853973 0.38344647709357105 0.8202884660608402 0.5180232344947626 0.7708947883500655 0.5359365058521917 0.8196896656460662
41 0.30878438281251874 0.5258663984374787 0.3073973418544256 0.5056073683949341 0.4175950157945181 0.4980627745341172 0.41898221807775826 0.5183216327159982
42 0.4321205860945838 0.4660961915811416 0.43392753078046553 0.4914503588356195 0.3001780303367241 0.5009811509928829 0.2983713522950211 0.47562723934796813
44 0.2821994719928398 0.4558137259967354 0.2818260342086205 0.4311634892535398 0.43993649633546283 0.42876743054164784 0.4403101927603075 0.4534174121823949
45 0.28154038660284186 0.41655323058228255 0.2830971495520771 0.38356059320876146 0.4513826658627522 0.3914999424798816 0.44982625925604225 0.4244922454911848
46 0.28964768376772554 0.36696468521628334 0.29327334832817087 0.3357429664110168 0.450149132451088 0.35395902574501686 0.44652376458645904 0.3851804782913994
48 0.4566320858267545 0.285686328176106 0.45187682003802365 0.3549021060912778 0.26670603113370817 0.342179810181439 0.2714618629081542 0.27296465410323345
49 0.4804482371660015 0.22865834072701055 0.46778026068773215 0.2902036412683995 0.29208439529634234 0.254039819990001 0.3047526640111755 0.19249494052312865