55 0.39612381651818396 0.5040259937984453 0.3954539898782059 0.46140015900036885 0.6439026392013147 0.4574946718244016 0.6445732292443154 0.5001197146523885
56 0.4106872162627724 0.46095475295906707 0.4109915655914165 0.42466071074281453 0.6435682506784133 0.4266095630167365 0.6432644781884846 0.4629030226484535
53 0.6656362557979492 0.39366960535789236 0.6650279311591021 0.43010078731441975 0.41485034866661863 0.4259210199465349 0.4154592328079616 0.3894903879957585
52 0.4178959463250749 0.3866793678223855 0.4209521371262781 0.340793052641501 0.6271469891955803 0.35452522999389136 0.6240913682111113 0.40041098548581017
51 0.6527149763738862 0.32096498521135053 0.6551208173769965 0.3592091717388758 0.4614419107502954 0.37139136180911414 0.45903648010471443 0.33314756111496624
47 0.6594756324548143 0.26624981374985296 0.6614885638989563 0.3266908921574786 0.4452750504422056 0.3338899799146181 0.44326273618071355 0.27344948402734365
35 0.46349318182717525 0.27045307868927676 0.46641929785857883 0.2165533933391682 0.6575819864090136 0.2269307435657398 0.6546562854252898 0.28083001594544427
0 0.6126940238967791 0.2442462500462102 0.6139141645172685 0.18929052964502505 0.7275676827144935 0.19181371339318376 0.7263477547071489 0.24676923063945502
57 0.39840256052809764 0.5454545384527695 0.3984029609312074 0.5047713842457519 0.6335401425911869 0.504772259950538 0.6335405063845201 0.5454546303949224
43 0.4152616012102044 0.5836263568440201 0.4152619291996871 0.5449521876342319 0.6433006835339938 0.5449527093238413 0.6433011125019448 0.5836261018335348
54 0.417923690625 0.5796082375 0.670807453125 0.5796082375 0.670807453125 0.6217980921875 0.417923690625 0.6217980921875
59 0.6393911236945087 0.6180321412748542 0.6404388315963843 0.6596385022768237 0.4279240801141668 0.6649867752503604 0.42687725666098686 0.6233812840232343
60 0.5874001781249945 0.6810647921875352 0.5874001782636924 0.6805625310558324 0.589174800046294 0.6805625314441047 0.5891748000000234 0.6810647924833754
61 0.6648459949811922 0.6780680756086871 0.6603376808471921 0.7417883021151939 0.4447348378303104 0.726532825787149 0.44924451064844106 0.6628140488821939
62 0.6853072075934961 0.7141860996946493 0.6902171265040806 0.769102742277558 0.4770216299389176 0.7881568392574398 0.47211315726156045 0.7332415218635614
63 0.7262380714799974 0.7569288248031197 0.7349315281345525 0.8147322118317609 0.6184575297349966 0.8322449242186953 0.6097649912455836 0.774442358337228
40 0.3822668452144171 0.5079392281504324 0.3830958237469986 0.5350224510022126 0.21423416971992992 0.540189359318984 0.21340556706468305 0.5131065032338277
39 0.21621792877476764 0.5651439500892057 0.21669530159817896 0.5331249212947399 0.38807277584669464 0.5356785026962296 0.3875958698852173 0.5676970807604002
38 0.40352080893137554 0.5681943254670039 0.40394903143726424 0.6044673562950191 0.18929649434369367 0.6069991113268944 0.1888689773237502 0.5707267918950567
37 0.40572637597551875 0.6004765757890035 0.4107351372017547 0.6447113692573562 0.20848369947486844 0.6676079648393511 0.20347589487414552 0.6233740669536935
36 0.4267725663289639 0.6412498004064693 0.43409220712828755 0.6816519537602578 0.23127446222281378 0.7183890732618086 0.22395580254669767 0.6779877955528012
34 0.25469695768299516 0.7853013130871386 0.24079095601553036 0.7245341097770469 0.4328046079824617 0.6805990673558753 0.44671153818580933 0.7413649541645926
33 0.4469248121037026 0.7475830452642559 0.4597089159069583 0.8153204358974364 0.2726251816915237 0.8506190332362019 0.2598428628973579 0.7828832153818663
64 0.4598529146844612 0.8383996902399218 0.45179655934487073 0.8997025955395747 0.33100783399538614 0.8838309239378358 0.3390650138979936 0.8225289998906181
41 0.3839225238482413 0.4822175517992787 0.38451039308904456 0.5071289491379327 0.22483563456944466 0.5108957638512804 0.2242480732616059 0.485984672124968
42 0.3806565657404235 0.45153181003064435 0.38065675859752446 0.48116523443779824 0.2165039552160124 0.4811653066541656 0.2165041078245622 0.4515322334810542
44 0.18624655214671293 0.44890282102677065 0.18654855317379315 0.4100375565464407 0.38786615634649024 0.4116006169964613 0.3875646714876666 0.45046537586128094
45 0.3991357974384755 0.37832232188095183 0.3932220737060561 0.4182125209503413 0.20407532559204355 0.3901716878275165 0.20998941234245194 0.35028194940623886
46 0.21561312198423366 0.35082813478785324 0.22111838964883646 0.3119282901234606 0.40950687962913435 0.338588032132566 0.40400204290142483 0.37748749553231487
48 0.22408465893454377 0.3067618123756245 0.2355174748737454 0.23944098142041678 0.43316443382923353 0.27300506584635814 0.42173228296144316 0.3403253212505147
49 0.4564972920884429 0.2097606651290506 0.44702720180157485 0.2734302278304611 0.2602200732711708 0.2456446648493228 0.26969049825208913 0.18197555264486032
50 0.4394064064910026 0.11286371051310956 0.45737726075572027 0.17283139445477233 0.34007537184299963 0.207983371684483 0.32210472648682753 0.14801586520946367