55 0.542257256020207 0.4830660882214564 0.5434975427114068 0.518499034993068 0.2804108108714445 0.5277045195933029 0.27917126415388793 0.49227229645466497
56 0.5318055290357506 0.5254633941320234 0.531344309072665 0.5548408201321191 0.29783360006717885 0.5511724538881556 0.298295372485768 0.5217955853619026
53 0.5270627470632689 0.5560017644554699 0.5270633057288023 0.5946760224861961 0.24312317541534867 0.5946763085638603 0.24312358056147332 0.5560030236253494
52 0.2700376343922244 0.6108427006876165 0.2734648420122312 0.5754254998063669 0.5191492247242877 0.599194304678076 0.5157228883110747 0.6346107105735262
51 0.24024615926487058 0.6542670495151695 0.2435059802746764 0.6113217177085746 0.4986972599666615 0.6306862124642014 0.49543858313961664 0.67363051080337
47 0.2771710855223546 0.716505294947814 0.27999353577695274 0.6600227866544052 0.49528894720492644 0.6707772169802548 0.49246783989894993 0.7272584703462579
35 0.47635454159342316 0.7285833799199511 0.4729242174207684 0.7841979481534957 0.24991008142239934 0.7704414662343905 0.25334172422424217 0.7148283284814075
0 0.45059630959531205 0.7875201570105648 0.4410947783363781 0.845281165444681 0.2141764430382409 0.8079570474141722 0.2236792559198193 0.750197645713229
57 0.5439216961253805 0.44701142022663765 0.5439220234272852 0.4846810506234249 0.28305214081626673 0.4846812165056824 0.28305251191090974 0.44701232123661516
43 0.2909870226174007 0.4422157907536393 0.2912030361600273 0.4136728469362253 0.5316807086702511 0.41549130905631454 0.5314651476642211 0.44403379154153655
54 0.524538378467696 0.37291465782560823 0.5262131022097947 0.4093945095325368 0.2565080407042615 0.4217734467872662 0.25483393898821305 0.3852942104711604
59 0.26878132440299396 0.39019168808166 0.2661254291873547 0.35656277249870605 0.510766546111654 0.3372408827372066 0.5134228593221906 0.3708693617823901
60 0.49981351915164396 0.30630514356915606 0.5014306875926877 0.3412964906329767 0.24976242306900076 0.35292577219991295 0.2481457163601135 0.3179348868906301
61 0.2820744072744219 0.32197496843266876 0.277610225149715 0.2687373763532172 0.4899587390253828 0.2509304921337319 0.4944233740969821 0.3041676283150035
62 0.4716897662156043 0.19810654024443936 0.47469129608577987 0.2521848253209075 0.24478189699516406 0.264944319609355 0.2417808303912352 0.2108664885052565
40 0.7379013292312493 0.4448730487749863 0.7402504019992193 0.46992617594897873 0.5669508678279271 0.48617276712241425 0.56460212690547 0.461119937853429
39 0.5609153167649765 0.4606201906105944 0.5574493240890206 0.43350367421682806 0.7311790322125944 0.41129850136885265 0.7346452906853074 0.43841468908052666
38 0.7580917837685774 0.3746333822749216 0.7624605828693802 0.4064194976333435 0.5597610161556759 0.43427643487547885 0.5553926617665184 0.40249072067473546
37 0.5442359388401883 0.40586758224861563 0.5379664055881221 0.3723814800963475 0.7409904511559944 0.3343706529469303 0.7472602752038711 0.36785634002146095
36 0.7443706450121681 0.31065399015717515 0.7481756181335868 0.35097860646493206 0.5315958688256615 0.3714123897086244 0.5277913843904116 0.33108821133038346
34 0.5074820907393587 0.33479417889559987 0.4980708691240352 0.2697997030784524 0.7147013629537469 0.23843171939895222 0.724113097297959 0.3034255454909849
33 0.5944986687500204 0.22802611706778242 0.5944986687965184 0.2285283780805663 0.5927240468903392 0.22852837816928903 0.5927240468749915 0.22802611718748295
64 0.6650724500752858 0.11567287083478298 0.6768457061838262 0.1803165377685616 0.47094879201483764 0.21781456551418132 0.45917592197986323 0.15317123360818763
41 0.5643299162583162 0.5102963312877471 0.5643301090764226 0.4841787827600631 0.7462288635141476 0.48417944293103543 0.7462290300218228 0.510296618709179
42 0.5599646468856463 0.5366075223294614 0.5595521906456042 0.5121835742341885 0.733568075875155 0.5092442468358461 0.7339808646988786 0.5336678520021412
44 0.7725430996812293 0.5525035133962011 0.7698453325100445 0.5873369064374869 0.5505701010710027 0.5703533383984256 0.5532684690438145 0.5355205785653187
45 0.7583171303436984 0.595449691682492 0.753296696563325 0.6340130844464372 0.5484551687078465 0.607345905732113 0.5534762191473419 0.568783227502379
46 0.7527637312331308 0.646669455408947 0.742129563998219 0.6922546619871122 0.5298463004949099 0.6427361822148266 0.540481149176685 0.5971519174927289
48 0.7414626074582884 0.6720888470408103 0.7320808055817452 0.7401552990987059 0.5076936140907264 0.709227761578347 0.5170767738036375 0.6411628688728348
49 0.4862141946373413 0.7645291781763227 0.5034647648458304 0.6987854853864224 0.7159791021307456 0.7545364295256538 0.698730474825652 0.8202784509860136
50 0.4571404782876698 0.8371440410673353 0.4756322219300273 0.7636653606688989 0.6798112563889163 0.8150373693781935 0.661321772669794 0.8885141021329783