55 0.5130093917600789 0.5909791348150366 0.47939538723971964 0.589560537508449 0.48856467233110834 0.3723230171113035 0.5221775989281241 0.3737415915424469
56 0.4781518941010745 0.5749778362633948 0.44640728933336504 0.5721118184952633 0.4661685290391233 0.35325317380397864 0.4979121636589525 0.3561191478176413
53 0.4337703635917478 0.30022819177920473 0.47824771729904114 0.3056227484256424 0.44552862131843085 0.5753726530959062 0.40105128445202354 0.5699781960773587
52 0.40010981633713527 0.561644378833744 0.3635947910752293 0.555470848820659 0.40048602210663375 0.3372858438371831 0.4369999631638848 0.34345928018028626
51 0.36105245023725274 0.34465942114073556 0.40033708604471485 0.35207124352353464 0.363141950428826 0.5492041407092106 0.32385734338947714 0.541792420921685
35 0.2878564759728306 0.31874342516017545 0.34707314382274035 0.3240356634635206 0.3280725982101558 0.5366284799588076 0.268855939503851 0.5313363156423447
0 0.2698956987535439 0.5152346521321739 0.21715591582449179 0.5108218028369654 0.23405407005623147 0.3088875914948573 0.2867925101613764 0.31330038404151517
57 0.5524864590311154 0.5936113578125 0.5148164937284037 0.5936113578125 0.5148172269214228 0.35314995625 0.552485870357259 0.35314995625
43 0.5831240993959454 0.587400178125 0.5544950035143756 0.587400178125 0.5544954356012113 0.38598047968750016 0.5831236703361355 0.38598047968750016
54 0.6198091581414928 0.5885778615899483 0.5852804183282387 0.5897490236328572 0.5765647667809617 0.33279248714896326 0.6110922170490767 0.33162134750181177
59 0.6109467727860647 0.3568208759993374 0.6403018044682085 0.35546848385736024 0.6508395444143389 0.5841870408527369 0.6214845142334298 0.5855394109496054
60 0.6866511309981433 0.5696850733757624 0.6525153842674172 0.5734006201369035 0.6312010537420747 0.37758944403721456 0.6653358080637872 0.373873952848332
61 0.7367291620296328 0.5571726675292011 0.6874820566831659 0.5625677387508371 0.6669258400722811 0.37493507439819146 0.7161716409814289 0.3695400751510689
62 0.717284831439315 0.36478475034488644 0.7711766297419445 0.35910970306034856 0.7904278277271715 0.5419139564853487 0.7365360427459109 0.5475889313999174
63 0.7283131868520059 0.30685175752444616 0.7760923913473334 0.2935443816823947 0.8165023524524031 0.4386280217820958 0.7687231961755288 0.4519352832291998
40 0.5143144156249946 0.6015971609375002 0.5343586924243482 0.6014517184232131 0.535583142702535 0.7701777861179174 0.5155388659444498 0.7703232260891979
39 0.5343410186052324 0.6044118891773724 0.5576142255315517 0.6030309722669563 0.5688945494881636 0.7931172902640887 0.5456213450992209 0.7944981795313955
38 0.5973702115589958 0.8235856351087122 0.5683892480437862 0.8247713391136351 0.5591695297350725 0.5994426665878464 0.5881491293017689 0.5982569898272719
37 0.5835864619141375 0.6033138248161173 0.617192720199796 0.5980467252136155 0.6493583559936269 0.8032485899660015 0.6157521258668339 0.8085155740477229
36 0.6128999857299959 0.5972583307815504 0.6482372594890649 0.5879559659883795 0.6963576893411982 0.7707293941818586 0.66102048771927 0.7800315786749064
34 0.648645706664297 0.58386186869431 0.7001521747851029 0.570374038475555 0.7469576755914886 0.7490895788146533 0.6954513056326732 0.7625771565844761
33 0.7523857359375 0.6734693875 0.75339025625 0.6734693875 0.75339025625 0.6752440109375 0.7523857359375 0.6752440109375
41 0.5148682436876015 0.7663362210478581 0.49130895403345676 0.7667066065974504 0.4886999582029148 0.6007572139649473 0.5122584312490517 0.6003868348492496
42 0.475867363387124 0.773339842733633 0.4495409152781349 0.770966410086031 0.46551256198540614 0.5938389601609155 0.49183805565803596 0.5962123499564004
44 0.441639815380654 0.8023574979095334 0.40995803673615683 0.7986752466956182 0.4352283722124639 0.5812905355972005 0.4669087369662748 0.5849727050700583
45 0.40492494676232127 0.5733820123064955 0.4378462036319206 0.5781813551349487 0.4078910082389484 0.7836332107903279 0.37496977390935626 0.7788339705250451
46 0.3744392398667742 0.7622519911082223 0.33541468088515103 0.756292014126547 0.3651548489646075 0.5615932243347943 0.4041779092563047 0.5675530860570444
48 0.30869228285121153 0.5437691203899023 0.36817246261500713 0.5567421258676449 0.32540370375102157 0.7528102087753669 0.26592360839470075 0.7398374568336576
49 0.2546459063095199 0.6592724046875 0.2541436468153506 0.6592724046875 0.2541436469346081 0.65749778125 0.254645906249948 0.65749778125