55 0.23888259624936836 0.5282973742805963 0.2420993742622386 0.47960473697526945 0.5148392874135652 0.4976193554934971 0.5116236178699864 0.5463109262658057
56 0.5056461256828015 0.5470933271796888 0.5032579330941189 0.5858341773973924 0.2113067428534805 0.5678345655121959 0.21369583322587005 0.5290946893697585
53 0.178095060764349 0.6184553813086783 0.17904331135650864 0.5766455633829866 0.5055419468462787 0.5840443237085564 0.5045949740568858 0.6258529425114068
52 0.49406663145316543 0.627738064369247 0.49187515177811747 0.6654866260018905 0.285780147825335 0.6535218317213601 0.28797233552700163 0.6157740698048282
51 0.2808125368499077 0.6858916569261614 0.2839621958015641 0.6477490808320285 0.48176946893181594 0.6640791526959161 0.4786206430317179 0.7022209587360099
47 0.46974242287819834 0.7016822221420675 0.46557013258632196 0.760654003142514 0.23965395843572423 0.7446692589060779 0.2438276025588948 0.6856989421366853
35 0.2257829890471612 0.7789121041207394 0.232714882249752 0.7310553602187576 0.43968454287346503 0.761027027841548 0.4327539570913359 0.8088825989362203
0 0.39541114228575225 0.8052017135393966 0.38906934724150233 0.8500101747992675 0.21182349046421223 0.8249277623690409 0.21816610331427455 0.7801203280856788
57 0.24514947285570088 0.49029062377933996 0.2447584459605423 0.4425272412514438 0.5136984412455377 0.4403226037706868 0.5140903717120864 0.48808513773773254
43 0.5124978206953301 0.4011061490082739 0.5131192628338113 0.4395902947825575 0.2169879304811957 0.4443691042420659 0.21636723418612291 0.4058857120898013
54 0.5168087512076909 0.35897900226364565 0.5177330000345819 0.4005970220817627 0.21894504651857005 0.40722982185244977 0.2180215403253669 0.3656125714739891
59 0.49822124400429857 0.3185250268948684 0.5018164220732615 0.3557511161419459 0.30324686236212983 0.37492642270165843 0.29965210872205716 0.3377007262500901
60 0.273532746198498 0.343588157943363 0.2690557513112708 0.30667654722239585 0.4938928167503036 0.2794055684082835 0.4983701563843397 0.3163168134399405
61 0.4806559358927416 0.22586551659900278 0.48272304912063646 0.28640568924471904 0.25184931615638106 0.2942873386083539 0.24978277592038012 0.2337477329480941
62 0.4405848834265953 0.17269876431538939 0.4475295421273131 0.2260807542252559 0.25621194156360616 0.2509689215908936 0.24926765086865998 0.19758727018105718
63 0.39891377180219934 0.12738218667672746 0.4067783510880645 0.1767805056321773 0.21655112743292193 0.20706525381609867 0.20868681981107784 0.1576671755759476
40 0.524676642768668 0.48592468857119137 0.5220125990307452 0.45933627261684257 0.7160333205636107 0.43989638217455435 0.718697687643953 0.4664844308521486
39 0.729449144482146 0.41220241359575105 0.7315713544772962 0.44293923498159765 0.5218678998814994 0.45741537910793156 0.5197461441222231 0.42667897665074495
38 0.7525833844362069 0.3633757634113829 0.7567429648007646 0.4013356095031847 0.5208052938726269 0.42718588533446045 0.5166463029373745 0.3892265673082112
37 0.729998282789893 0.32780453864922743 0.7335912107154172 0.3676965099810079 0.5140344301646564 0.38746841620114425 0.5104420137168972 0.3475768912480501
36 0.5003853211884461 0.34668047505727034 0.4965487021580657 0.30262241847017884 0.726486733810134 0.2825992463816569 0.7303237875114519 0.32665676418888734
33 0.6544024580357473 0.1335191611234794 0.6775440371172863 0.20325811125083984 0.46304965427952993 0.27443206733000924 0.4399086313716225 0.20469357616837894
64 0.5465402114235758 0.08049022451068702 0.5749670061275083 0.1518542258994638 0.4182407722662447 0.21428296840069969 0.3898142941975493 0.14291923464916398
41 0.7151731539385082 0.5047689906547826 0.7137353561781765 0.532437239079856 0.5238932190577543 0.5225708381006758 0.5253314058337537 0.49490298823561596
42 0.5175335866808837 0.5553764918101365 0.5194588254342989 0.523323759539259 0.7275279578158234 0.5358187216896512 0.7256033048131485 0.5678708996711855
44 0.5160609409348353 0.5938745608074437 0.5218677392024347 0.550985288059028 0.7685745257463168 0.5843818129167884 0.7627687925922828 0.6272701124875478
45 0.5072903157163182 0.6346178859315363 0.5127281012242975 0.5947220948990659 0.7413752722252411 0.6258815867928968 0.735938469889561 0.6657764749981289
46 0.49518275262187217 0.6836947354530594 0.4972169209514732 0.6369957495010695 0.7272158374424862 0.6470115321478308 0.7251828041985391 0.6937094007996869
49 0.4563776691242083 0.7569296144407719 0.47840131954910703 0.6890848147592405 0.6795475440839027 0.7543684939124641 0.6575258375343083 0.8222116378779432
50 0.4060526964785822 0.8169878792647804 0.4371077724136967 0.7458714459376566 0.5956568593354632 0.815092576649687 0.564603592821868 0.8862074720948265