63 0.5199251477555435 0.6121914098409283 0.47585798353884456 0.6125477212848756 0.4738132324248454 0.3595627238788286 0.5178787410542327 0.3592064191433672
62 0.47311918668026465 0.5952590493922036 0.4391767825078432 0.5924011425315656 0.45800768423544014 0.3687779407340972 0.49194897199970455 0.371635800231269
61 0.4374406545854299 0.5874947509328247 0.3955100665085638 0.5831533825352292 0.41984496780003155 0.3481432576666079 0.46177411059318274 0.35248454910757
60 0.3936935281708429 0.5751610262348992 0.3538268445588528 0.569631864187766 0.3850284094695553 0.3446811969073515 0.4248938690727755 0.3502102740418076
59 0.35344604279669056 0.5514914337247975 0.3084654413999033 0.5432545950272512 0.3455887087653764 0.34054447663580567 0.39056805593259014 0.34878119619823195
54 0.31356135381986405 0.5428502955633612 0.24818282724368146 0.539616843348246 0.2586362420427122 0.32828994536705297 0.3240129014509421 0.33152335073891953
43 0.2481165250291042 0.3220940546875 0.24761426403335918 0.3220940546875 0.24761426409156684 0.3203194328124999 0.24811652500000037 0.3203194328124999
0 0.1957642109665585 0.24116957862113286 0.24718189628742948 0.228469617304453 0.27120119746632554 0.3257132211494708 0.2197835321499042 0.33841312780420457
64 0.5197825078512324 0.34622496914998235 0.5630467654098084 0.3458700771082781 0.5652454801603426 0.6138942597918643 0.5219812227062448 0.6142491447281766
33 0.5417560148321172 0.34888480073506917 0.5770117594552175 0.34522641281181127 0.6024976559062907 0.5908179735533259 0.5672419211136912 0.594476295778098
34 0.6421439510912705 0.5691634224163008 0.6026918312428506 0.5749886683343999 0.5655474093741759 0.32343649148541465 0.6049981724308964 0.317611348053517
35 0.6740331484834314 0.5084294593750001 0.673530889016547 0.5084294593750001 0.673530889108406 0.5066548359375 0.674033148437502 0.5066548359375
36 0.717530275533818 0.514784340872446 0.6768515595775852 0.5235636229256843 0.634887705017718 0.3291333372556698 0.6755654348856979 0.3203541639685062
37 0.6971923118247787 0.31971823805465016 0.7589530618478193 0.31555663884094914 0.7724463987390209 0.5157964151649133 0.7106856542062587 0.5199579600337012
38 0.7363134109682505 0.339840284375 0.7358111499693223 0.339840284375 0.7358111500307132 0.3380656609375 0.7363134109375551 0.3380656609375
39 0.7561595209168672 0.2108193356481715 0.8102507348488643 0.21348173446677635 0.8052052005399446 0.3159884639312379 0.7511139875326762 0.3133260760529839
48 0.5434382720076201 0.7803698766320232 0.5195090694795681 0.7811328674585855 0.5145820929653837 0.6266255261448556 0.5385104997144481 0.6258625480541137
47 0.5397455532076947 0.6178505852082052 0.5680450161790986 0.6168172520377107 0.5747678187991596 0.8009054766536402 0.546468357015101 0.8019387893386439
46 0.6045088377105685 0.8171407107812103 0.5714641904983182 0.8175563118424951 0.568785137870691 0.6045089269467987 0.6018282874985061 0.6040933351917767
45 0.6027474652523779 0.6015506415924425 0.6426906470993572 0.5998760611886438 0.6514537114451286 0.8088691479959523 0.6115105317830967 0.8105436910087268
44 0.7151343733650037 0.7845361472822112 0.6717136934761356 0.7916055912634824 0.639881133207723 0.5961132649480646 0.6833000898125192 0.5890439613932041
42 0.7881902206599989 0.7610753776006911 0.7190994355739804 0.7744585306562664 0.676331812184344 0.5536922840375417 0.7454196201670129 0.5403094243139555
41 0.8151682578750297 0.6912156171875001 0.8146659968124368 0.6912156171875001 0.8146659969373786 0.6894409937500002 0.8151682578125019 0.6894409937500002
40 0.8653945507195431 0.6042590953125 0.8086386041212563 0.6042590953125 0.8086392551770132 0.4826974265625001 0.8653940664452193 0.4826974265625001
49 0.5207827544456904 0.7904336207919431 0.4970206130237784 0.7915401454580059 0.48939227856624257 0.6277413059895108 0.5131535702990959 0.6266348012839517
50 0.503010508822058 0.7845993624837259 0.47703398021747034 0.7871721828183895 0.4607892102042115 0.623177788396837 0.4867648302284806 0.6206050133001979
51 0.49353050887827976 0.8408651500084421 0.4531135125396304 0.8474007144216207 0.4158450609039619 0.6169598725728874 0.45626002169456115 0.6104244749658555
52 0.41764994713696524 0.8217073746015309 0.3729740023733257 0.8194087493290807 0.3836968923429822 0.6110546100790168 0.4283708036942926 0.6133531828776739
53 0.3318768942517636 0.6080499233038275 0.3839748417624378 0.6133094292593906 0.36199313299459845 0.8310168175728367 0.3098952034775948 0.8257574373868607
56 0.2606837368855395 0.5572819029043724 0.3405732452816892 0.5686447999107904 0.3094231716303284 0.7876249094325486 0.2295337172570271 0.7762622666575281
55 0.20104068981800083 0.554144597574145 0.2747663924817516 0.5771135963610313 0.22286863135479962 0.7436740054668217 0.14914309693028827 0.7207053998250159
57 0.19758230579145675 0.6239482229982454 0.13364687974740264 0.6297848179229326 0.12231690040619014 0.5056785372239633 0.18625096366122307 0.499842004899533