55 0.45695839072539 0.29168685319500093 0.4957265124124888 0.2925166416433432 0.49031327982766015 0.5454135339611427 0.45154515842705223 0.5445837589687581
56 0.43192361017895564 0.28791622094412406 0.4636981176132622 0.28973048478805014 0.4496440175779526 0.5358586939571401 0.4178695126217917 0.5340444583689454
53 0.3811104590203058 0.23961320249756382 0.41580073249531324 0.23923848151529872 0.4189564174091629 0.5313685781047868 0.3842661440559141 0.5317432926113828
52 0.3825121384394379 0.5273990218012167 0.3473047115473946 0.5268185981074227 0.3512104470074746 0.2899459876084393 0.3864168507185468 0.2905264029488363
51 0.3185146035999651 0.2764981325897007 0.3582054401821324 0.2782098055731542 0.3478179844664737 0.5190672245953387 0.30812714922603845 0.5173555767542685
47 0.30491533371014157 0.5033542054737662 0.2530617772272308 0.498274439659428 0.27606613448836015 0.2634682402834127 0.3279182549389361 0.2685479347084234
35 0.25098744838965104 0.4800309199592477 0.19784585167542446 0.47143689808373446 0.23867344475866048 0.21899491524998257 0.29181351756278673 0.22758880586051652
0 0.2172662049911196 0.40342553633539135 0.1693690777840402 0.3931419114877289 0.21359797900549893 0.18715021473276106 0.2614941789875047 0.19743373307407075
57 0.5337089952909082 0.545098161621366 0.4901566263182531 0.5438007512550684 0.49733366654766087 0.3029097681272043 0.5408846276441182 0.3042071569861738
43 0.5668163402076516 0.5383554074300094 0.5348691081402421 0.5388963443310963 0.5309351635476105 0.3065468916733597 0.5628814111447582 0.3060059632741069
54 0.6075423095214774 0.5362087240102594 0.5632514615621176 0.535776487497002 0.5661383709646088 0.24005545283339477 0.6104276559703976 0.2404876816726401
59 0.6488313063822488 0.5284818873601163 0.6027998409959991 0.5295750853321526 0.5969217518753567 0.2820474483497721 0.6429518211907634 0.28095426687959474
60 0.6865640345716884 0.5177439291373342 0.6459335153306256 0.5189901109168648 0.6385346249202257 0.2777451047732732 0.6791639334628599 0.2764989418087844
61 0.7473632938168748 0.507542146875 0.6835759292009698 0.507542146875 0.6835767746842976 0.2866015968749999 0.7473623255107213 0.2866015968749999
62 0.7184448891948705 0.23453834988315975 0.7750655783222555 0.22717402101000742 0.8081807496693045 0.4817715769326004 0.7515600817417862 0.48913580114589544
63 0.7475406338531911 0.19017387113725723 0.8075937925589187 0.18070071011147076 0.8408814498662878 0.39171636749988376 0.7808283150083071 0.40118943798377815
40 0.4969289140304909 0.5583123087659546 0.5241127083033916 0.5593380222431631 0.5169763549275785 0.748445111364737 0.48979256180655284 0.7474194171373113
39 0.5375266871819804 0.7660495456926837 0.5112759042090147 0.7643494516184751 0.524859668933118 0.5546436015624328 0.5511093584685796 0.5563436603925883
38 0.6082250516426484 0.8052717978587351 0.5703860974916779 0.8108979732403172 0.5342888092523026 0.5681560911062352 0.572125856013372 0.5625300597044679
37 0.648526310481202 0.7645407749571239 0.6102102149262691 0.771769444831173 0.57025372205851 0.5600042786754527 0.608568216317849 0.5527757627341483
36 0.6075127881391609 0.552628147601438 0.6487546651856064 0.5430075524086496 0.7034919910216786 0.7776286931088775 0.6622501959908504 0.7872490550739348
34 0.7577502078407861 0.7689086072001964 0.6915388231750512 0.7798766991622879 0.6514556630635298 0.5379300640801997 0.7176640088405293 0.5269622221962854
33 0.8326492241161532 0.7305538403134485 0.7619073976954951 0.7453659309647037 0.713571630241745 0.5145388862488395 0.7843105212394903 0.499727104735888
64 0.8881691390878359 0.6917386179172788 0.8179537299290587 0.7058062411795377 0.7791903470421175 0.5123448039145663 0.8494032889967684 0.49827743547370484
41 0.4775296530220885 0.5604968610261535 0.49896099861098264 0.5615750413644991 0.4898981648573226 0.7416981362805858 0.46846682067848633 0.7406199752292876
42 0.4457845046474631 0.5566742285977558 0.4766690896955197 0.5574453900344464 0.47140710292728727 0.7681586058685189 0.44052251838411394 0.7673874609262282
44 0.42347035882710315 0.8013010396679564 0.3899796223333851 0.7973897554011086 0.418035169673999 0.5572058524953266 0.4515242742210148 0.5611170415040183
45 0.3844853385396618 0.5545327823046832 0.41735309977264023 0.5591834322992996 0.3868134763353055 0.774990604731415 0.35394573758742354 0.7703400571246249
46 0.34496834464596304 0.5451787031393353 0.38677490239479084 0.5517678745828823 0.3499977785681949 0.785079928550939 0.3081912574200487 0.7784909142585544
48 0.29755191366473355 0.77434930788338 0.2345603827271816 0.7603989419051539 0.2871850394427611 0.5228173319965448 0.3501736418421615 0.5367673611373293
49 0.1998995484375 0.7062999109375 0.20090406875000003 0.7062999109375 0.20090406875000003 0.708074534375 0.1998995484375 0.708074534375
50 0.1780919393294198 0.48523222576399233 0.24636700843507242 0.5198914765561767 0.16879641140087642 0.6726819134190554 0.100521686632419 0.6380231837819743