55 0.4642957441000135 0.5150918932189895 0.46543759076723745 0.47611349005463505 0.7403563453206061 0.4841641184256821 0.7392153354981019 0.523141702800063
56 0.70635657090736 0.45525883009896045 0.705985639116534 0.48018181206367755 0.47882410445106416 0.47679889756110255 0.4791954323976597 0.45187630909537896
53 0.7505993072306865 0.4116296011364853 0.7507835008967731 0.44999654878613826 0.47124310524827706 0.45133515843835254 0.47105961844806643 0.4129688882676569
52 0.7499388528261761 0.3815146662212126 0.7496794601493093 0.41751889403537845 0.484350669174205 0.41560456506104476 0.48461063896832 0.3796008916804469
51 0.7249166487041521 0.33520438595187496 0.7268075510954759 0.37260870487309006 0.4921664761742477 0.3844683772387309 0.4902760776752757 0.34706454319158037
47 0.7186314631319419 0.2824327146824662 0.7216174192101334 0.3325345058483924 0.49246740004298317 0.34618948725253296 0.48948202303233757 0.2960882521692751
35 0.6973378553768725 0.22752019432619136 0.7016876199602393 0.2791111082292252 0.4874605735194564 0.2971715639465268 0.4831112833030602 0.24558108362405906
57 0.46044325644254513 0.5556350536591638 0.461118989420811 0.5163178930916211 0.752862786285732 0.5213292323652182 0.7521880115800741 0.5606454203492204
43 0.4639214410143495 0.5823150686813673 0.46461703334171034 0.5568335429238316 0.6971383567895373 0.5631784388411836 0.6964432961199236 0.5886594391749349
54 0.4550882020675999 0.6241689104686726 0.45526016282542514 0.5839849347835618 0.7330045572174413 0.5851706820976882 0.7328336292933955 0.6253536142659186
59 0.4699048522784324 0.6571850876043508 0.47062426519607925 0.6235560627800016 0.6928118001619623 0.6283066401451712 0.6920931341933283 0.6619349319758733
60 0.4649510750123227 0.6911100124097922 0.46495140988929506 0.6594675681750587 0.6947646473804525 0.659468085336931 0.6947650612291909 0.6911097677213012
61 0.4757864304757504 0.7475150826090017 0.47351715011518536 0.6921550793197487 0.7123818360173573 0.6823629028915005 0.7146524930944906 0.7377214608444396
62 0.7142284772054381 0.7372025189768057 0.7170544688041218 0.7908436994325361 0.48408440433513533 0.8031111060984446 0.48125995333055016 0.7494713929018333
40 0.27906020226555484 0.5320531030477236 0.2768017533313696 0.5057176406094289 0.4513090730924887 0.49075249149812034 0.4535678478922591 0.5170875979867711
39 0.2442943770971624 0.5654769860242999 0.24222572270355158 0.5330148880982393 0.4489795921875839 0.5198392765624812 0.4510487629730733 0.5523008121116526
38 0.19346565625983203 0.5947396642863785 0.19329896981525962 0.5575045404234389 0.4488817668889169 0.5563573551883273 0.44904928469884453 0.5935916742479329
37 0.43692648938235834 0.594988287163116 0.4360553510001637 0.6380934516306166 0.19516026895917093 0.6332235376999792 0.19603235614977166 0.590119399057572
33 0.2749259904327346 0.8341518934760868 0.25837547769003777 0.773394946063305 0.4644517919371083 0.7172668145718218 0.48100327292218026 0.7780222592081751
41 0.45022204167582913 0.47142812238336435 0.44983153754174054 0.4959418158845701 0.25888383765743583 0.49289872505379595 0.25927468013924226 0.468385375826931
42 0.45637219388561334 0.4445304598754642 0.45606681457525156 0.4742247855622098 0.25455466074959077 0.47215129196603456 0.25486045259128787 0.4424574000031518
44 0.23230017878779563 0.431322775951619 0.2343289284461889 0.398004214243793 0.4523181982518736 0.4112748516051614 0.45028993865219036 0.44459297631252553
45 0.2033968150576584 0.3848543152377162 0.207350115104191 0.3499412397468382 0.4616370086346251 0.37873171409948364 0.4576842761803164 0.4136442824664738
46 0.2057513127022048 0.3466229442324517 0.21136369975454272 0.3016672417172062 0.47179208236923387 0.3341771215188889 0.4661803700242899 0.3791322208329207