55 0.4235710079326509 0.5125681245164844 0.42438187814263983 0.47463154475524444 0.6525847649554635 0.4795071818787544 0.6517745617969695 0.5174431112091785
56 0.639587740254683 0.45363278367085763 0.6382343142544187 0.483526926666558 0.43904299407063263 0.47450778953388173 0.4403968202291253 0.44461407006160764
53 0.6662418914700083 0.41754300183881704 0.6665479375326413 0.4481317217053498 0.4580101852285452 0.45021658203646475 0.4577045645286262 0.4196282910788154
52 0.6533170370761354 0.3877153357205165 0.6526446492111972 0.4207970681501169 0.467058552547428 0.4170241902787289 0.4677313073160576 0.3839428461174291
51 0.4707440410028312 0.3819155232243072 0.47138725787920066 0.34917665266616904 0.6888523483755762 0.3534479701047202 0.6882095364518364 0.38618643838090705
47 0.6618729672157997 0.28045223285319487 0.6664608907202592 0.340218653428701 0.4748896504180493 0.35492266278993306 0.47030231319263294 0.295156768483031
35 0.6662363330641483 0.23593957497330129 0.6674965319652983 0.2893590320344313 0.48497764299918344 0.2936637727467907 0.48371784897381076 0.2402447082035431
0 0.7121040040568687 0.20189380495692183 0.7101887005416074 0.25603903983282933 0.5536856152825749 0.2505025327764819 0.5556011980963831 0.19635759277690196
57 0.4223952593214335 0.5520394650819876 0.42216221836167733 0.5148959462339984 0.6387266207356106 0.5135357098377827 0.6389603116243734 0.5506785761110484
43 0.6565131096906498 0.5520462486085838 0.6567944584397765 0.5837966541278142 0.4260445055178934 0.5858382798480166 0.4257637965500862 0.5540884978868913
54 0.4440357679865201 0.6148580905126075 0.44324682563649276 0.5823457235281218 0.6887893712087134 0.5763856211882962 0.6895790198857412 0.6088972653141371
59 0.4658693049403837 0.6429529300974106 0.4657737857903612 0.6131687908386333 0.6751864356331225 0.6124949114104549 0.6752825494301078 0.6422784718360011
60 0.6627257774073314 0.6429248312089113 0.6630614118698759 0.6727047562557135 0.479269543499413 0.6747737714223037 0.47893446373723236 0.6449943899521973
61 0.4843658920123062 0.724471857369614 0.4848833325313535 0.6720230458404056 0.6613513768622852 0.6737628573473168 0.6608349343110831 0.7262106680059405
62 0.49755692264295703 0.7726557683005165 0.49478333778540673 0.7273917187407479 0.6763023916403199 0.7162695166958869 0.6790768484607952 0.7615326298424703
63 0.6969355566931199 0.7547749339815741 0.7016181208051648 0.8043927562587523 0.5311521924837734 0.8204747581199147 0.5264707311858956 0.770857956421212
40 0.250581919545084 0.5441034252537298 0.24815338867381342 0.5159548281537948 0.41161118822435583 0.501852541874517 0.4140400521567926 0.5300007782299289
39 0.22154943283555895 0.579850863025007 0.21830662266404488 0.5491341341741679 0.40752781501146274 0.5291585020422408 0.4107710585243467 0.5598747308281318
38 0.19230381334682534 0.6208834806128102 0.1878703133684212 0.5857168533112392 0.4173284148245102 0.5567896557423097 0.42176253720481327 0.5919555602370121
37 0.2171900930444508 0.6532747079349838 0.2125608991156014 0.6171163232912339 0.41366791562211347 0.5913710174661372 0.4182977001510153 0.6275287030239873
36 0.22814260314760304 0.7124623186974044 0.2186295483649019 0.6762367845733028 0.4172636682490065 0.6240796255804251 0.4267772079615497 0.6603044062935652
34 0.24865718082673993 0.7542532751811704 0.23845671967080762 0.6961879887380766 0.4364092841136653 0.661416978410584 0.4466107248269964 0.7194810071081923
33 0.3036598853441319 0.8187960296382545 0.2879050804582448 0.7578338090984473 0.4573794548019805 0.7140424625585947 0.47313506403463634 0.7750034321801206
64 0.34356018650066744 0.8560801325298897 0.35457469234097516 0.7795672549257621 0.47844633902502665 0.7973954360491836 0.4674331775263454 0.8739071038321748
41 0.24781698412584774 0.5262956855759741 0.24377433722543174 0.5017138653533434 0.40537611479726365 0.4751387284550458 0.4094190047707116 0.499720233993883
42 0.23220257195043814 0.5081155336585081 0.22671763738310347 0.47755427089513736 0.40650187491030465 0.44528905910516936 0.4119871229696628 0.4758499147579974
44 0.19262031950722758 0.4649529224893797 0.18977414486880662 0.42371864929004444 0.41873286206930516 0.40791446265235504 0.4215796177905986 0.4491480986272654
45 0.42213874531432793 0.3755118930616192 0.4226623496535922 0.4115523760720029 0.2267169419358197 0.41439762942008795 0.22619376726811424 0.3783575707089818
46 0.23328437410623337 0.34371437610074534 0.2419341670031372 0.3035504165087555 0.43072088112228357 0.3442058145042335 0.4220715575355598 0.38436936387222376
48 0.23976719820302606 0.2931232357256697 0.25733802178547194 0.23104372993328393 0.4544393215492164 0.2868290716408166 0.4368691659548176 0.34890799645777515
49 0.48406033696983286 0.22236449532115773 0.46406211610690207 0.2904642209539832 0.28137461197468383 0.23681615021773872 0.3013730926146536 0.16871687579825012
50 0.4831046838731936 0.1690753901169696 0.44211907387955307 0.2331728768194078 0.32688070037136185 0.1594868361166469 0.367866264683812 0.09538958435070598