55 0.5156921903025022 0.5201769531761694 0.480143069190035 0.5185800337622907 0.4898724262751557 0.30201671973094335 0.5254206069728298 0.303613618337785
56 0.4804381088804348 0.5158507330139304 0.4481402075873575 0.5154048557593014 0.4510952172362295 0.30140250901878646 0.4833922508348678 0.30184838024899846
53 0.4515699637851185 0.50815633674055 0.41046152361911936 0.5086311930987176 0.4072544340502873 0.23095136384791495 0.4483615560936869 0.23047651523127646
52 0.38531559343539357 0.2398974632530076 0.4208121139897685 0.2419066494969187 0.4071686923783773 0.48293796439648684 0.371672174016453 0.48092880522117276
51 0.35628771261031034 0.23562490545674872 0.39108952241815587 0.2385022307744505 0.37234740651047105 0.4651840505843107 0.3375456006551758 0.4623067609915368
47 0.28979355450280764 0.21206526671890624 0.3534393762738546 0.21623660488601223 0.337544859229979 0.4587461179369118 0.27389904142432897 0.45457483188989184
35 0.2725738682819383 0.43027020252644377 0.21119341932148927 0.42219049218643173 0.23947970551296294 0.20731517120844103 0.3008589508804107 0.21539480444408596
0 0.2134290638866787 0.38816530722623976 0.16119345692140996 0.3794047645132548 0.19378842827040899 0.18506344934705193 0.24602311176943203 0.19382391051405487
57 0.520994908791522 0.30307374189873143 0.5605721592032751 0.3036632486512331 0.5572782382353125 0.5247941286114565 0.5177009880002288 0.5242046301915528
43 0.5886456237454922 0.5191584152369695 0.5571699823525478 0.5178387510015571 0.5661411210087408 0.3038884809924838 0.5976158523203594 0.3052081252019314
54 0.6286305632025915 0.5170840690459167 0.5931251775986084 0.5174227789858791 0.5905959044044948 0.2522509901487506 0.6261001996913365 0.2519122853689254
59 0.6580636321307338 0.495442674865869 0.6273059533386913 0.4944130749023202 0.636067684004388 0.23269728978907575 0.6668244973261608 0.23372687555469748
60 0.6593218243672254 0.26631274795744386 0.6894302294476802 0.26613522727344435 0.6907170233990882 0.4843736822573629 0.6606086183342086 0.4845512007194355
61 0.6968475234200469 0.2287426068916793 0.7486163696326003 0.22995847368674374 0.743154194288195 0.4625181049284228 0.6913853483349612 0.4613022530586903
62 0.8073233721530642 0.4323882384287507 0.7475913200762534 0.44224949122680784 0.7139235627005291 0.23831941754850866 0.7736543801850075 0.22845826859271118
63 0.8392768316444972 0.39485359375 0.7955800419983916 0.39485359375 0.7955803768433043 0.2138420578124999 0.8392764220725439 0.2138420578124999
40 0.514520742675245 0.5444369859829788 0.5387257644898682 0.5426103666135966 0.5491960461692997 0.6813400106025411 0.5249910271242015 0.6831666064070436
39 0.585907461275724 0.6937150454685904 0.5572095605904224 0.697134539372254 0.5380985865070897 0.5367631789123098 0.5667956438350075 0.5333437351671936
38 0.6264773689387084 0.7280686958370745 0.590616663026367 0.73223208467094 0.5664082937963713 0.5237381620614983 0.6022676187396883 0.5195748526990169
37 0.6065496485136919 0.5263545834179798 0.6386843019286061 0.5227169920284085 0.6597794197136864 0.7090524038899282 0.6276447772656866 0.712689931653927
36 0.6974129832761946 0.6903492332657835 0.6650614770618404 0.6951811803802208 0.6384634443777486 0.5171155633860272 0.6708139418785777 0.5122836906842472
34 0.7774792612686952 0.6922013161316797 0.7121810486012237 0.7062558017707956 0.6669747514297342 0.4962431147965872 0.732270531032782 0.48218889890816513
33 0.8381594166761488 0.6366906792176891 0.7762461700358472 0.6524149803786038 0.728417214647834 0.464107096892041 0.790328550374511 0.4483830493665871
64 0.879806383613186 0.5623416093307996 0.8180092230923037 0.57409194493788 0.7871203882741611 0.4116506055520904 0.848916055382233 0.39990041684813327
41 0.49020592656249995 0.5456965390625 0.5158211953125 0.5456965390625 0.5158211953125 0.6805678796875 0.49020592656249995 0.6805678796875
42 0.46207935781250004 0.5350488015625 0.488699146875 0.5350488015625 0.488699146875 0.6850044359374999 0.46207935781250004 0.6850044359374999
44 0.4286385516587643 0.5142179690817349 0.4671124613240636 0.520320655886755 0.43651610264782903 0.713192420860405 0.3980422187471504 0.707089844822756
45 0.41165907756465003 0.7115153654353245 0.37165543932655964 0.7092512201106665 0.38308373758036396 0.507369667013254 0.42308590544985236 0.509633771149758
46 0.35282169111803796 0.49127859100462484 0.3927966260844187 0.49820481947681183 0.3613259475639552 0.6798210665285376 0.321351042173319 0.6728949515364391
48 0.298198406827737 0.47577979396702724 0.36207408465293156 0.4915649207076119 0.3168095988312416 0.6747134469039481 0.2529340124135615 0.6589285808700954
49 0.2079357111117588 0.622005323486824 0.20607564765373354 0.6214789439335576 0.20657790746599858 0.6197043221010521 0.20843797031250233 0.6202307015625033
50 0.16618493776297782 0.393911649187708 0.23635477874506705 0.4074734070409642 0.20209059025285114 0.5847474190812544 0.13192079983059557 0.5711858440875552