55 0.5041197570953955 0.6071471293732509 0.460502371570783 0.6059715523613776 0.46685235931329316 0.370415656137763 0.5104681939093325 0.37159121204569906
56 0.43707049715669655 0.3762647890749109 0.4758426636454942 0.37970717691910016 0.4575232517809127 0.5860282510918994 0.4187510924518847 0.5825859158189748
53 0.37808155077061656 0.3348879770185251 0.4179563048472801 0.3339730008473298 0.4236804575327824 0.5834182008072519 0.38380570413335136 0.5843331611975819
52 0.3448819682797648 0.3672555008082621 0.38204166466869083 0.3675029424519444 0.3806471001693126 0.576919222141482 0.34348740378118237 0.5766717842987817
51 0.3110498306317595 0.3739962695538647 0.34769612659624727 0.37537906551342143 0.33994255055347367 0.5808479829215953 0.30329625561626017 0.5794652078685011
47 0.2495918846263976 0.36607090549422516 0.30496470333639536 0.3668353272607347 0.3020277284844042 0.579569252131444 0.2466549099144686 0.5788048421678994
35 0.22149673593750002 0.3930789703125 0.223003515625 0.3930789703125 0.223003515625 0.41526175624999995 0.22149673593750002 0.41526175624999995
0 0.2014496338867957 0.43937775004626184 0.15756228214229395 0.4339437331676868 0.17152732715203456 0.3211641373022616 0.2154141050900762 0.3265981181334341
57 0.557220015326152 0.6030693702913822 0.5121889169936367 0.6048271194750545 0.5024852286962869 0.35622937077059463 0.5475146810936167 0.35447165388726565
43 0.5526878597451059 0.3724296926248446 0.5867176067342825 0.37149013489227023 0.5928586437280501 0.5938970914514322 0.5588288974269062 0.5948366335272919
54 0.6353593323168525 0.5962732921875 0.5941736362688061 0.5962732921875 0.5941743857827078 0.35314995625000006 0.6353586082582297 0.35314995625000006
59 0.6752406331166867 0.5864859005102945 0.6405991092570957 0.5886304615075801 0.627503060323761 0.37709395147118513 0.6621434735488947 0.3749494256890174
60 0.711255314808227 0.5810107819699758 0.6768314589066904 0.5833582768511251 0.6633094546231177 0.38507739219594345 0.6977323066096233 0.38272993167412994
61 0.764961416447477 0.5733473583958956 0.7106700670652799 0.57433861804734 0.7070964293187672 0.37858315502077977 0.7613862301660674 0.3775919095568325
62 0.8216979429345201 0.5510204078125001 0.7669509734249687 0.5510204078125001 0.7669516175243416 0.3300798578125002 0.8216969340902551 0.3300798578125002
63 0.8524070906471479 0.4157243912468572 0.8050891842108285 0.4230288400484074 0.787360226404644 0.30818402684122004 0.8346775326705256 0.3008796253817476
40 0.49623304843750005 0.6211180125 0.5238573578125 0.6211180125 0.5238573578125 0.755102040625 0.49623304843750005 0.755102040625
39 0.5600200682185914 0.6202305726873619 0.5600203066567246 0.7542147999903805 0.5283775316223682 0.7542145642855909 0.5283777356328301 0.6202307767937356
38 0.5981918310255878 0.6157940000715487 0.5981921981743881 0.7905945937587314 0.5625311565560196 0.7905942127429669 0.5625314516632898 0.6157942706332115
37 0.6002607879011066 0.614225729489689 0.6383350022246077 0.6105526472495828 0.6553073754491834 0.7864593920129305 0.6172331716749113 0.7901324053870953
36 0.6413839457775339 0.5971138447688774 0.6799863133284134 0.5952140227852619 0.6904165817419425 0.8071167672737429 0.651814217041192 0.8090165465154658
34 0.7771180779521956 0.7891823752278385 0.7117090427850599 0.8003940341457481 0.6753259329336743 0.5881589447199779 0.740732154067814 0.5769475281286116
33 0.8302360625665415 0.7364684999999999 0.8297338014959905 0.7364684999999999 0.8297338016291178 0.7346938781249999 0.830236062499921 0.7346938781249999
64 0.9313548238657177 0.6861325717415098 0.8619921252786753 0.7280978526276605 0.7893374358231995 0.6080240674520739 0.8586986435614108 0.5660593718640113
41 0.46509291875000003 0.6211180125 0.4942240078125 0.6211180125 0.4942240078125 0.7533274171875 0.46509291875000003 0.7533274171875
42 0.43043696562499995 0.6122448984375 0.46057257656250006 0.6122448984375 0.46057257656250006 0.7533274171875 0.43043696562499995 0.7533274171875
44 0.3905621375862438 0.6049719409319951 0.42754777536958954 0.6054587528437068 0.42497770937507084 0.8006929344801713 0.38799207176498385 0.8002061326434504
45 0.35350377514907905 0.6046743245475955 0.3889859976633261 0.6062493828624669 0.38050839610400544 0.79720238050496 0.3450261756272539 0.7956273542038997
46 0.3314421497203739 0.8058474752290725 0.294131634362202 0.8017112735904669 0.3175860404209061 0.5901837704149436 0.3548949157861898 0.594319881486747
48 0.2578818915226293 0.5857253133937593 0.3183608998482441 0.5975283791152912 0.2794793161457392 0.7967305473853479 0.21900038295996183 0.784927733863183
49 0.16172777500003122 0.7355811890624832 0.16056027239528703 0.7345900584354851 0.16357383473064147 0.7310408141998871 0.16474133659880863 0.7320319443113908
50 0.096433953125 0.5696539484375001 0.1762933203125 0.5696539484375001 0.1762933203125 0.713398403125 0.096433953125 0.713398403125