55 0.5152275680652565 0.5199268227346265 0.5164497155016079 0.47461269327414285 0.8203458892173785 0.48280562845236963 0.8191248232534463 0.5281186883463246
56 0.5411872218960525 0.4736430149918535 0.5447052141996664 0.4349509967952868 0.833790578462299 0.4612313725849871 0.8302734493069011 0.4999225868679599
53 0.8584795542427628 0.4198700959751476 0.8543277066223709 0.46517172632052317 0.5589400574094725 0.4380979579106341 0.5630926898121515 0.3927972018027189
52 0.56110968543544 0.40006263747356824 0.5636091074132992 0.3622701016226405 0.844044448973591 0.38081366879332634 0.8415456953244984 0.4186055890165152
51 0.5671211908799023 0.3764210361392226 0.5682008289840041 0.3260280128992257 0.8288913520480037 0.33161168858087664 0.8278124373952096 0.38200398421091464
35 0.7906150218531138 0.2453113423657141 0.791520329467744 0.251388671192555 0.722860919730806 0.26161619422858345 0.7219556302611636 0.2555388815634888
0 0.6078526543583394 0.21620681783055185 0.6118516205392552 0.16110666242754235 0.8026629640031615 0.17495453066220695 0.798664334191244 0.23005436863497156
57 0.8000978660720648 0.5278147284738428 0.7991836695977099 0.5730724390748537 0.5054204783704108 0.5671345182346011 0.5063357649148656 0.5218779001239853
43 0.7909488930715725 0.5731203689663765 0.7904686907373843 0.6070922201436234 0.5197220417675226 0.603261309524324 0.5202030570740135 0.5692902614480129
54 0.521349599961809 0.6465605755571884 0.5220484518659987 0.6048373048307331 0.8231569571038335 0.6098767193650447 0.8224593302969652 0.6515987734549644
59 0.7816227021514806 0.6458400605942729 0.7819308879948039 0.678987125534939 0.5280832874525458 0.6813436089372223 0.5277759600090803 0.6481974052700945
60 0.5399423300825674 0.7165551724439698 0.5385600966435504 0.6790890974670868 0.7732132214672447 0.6704312071860399 0.7745963473472557 0.7078963398268245
61 0.7320319822626971 0.743345053125 0.6752439955074578 0.743345053125 0.6752440315104877 0.7363134109375 0.7320319283459185 0.7363134109375
62 0.7740869598446807 0.7784480019357254 0.7724713341717688 0.8341272142419663 0.5713805268371743 0.8282900278485873 0.5729974795377757 0.7726121735089938
63 0.7882792622265242 0.8116583958097544 0.7942568991168173 0.8663001542322961 0.6156340382764256 0.8858334145633786 0.6096577812382975 0.831192903335262
40 0.4958272836099695 0.5124851720005547 0.49659903126757854 0.5397368416745281 0.3172070167720449 0.5448153035792608 0.31643567315825294 0.5175640314442005
39 0.49980499416483326 0.5405772785366896 0.49933674422595686 0.5724622151332196 0.2986554571251645 0.5695136539532393 0.2991242391505011 0.5376292682116772
38 0.49735912449853004 0.5758431951809158 0.49386384263277705 0.6102472108802216 0.2503254877516383 0.5855045443513399 0.25382142585363 0.551101276810542
37 0.48941676420588465 0.6087965525193507 0.48844135378715237 0.6482144530976881 0.2718334176561257 0.6428526727513719 0.2728096200693244 0.6034355970722313
36 0.5008387038112687 0.6414184162067871 0.5045240022417374 0.6802416880288523 0.2721387591443545 0.7022947795436721 0.2684544626880552 0.6634724384203877
33 0.32120674374993996 0.8006027124999721 0.3212067439129669 0.8001004487460623 0.3229813672419368 0.8001004492024792 0.32298136718748083 0.8006027128477193
64 0.39117738981451566 0.8834419403904895 0.36677942337269087 0.819615828070235 0.542704342966772 0.7523798317413883 0.5671029408258619 0.8162044600798742
41 0.3286745454535094 0.5182773951232428 0.327650483745515 0.49475402635450866 0.4959080294487421 0.48742865280289344 0.49693238106397075 0.5109517212778537
42 0.316253664978035 0.5040843750511422 0.31285097997817957 0.4692652759535511 0.510839061623642 0.4499169905302528 0.514242194184817 0.4847355922798964
44 0.2809242635009923 0.4518384059935556 0.28196580847009045 0.4168951306484001 0.48325137099880067 0.4228938026900495 0.48221031103491896 0.45783658448228737
45 0.5188616886069894 0.40402513409507856 0.5101869654218945 0.4478115020236684 0.27749854226021853 0.4017128902479796 0.2861737388725487 0.3579271627904337
46 0.5204105159950814 0.359415137667021 0.5112447206594197 0.4088951693978752 0.2691354463136122 0.36404622487501104 0.27830174682526376 0.3145668704440225
48 0.548920292966045 0.29137488529421685 0.5357843969584337 0.3617837363988255 0.2978447383416096 0.31739175966364314 0.3109812414888893 0.2469836715400341
49 0.3513753328124949 0.19035660468749338 0.3513753328513758 0.1898543452582771 0.35314995626288237 0.1898543453668048 0.35314995624992207 0.19035660477018934
50 0.605010997600175 0.17252860732048939 0.5689864724317886 0.2395203946249756 0.4078050337224113 0.15284607213719997 0.44382958749508816 0.08585457776316548