63 0.45873970081186144 0.4907081400235496 0.458740280200459 0.44801593037340115 0.727595275497265 0.4480176549678717 0.7275955173466855 0.49070902865810634
62 0.46272569229336113 0.4446879430232128 0.4657747651511954 0.4087838166030561 0.6853534099028593 0.4274286921778095 0.6823049008422686 0.46333229249962044
61 0.46461658975647424 0.4109931611134984 0.46536542733349506 0.3713285845160092 0.747297114566777 0.3766488774812601 0.7465489574475441 0.41631279190386555
60 0.47532566243648944 0.3719381990394386 0.47573487533986736 0.33619101005820407 0.7092106732339971 0.338862285151003 0.7088019176470652 0.37460902638421417
59 0.711909070268689 0.31262639305600043 0.708823170063738 0.35169945283065335 0.48546338111225396 0.33405796866855925 0.48854967517434034 0.2949853238853109
54 0.6903553147797084 0.23680230391128554 0.6919006244096408 0.2941143644491504 0.49965598657286137 0.2992966390308274 0.49811113538976315 0.24198500436529496
43 0.5059478796918029 0.23790311214769455 0.5083068822117411 0.18650928628861121 0.6840504365768538 0.19457554948407405 0.6816917447853257 0.24596907651372898
0 0.7166011624292423 0.1580317326905982 0.7102480724606721 0.20734938460678576 0.5273544089280904 0.1837886560120025 0.5337077006694244 0.13447122355402952
64 0.4574940374701555 0.5401193463607206 0.4581657156938945 0.49743760705833057 0.7163249206562341 0.5014978749455731 0.7156541287718028 0.5441787329809804
33 0.6891874077233524 0.53416282521211 0.6906681239100863 0.5707686173071724 0.4665379617109693 0.5798311504130352 0.46505796733981697 0.5432260427996211
34 0.4636140320137656 0.6195391370743892 0.46259558943802404 0.5791952118251324 0.7338757908719344 0.5723455119589371 0.734895200158121 0.6126884148651816
35 0.4787735512161362 0.6624509404521817 0.47742797582225194 0.6190289626151042 0.7240497782803459 0.6113850441622335 0.7253963611766494 0.6548059812121048
36 0.4940996979659076 0.6975959904371866 0.49105230003885936 0.6594548241650382 0.7200057498588421 0.6411627064340298 0.7230539607423907 0.6793029557621392
37 0.5053550772988729 0.7541378431012116 0.5036061677053567 0.6964306947676985 0.6926465728275844 0.6907010826362183 0.694396648783254 0.7484070246118819
38 0.512591440112601 0.8065440177668755 0.5089060719253666 0.7570547082716399 0.6963768302998687 0.7430954026893977 0.7000632034404362 0.7925836023910495
39 0.7014438158593066 0.8066391178399147 0.7004187712914245 0.8528447504374808 0.529307217962014 0.8490468551216996 0.530333236114302 0.8028422049123364
48 0.45341634749047444 0.5293822203125 0.26530593159725413 0.5293822203125 0.2653063986408597 0.5022601703125 0.4534160115880468 0.5022601703124999
47 0.45198983143745863 0.5285226848023995 0.4536461481571905 0.558945050472837 0.24312918992745836 0.5704034624247017 0.2414734375718126 0.5399816403671739
46 0.22519524172173533 0.6320487626356092 0.21892745790080426 0.5936869668397682 0.4571129437176751 0.5547727866599258 0.4633813937285822 0.593133744511534
45 0.2470693506296584 0.6598630332138472 0.2429131458915208 0.61889202582042 0.46563740789963504 0.5962986776350445 0.4697943910327922 0.6372688247545251
44 0.2464650974967526 0.7062915890187369 0.24140898977452707 0.6643549322449576 0.46865096112003357 0.636958686505522 0.47370791729986195 0.6788943742319438
42 0.47497634933745303 0.6774780476442973 0.4862258118317868 0.7399243132851532 0.29267843754598744 0.7747830728108938 0.28143051969072985 0.7123381826955626
41 0.3566992015624919 0.8191863390625427 0.3566992017292705 0.8186840733308295 0.3584738250557393 0.8186840737978293 0.3584738250000328 0.8191863394183643
40 0.4019520859374097 0.8648920140625292 0.40195208611351063 0.8643897528784433 0.40372670787132847 0.8643897533714844 0.4037267078124387 0.8648920144381994
49 0.2678845237562655 0.4994196330058528 0.2683350244341227 0.47139872894987034 0.4518801261272074 0.47434808192291716 0.45143001314886533 0.5023686146383222
50 0.25524296749449604 0.46608787187788936 0.25645794898684926 0.43588937118461635 0.44883441162755844 0.4436274884647609 0.44761984780575403 0.47382559611906544
51 0.4591059602968244 0.40177149512682936 0.45690783849238414 0.44147763700113996 0.22779099429465077 0.42879248536844744 0.22998965742146993 0.38908691754410235
52 0.46373880577561977 0.3627966895235456 0.46046727853831726 0.40209961107061964 0.2542834356727326 0.3849365380280117 0.2575553805652362 0.3456340887848313
53 0.46957326326344173 0.32097169463701686 0.4666945459886165 0.36076379887204707 0.26132566800242785 0.34590591079244987 0.2642047651138455 0.3061142277742593
56 0.48158332120635805 0.258536307986269 0.4743527139677326 0.32241020696472983 0.28115608872599296 0.30053965431673946 0.2883871542845782 0.23666629931504787
55 0.4978379848913619 0.20368797935064617 0.4850982481666506 0.2648388467599339 0.30859947786370867 0.22806822392741932 0.32133947434988386 0.16691772477647865
57 0.5228000929606651 0.15266648428217894 0.5051482687629232 0.21220058015124846 0.35842966104235074 0.16869864260539255 0.37608160569379834 0.10916479080964255