55 0.5084140872173748 0.5769626701576047 0.45921069299743067 0.5720481451580895 0.4823824019570111 0.340080953365145 0.5315842047929209 0.34499539827755804
56 0.4580719238697384 0.562636472119219 0.4183334740016562 0.5563596249602406 0.4565446682435095 0.3144679101036824 0.496281772016232 0.3207446453405826
53 0.3853476831343414 0.2895806380546452 0.42684914687743003 0.2891108325688178 0.4298717354025712 0.5561061943898995 0.3883702716678954 0.5565759918071049
52 0.3552432858402881 0.3326208855591736 0.38788683189568474 0.33295230336672105 0.38553555859766675 0.5645320138134379 0.35289201261537073 0.5642006012952614
51 0.35016613304253497 0.5553083281690719 0.3118701515305702 0.553502027039756 0.32306514895049077 0.31618320174436404 0.3613598729152727 0.3179894723527348
47 0.2725794593710589 0.3254398753311085 0.32945162329872346 0.3301221029465089 0.3122691632340775 0.5388159343833824 0.2553970080623458 0.5341337724682129
35 0.2551622747092779 0.5141809533259634 0.19913671942651945 0.5094242865018126 0.2186309528332231 0.27984040031374163 0.27465482059358237 0.2845969912963336
0 0.22127926862424374 0.39577011620038555 0.16432192242757537 0.39116447689664885 0.17830699910211933 0.2182259979536469 0.235263406428885 0.22283159856592366
57 0.5162515038234687 0.3312262178384806 0.555828779172657 0.3320358921237318 0.5508757417883317 0.5741294858708557 0.5112984669018488 0.5733198249963863
43 0.5906891939443994 0.5616201908935132 0.5536220364817837 0.5616953907631542 0.5530898457902822 0.29909508043938443 0.5901556917194739 0.2990198819241408
54 0.6282253989847959 0.5592929733249231 0.591962792917343 0.5607481281138414 0.5806792570134576 0.27956041900332923 0.6169404931362124 0.27810529263565503
59 0.6658538096295388 0.5649880434464948 0.6255015603269385 0.5657045942016118 0.6209500310078511 0.30936133859941267 0.6613008105429117 0.3086448014432649
60 0.6998656833487757 0.5564765485762045 0.6678790714038314 0.5582957057030435 0.6550763390284828 0.33318970481196925 0.6870619662439594 0.33137057594126307
61 0.6930503876503735 0.3288435351822073 0.7475388712770155 0.32708118560958394 0.7546012100086728 0.5454238063129331 0.7001127278531385 0.5471861301417437
62 0.7308191063490312 0.2948175101315691 0.7855974668603949 0.2885664356998372 0.8104355837432422 0.5062141153044888 0.7556572379595536 0.5124651051916135
63 0.7680503455777625 0.2481441103303137 0.8243380956614601 0.23904110467255663 0.8472992047695698 0.3810155326800536 0.7910114713923804 0.39011847459147403
40 0.5113008531250001 0.5962732921875 0.536916121875 0.5962732921875 0.536916121875 0.760425909375 0.5113008531250001 0.760425909375
39 0.5680562531246096 0.5856254068712617 0.5680568376851625 0.7763976067602233 0.5328979411078762 0.776397246943247 0.5328980451843108 0.585625722893594
38 0.6266385700257615 0.8015625694850103 0.5886788541673695 0.8073389408420178 0.5557674656388372 0.5910878588156347 0.5937255244712105 0.5853116120577943
37 0.6590821238442004 0.7833898425257624 0.6232324900869344 0.7886964293047858 0.5939650404473014 0.5909997694089538 0.6298132860281385 0.5856932828783991
36 0.699807161775766 0.793860213997657 0.6598046335884646 0.7990922362560184 0.6309211040138507 0.5782850088730085 0.6709218497812799 0.57305310232879
34 0.7722012879050908 0.7734742208054546 0.7088277432808354 0.7857818098506546 0.6658058432283269 0.564282507386916 0.7291765291640786 0.5519752056019837
33 0.847022354035289 0.7252122610386229 0.776446226147641 0.7428623452604127 0.7238358590117286 0.5325138389767513 0.7944093257998475 0.5148640924802566
64 0.8633852328676994 0.6113575859375 0.8628829733821703 0.6113575859375 0.862882973492674 0.6095829640625 0.8633852328124476 0.6095829640625
41 0.48116524375 0.581188996875 0.5107985937499999 0.581188996875 0.5107985937499999 0.7719609578125 0.48116524375 0.7719609578125
42 0.45426582553955086 0.5921772295573858 0.48290499150846244 0.5913530394789244 0.4876224127532396 0.7552542748500911 0.45898324741187935 0.756078451259247
44 0.4179704132685629 0.5758814443456065 0.45835825027904775 0.5781538855719295 0.44581423667898434 0.8010675426189002 0.4054264042557634 0.7987951542818612
45 0.3861606802336155 0.5761044012702621 0.4226932241600707 0.5813835544878007 0.3920661626555102 0.7933002502418877 0.35553364450652225 0.7880212118750872
46 0.3491274291886839 0.7879609534129688 0.30898183542751667 0.7810054402526274 0.346495044806602 0.5645255670862726 0.3866389412224862 0.5714809342510777
48 0.2989156063960081 0.7887916724567253 0.2318040347340684 0.7742888709693887 0.2820651766397759 0.5417447583415402 0.34917379310388696 0.5562472411436795
49 0.20703642139164913 0.5039730816901915 0.2840898539355976 0.5177337061999159 0.24586636913068105 0.7317457249533356 0.16881300956788436 0.7179853761720141
50 0.114954085151453 0.5273507250572955 0.19698552928548452 0.5238466696539223 0.20319298852336942 0.6691512069651367 0.12116154683315017 0.6726552162169877