55 0.5112276025163283 0.6230501072001908 0.46802344153957165 0.6227784027345221 0.4695759850091008 0.37606188379765604 0.512778510667772 0.37633358309313597
56 0.46577742495821894 0.623392258920545 0.43107018415923903 0.6220826507231715 0.44097499475208224 0.3596226698773436 0.4756809086669591 0.36093225347428615
53 0.4070830783927022 0.317370625529661 0.44701274819647097 0.31977190632623737 0.42913072693806953 0.6171049819295513 0.3892010614267747 0.6147037530560161
52 0.3878456454033312 0.6026683063579494 0.34266003346488105 0.59964099101511 0.3591535450430001 0.3534925071445922 0.40433756907407314 0.35651976977117844
51 0.33893589815420455 0.36929117423859176 0.38021537493432334 0.37582836986487805 0.34678751750402625 0.5868971322762863 0.3055080632453837 0.5803600372027361
47 0.3059034948765884 0.5673953505779415 0.2412960458887028 0.5563669116245678 0.27778543177055326 0.34262396914963533 0.3423909248143673 0.3536522344211485
35 0.24404082821661177 0.5255844202831947 0.18047665344727193 0.5093464849117724 0.23002616361338823 0.31539807736951203 0.29358870953080896 0.3316357883415545
0 0.24005921145021603 0.4139274621949585 0.17437056907363058 0.39752381147483096 0.20995492959855255 0.25503320562144655 0.2756426578719129 0.27143673852824124
57 0.552382638076665 0.6213609751637045 0.5118370587555319 0.6204610203020079 0.5172754250146454 0.37550538674399997 0.5578195345374297 0.3764053255676577
43 0.5871084150439856 0.6281932395497736 0.551934355229605 0.6269814005357353 0.5603713718232939 0.3821366368654076 0.5955441158369013 0.3833484532955221
54 0.635222712604218 0.628858574637135 0.5918082781732892 0.6307883739590732 0.5802058251156268 0.3697705221144784 0.6236185458974433 0.3678407607969875
59 0.6732607183708978 0.6131885237161067 0.6344542569344185 0.615296252816555 0.621548032210967 0.3776794844289635 0.6603531240924667 0.3755717922208893
60 0.6613050489158923 0.38821550063560445 0.7022609953137362 0.3868908614542751 0.7089908335551627 0.5949538690585587 0.6680348883156739 0.59627848752739
61 0.6857978043198045 0.3969580931818839 0.7493534677159914 0.38829800970060785 0.7739352987326811 0.5686904718611098 0.7103796588049818 0.5773504392734513
62 0.7356593150063873 0.3476295795932879 0.797364263602617 0.3360618609260028 0.8335277376597787 0.5289562830142953 0.7718228305640196 0.540523849750595
63 0.755948012466888 0.26747354965238207 0.811967086668119 0.25499817033648625 0.8463544018288758 0.4094051961997603 0.7903353630359788 0.42188047323718275
40 0.5111039073315169 0.6402119949771198 0.5439446918958311 0.642025342238595 0.5366107522747825 0.774828022544397 0.5037699697551261 0.7730147011667455
39 0.5465810871072563 0.6518626957435668 0.5794448313369003 0.6571768850639 0.5580199156507888 0.789651670996211 0.5251561896200201 0.7843375597208397
38 0.6389506080306546 0.8379240199483915 0.5972214606763373 0.8468720394659135 0.5534733349015823 0.6428835833832247 0.5952005972206962 0.6339357720703881
37 0.5989193069987095 0.6345982667764826 0.6389572239687595 0.6296413560469492 0.6627859342623879 0.8220814842963672 0.622748036051803 0.8270382889431724
36 0.6333085567116541 0.6229348607413918 0.6745927446841051 0.6118669325594899 0.7256901018985218 0.8024365031317913 0.6844060064139512 0.8135041950426353
34 0.6670651463977038 0.5936202313190578 0.7425306881318647 0.5703875968761062 0.8066797930788425 0.7787329426750752 0.7312144863977892 0.8019650469819576
33 0.824208940625 0.723158828125 0.8252134609375 0.723158828125 0.8252134609375 0.7249334515625 0.824208940625 0.7249334515625
64 0.8176685000557882 0.6876203873307434 0.8102248263919591 0.554191377373749 0.8909432567531894 0.5496890509057337 0.8983878852566249 0.683117036547394
41 0.5036404523541478 0.7855234529298556 0.47253624952020346 0.7842952771919094 0.4785912377707291 0.6309898067286889 0.5096944235917817 0.6322179625122563
42 0.4912557458141009 0.7819891561356163 0.456634378826152 0.78622153682066 0.439266157122006 0.6441645793000953 0.47388644355942233 0.6399322660193374
44 0.4244863878708429 0.6274284325991599 0.46302765168434235 0.6360105706118262 0.4136806289618562 0.8575866833028841 0.37513943518592896 0.8490047646832461
45 0.3666697050625771 0.8291728819135534 0.32825035598648356 0.8179903322862022 0.3877880022641875 0.6134777524851686 0.42620569672590136 0.6246600485604396
46 0.3508334727655438 0.5989228632646726 0.39107583992768014 0.6148660942090532 0.3188931071472325 0.7970366278213813 0.2786509225240934 0.781093730152032
48 0.2782542962397656 0.5652097079376801 0.35219178363763604 0.5861334159994728 0.29460109328829276 0.7896128894737258 0.22066379120497004 0.7686896362112844
49 0.20090406881456602 0.7133984031249999 0.2004018077479941 0.7133984031249999 0.20040180787691497 0.7116237796875 0.2009040687499919 0.7116237796875
50 0.19221449796566503 0.6794353939389504 0.10463975025606942 0.6678700341016652 0.1227281510685998 0.5309270201721428 0.2103007053365218 0.5424922335536563