63 0.2688895295227667 0.5179801112605987 0.26879879291448106 0.4802299497490529 0.5474051563774083 0.4795580580843184 0.5474966901281277 0.5173074071940432
62 0.36734693906248594 0.5429432450275072 0.36734693917310324 0.5434455045818676 0.3655723156618933 0.5434455047931309 0.3655723156249451 0.5429432453124977
61 0.24401064843750003 0.5529884484375 0.5288376218749999 0.5529884484375 0.5288376218749999 0.5926670015625 0.24401064843750003 0.5926670015625
60 0.2693343609113299 0.6149639005768003 0.27482022250705995 0.5652150073302481 0.5278406646175426 0.5931105949117046 0.5223560816484678 0.6428583116738461
59 0.5299001619813453 0.638683273635753 0.5275371292347018 0.6804385416045995 0.266054625941365 0.665638486139994 0.26841867808741426 0.6238842984228913
54 0.5075751726478757 0.7396424506962208 0.28733911644235377 0.7519922184731739 0.28364533156241123 0.6861048036595743 0.5038782611557053 0.673755123367902
43 0.23618829038980493 0.7798261514359165 0.24161978500376335 0.7209064339911678 0.4948821200561042 0.7442462675947551 0.48945250378199034 0.8031642532400574
0 0.4694701564895922 0.8030224244867727 0.4651581171306134 0.8557165392055079 0.23045791166157414 0.8365105947281589 0.23477135683731376 0.7838180366576183
64 0.3325621791206004 0.47761455019229576 0.33285416315879957 0.43847933360805086 0.5528725259764542 0.44011938794145167 0.552581147259616 0.4792540032415608
33 0.5439218584979244 0.4023103378731437 0.5439221460649151 0.43847313948249467 0.2848267774783153 0.4384730417582272 0.2848270898331293 0.40231085724058796
34 0.5351289219358932 0.36079012762220025 0.5349471518075006 0.40257299169433286 0.2554007362898574 0.40135424606312553 0.25558318007426806 0.35957205307087137
35 0.27592744024934746 0.3695772100878084 0.27401370198151653 0.3306912106162721 0.521002404790238 0.3185348153955898 0.5229166207468552 0.35742032233513826
36 0.5114717801334336 0.2773219936402949 0.5156491837766453 0.31948797271964074 0.27067549042772043 0.34375544809945335 0.26649862048964224 0.3015899724589334
37 0.25998197109788634 0.28327486994659007 0.25998232087329143 0.219989637703877 0.4960070439044557 0.21999002480113186 0.49600726758490055 0.28327470434143054
38 0.2357216526798993 0.23401058136382763 0.23173135128070044 0.17885379670746565 0.4794781648976141 0.1609299980764568 0.4834688471056552 0.21608638698238164
39 0.22787082083038968 0.19556054993658611 0.2189647371855017 0.13977616283846006 0.4288887693699053 0.10626115696646006 0.43779507595638734 0.16204528571957055
48 0.5674213352777997 0.488105880614575 0.5667280717534595 0.4631104767984512 0.7661915934660328 0.45757741888078285 0.7668852063305849 0.4825724601647346
47 0.7719611177361685 0.4630838781249999 0.5616679452247126 0.4630838781249999 0.5616683841268468 0.4289301859375 0.7719605739953295 0.42893018593750004
46 0.7988674072510094 0.38614395162261733 0.801224725522161 0.42399353606450507 0.5681512488669114 0.43850676810572 0.5657945146217571 0.40065772824466717
45 0.773378432299296 0.3490542029636362 0.7765766726670336 0.38968211194086766 0.5686696836953615 0.40604627690488493 0.5654719608809273 0.36541884237261035
44 0.5560139422602788 0.36708215228298213 0.550955486001385 0.32686788318918636 0.7801637286185041 0.29803642776510153 0.7852225818089664 0.33825020233348096
42 0.7536629837042028 0.235707288986359 0.7619989134533398 0.303809709928385 0.5284642103803208 0.3323927239698652 0.5201290432696624 0.26429098910531273
41 0.7212396466852624 0.15633931564988116 0.7349130982091765 0.22736133136758932 0.5191973165345871 0.26889015197323796 0.5055244312233071 0.19786861788268004
40 0.5079130553150435 0.19542578997234558 0.49972410426585157 0.1281529743172377 0.6925903685923913 0.1046758172031511 0.7007795697019219 0.1719483014062926
49 0.7515350761822219 0.48657544645595724 0.7516188430022339 0.510861027069027 0.5679006898599255 0.5114930971751922 0.5678172630532572 0.4872078515076109
50 0.75642544025402 0.4933632817447786 0.7596888391100265 0.5236258778610445 0.5683252145880715 0.5442584457279371 0.5650623184220649 0.513996311754981
51 0.555456965625 0.5399296828125 0.7968056781249999 0.5399296828125 0.7968056781249999 0.581617278125 0.555456965625 0.581617278125
52 0.7945828187055213 0.5872144615204995 0.7930875491751976 0.6228875555546481 0.6231932541747938 0.6157654981584988 0.624689053520683 0.5800929596977161
53 0.5515765750510582 0.6211729027394896 0.5680601050306677 0.5632714544382806 0.7968062989741611 0.6283829509902398 0.7803243199113012 0.6862830556370912
56 0.5375914624464713 0.7012081070409616 0.5483525691782916 0.6266144687783949 0.7925007021273132 0.6618297649135026 0.7817417360879517 0.7364214509487935
55 0.523623470798043 0.7683730694219626 0.5366895023693132 0.6981001900094346 0.7504713206666338 0.7378411047109198 0.7374072803470426 0.8081122251034368
57 0.5128652135448419 0.8458061873650751 0.5128662549893761 0.7749872346207293 0.723158302490674 0.7749888082836157 0.7231591006581084 0.8458059050551192