55 0.5263509804957494 0.5742750268983169 0.49035103394271573 0.5713473923602388 0.5069765801199537 0.3669318195359497 0.5429754976013328 0.3698594126667805
56 0.49055147078456685 0.573441957174086 0.4524761049586914 0.5693921022980821 0.47510278881418344 0.3566862131506619 0.5131769933180976 0.3607360051135991
53 0.43388604043093437 0.35068084125452514 0.4666857394104227 0.3519022169646214 0.45865625973021906 0.5675191391251432 0.42585656178107456 0.5662977818327868
52 0.38575073285733197 0.35206309313369544 0.4349845356884998 0.35433131856481115 0.42532828625701313 0.5639166938442628 0.37609448562500347 0.5616485012096868
51 0.34701024396883895 0.3445639790292442 0.3932381539658536 0.3484809771902341 0.3754560694058 0.5583309727077798 0.3292281659976197 0.5544140314507765
47 0.27383721153091756 0.36082002952005865 0.3353322323603152 0.36152557441753147 0.3332461510101439 0.543337094003315 0.27175113027510633 0.5426315580487613
35 0.27074966321595184 0.5250690631934715 0.21361209248141222 0.5216040304655323 0.2247426960844905 0.33808773988370333 0.28187883639679967 0.34155272804219433
0 0.23264850006057713 0.4441580445260736 0.17931791900434746 0.4416425210714813 0.1866413688967441 0.2864004557995643 0.23997101437214496 0.2889159569113384
57 0.5692888969125534 0.5779108938230438 0.527764457635385 0.5771230756505478 0.5317236102308698 0.3684989377854261 0.5732467964404577 0.3692867440389293
43 0.5735322555649418 0.38754567774367327 0.6061133179700846 0.3879220244343422 0.6040217787718802 0.5689790178234703 0.5714407164581417 0.5686026761064097
54 0.6369806901564061 0.5700821074970427 0.5980757674578854 0.5673450706296612 0.6139268096886781 0.34206230189201636 0.6528304846373203 0.3447992939525818
59 0.6662038947779365 0.5667098268027572 0.6387577346750959 0.5657489058319076 0.6461064522402467 0.3558797066006349 0.6735517989893651 0.3568406132709633
60 0.6698091131687534 0.33172267371108716 0.7039553807030643 0.33195005132659383 0.702454661817228 0.5573071312432522 0.6683083942995154 0.5570797571249415
61 0.753852206486954 0.5445985149302368 0.7002722134798205 0.5437065455093153 0.7033785005168056 0.35717200690918394 0.7569571029464441 0.3580639646529488
62 0.7391420308885017 0.34159088379313834 0.7901971162079917 0.3363367379601505 0.8094179286360941 0.5230976327095125 0.7583628531428985 0.5283517128069257
63 0.83827203772546 0.29724912529838715 0.8382723112119947 0.44631775096131415 0.789552934421863 0.44631758940599964 0.7895530771263566 0.2972493873791395
40 0.5562028613387611 0.7454058335116818 0.5286098755375406 0.7477367106965589 0.5156937866943281 0.5948525426420969 0.5432859266340984 0.5925217009903189
39 0.5449018508589916 0.5939090450854118 0.5717389010121678 0.5924761078734297 0.5808577581202599 0.7632380087717029 0.5540207100673342 0.7646709207348469
38 0.6154684689287251 0.7903395580108196 0.5840908434217909 0.7922361264452594 0.5714480455475268 0.5830856511433197 0.6028243214343547 0.581189123159651
37 0.6521064727323846 0.7819367616919328 0.6209072797379349 0.7850268789846362 0.6010899355351285 0.5849649495076795 0.6322878726192585 0.5818748935402843
36 0.7004457291178596 0.7877412563935622 0.6624034519710449 0.7933417484497821 0.6308298063013353 0.5788981156715601 0.6688704704266684 0.5732977406154015
34 0.7494516460294562 0.7507837447838867 0.6922527040192108 0.7579983643283427 0.6680219734644197 0.5659107366424941 0.7252187522562963 0.5586962538580467
33 0.78854846875 0.729370009375 0.7895529890625 0.729370009375 0.7895529890625 0.7311446312500001 0.78854846875 0.7311446312500001
64 0.8371673722733703 0.6829936253847799 0.8332974722936797 0.6840045065161461 0.8297857343437727 0.6705625703185844 0.8336556237936747 0.6695516906328809
41 0.5322858339131926 0.7551141873385172 0.5050013897904364 0.7574019312795058 0.4908787260455938 0.5889891305260109 0.5181622477610972 0.5867014249995184
42 0.506508026793199 0.7501089118478916 0.47742256395429195 0.7529219689377534 0.46183742016171436 0.5917986467019282 0.49092192219040953 0.5889856365675555
44 0.4343909758824793 0.5802031299092525 0.4721010571284978 0.583252060370443 0.45633274990109385 0.7782536110275866 0.4186226757590248 0.7752047420447012
45 0.39522349736796514 0.5777202138696675 0.4334760879719397 0.5807132266606424 0.4163784126745895 0.799203205122652 0.3781258298963621 0.796210260626114
46 0.3669763910296524 0.8020082402366551 0.3214731889071345 0.794854566089001 0.3565570808925713 0.5717328274059272 0.402058205095841 0.5788863369104349
48 0.3182245996697475 0.7733018783090099 0.2549795427976278 0.760668320747826 0.29556737744326256 0.5575175213563138 0.3588098747366075 0.5701508166391587
49 0.2293192752330242 0.5371110695969685 0.29506697100748625 0.5456436793188765 0.2704718222877318 0.7351391567040987 0.20472415636083952 0.7266067025192088
50 0.1701425018001146 0.5400006811390725 0.2286583653121852 0.5469004564565421 0.2121389516474892 0.6869836640530445 0.15362310394721135 0.6800839792935833