55 0.49612153466580367 0.5826097205620532 0.46025258749943987 0.5816273691302388 0.4654982235489342 0.3901255104897918 0.5013661062399706 0.391107846908701
56 0.45763162741070573 0.5694116892741228 0.4312799291953979 0.5679494267927315 0.4419729052509638 0.375271551049051 0.4683238580297484 0.3767337925142989
53 0.398050322747622 0.343637330544049 0.4312638273393077 0.3432001425405763 0.4343122954204546 0.574781362486245 0.40109879100680246 0.5752185434367916
52 0.39779023201981545 0.5625554562499999 0.3656453490135618 0.5625554562499999 0.3656457655321219 0.38331854531249976 0.39778981549807213 0.3833185453124998
51 0.343322681637801 0.37276843928792364 0.3778247985176222 0.375558220210822 0.3634410902301397 0.5534351627970964 0.328938977362327 0.5506454176195736
47 0.3282551960527371 0.541454027466013 0.279221205445765 0.5394716344026879 0.287325242341808 0.3390496562096192 0.3363578843641335 0.3410320215606632
35 0.27669090412689457 0.5146550031594541 0.22487415073646844 0.5084805303905905 0.24468617020761485 0.3422312573965009 0.29650180085093325 0.3484056624618236
0 0.23695623399532906 0.45004005504387873 0.18023765581369844 0.43814966800037053 0.20914182490537314 0.3002824779351983 0.26585950683522697 0.3121727669457998
57 0.5324783611068824 0.5873581843165216 0.49941628045382913 0.5877440230154543 0.49704386774885734 0.38442499336530744 0.5301049420520485 0.3840391605834879
43 0.5300675046914876 0.3890210969235364 0.5577385553012846 0.38838183182670927 0.5622733993712927 0.5846629814711876 0.5346023491340475 0.5853022372952159
54 0.5996990836218856 0.592724046875 0.5615266676164765 0.592724046875 0.5615273019280949 0.35669920156249996 0.5996983953558583 0.35669920156249996
59 0.6381827832436784 0.5835670525216115 0.6030355218692875 0.584195266121055 0.6001192277117298 0.4210179994984843 0.6352656150899065 0.42038979369053747
60 0.6750970921141288 0.5752985150005266 0.6414529779112854 0.5785321565019778 0.6252388022713831 0.40984171606251196 0.6588820476556521 0.40660811720053996
61 0.7309608522817825 0.5581891110414995 0.6761257963237313 0.5631000764808851 0.6594616881217235 0.3770346348310084 0.7142952672792262 0.37212373665844956
62 0.710365812797022 0.3598727787438899 0.7667933525327726 0.35302882116702977 0.7885440505641554 0.5323505606782643 0.7321165265262835 0.5391944335583704
63 0.7544046571604213 0.29676392457806106 0.8123818839044361 0.293189860722385 0.822334715840384 0.454634931295125 0.7643574931639705 0.45820896173364345
40 0.5028401537488207 0.7733901018003475 0.4794929634267646 0.771921899626739 0.49027923070923407 0.6004331073818409 0.513625595200665 0.6019012837430262
39 0.5324418055788556 0.7690283338766988 0.507530447935892 0.7680446768715331 0.5139810442859698 0.6047167552414707 0.5388915741581286 0.6057003961898887
38 0.536012449963664 0.6064150872820686 0.565818982181213 0.6040474300323339 0.5809365462332607 0.7943367106000639 0.5511300198214713 0.796704319969271
37 0.631554302742984 0.7687242686132053 0.5938393346666544 0.7753947226300154 0.5647544021269368 0.6109695335247275 0.6024680793435664 0.6042991962661614
36 0.6710464492332449 0.7685553457334104 0.6341576566472895 0.775148396307457 0.6021760246019312 0.5962311166022556 0.6390634686785006 0.5896381887333592
34 0.7436353290378293 0.7677854863811275 0.6804275690335544 0.7809836188214107 0.6384261492361247 0.5798558409926708 0.7016314031187676 0.566657973846326
33 0.8177360500891382 0.7030842912126173 0.7520868138391279 0.7259889576060673 0.6943946816883226 0.5606501911341248 0.760041918992215 0.5377459035156046
64 0.8392138047362323 0.6665189549514601 0.7745483947124967 0.670870007774574 0.7633202807736552 0.5039999220685283 0.8279837894309594 0.4996489329621292
41 0.47175283649403355 0.7552379069522646 0.4487380778133456 0.7525242217917949 0.46748070997023206 0.5935947347265813 0.4904947286577226 0.5963083761418501
42 0.4474247801134652 0.7663134156537511 0.42108736151931225 0.7635825059643232 0.4381655103009052 0.598907234145099 0.46450204310838217 0.6016380979985291
44 0.4094761157676885 0.5919953560529624 0.4387578902679934 0.5946319322372546 0.42062378535558764 0.7960016372264147 0.3913420184420602 0.7933651169811876
45 0.3781729733963175 0.7893490538565 0.3440768533528171 0.7836734088940198 0.37600395437868883 0.591907751207493 0.41009871889275473 0.5975832815174253
46 0.34775523849066303 0.5782106902247482 0.37945634063203215 0.5861850526052391 0.34140434303913025 0.7374371037432979 0.30970328586784035 0.7294628655352428
48 0.29079941073189275 0.5532862503128075 0.3477778849309061 0.5662345018303302 0.30723129086220524 0.7446370085399767 0.25025289568714015 0.7316889915396161
49 0.2434196207078685 0.5105317082938493 0.30778955128721464 0.5391793935705897 0.24115169369963496 0.6888952922975045 0.1767820185131086 0.660248033876188
50 0.1809781969411688 0.4757912065457858 0.24345529004244781 0.4893409743730973 0.21200874245346313 0.6343259670277834 0.1495317014188231 0.6207763684446572