63 0.47070547946782426 0.3634191088066965 0.5102480203327104 0.36207623561886515 0.5178321638049965 0.5853866969909406 0.4782896241289336 0.586729548344185
62 0.4758307730338629 0.5719054887954178 0.44460240709827303 0.5726068955594448 0.4399827133192957 0.36692209333788883 0.47121015723666915 0.36622069695985005
61 0.3934181908965684 0.36882389694269435 0.43037892312281656 0.3660608829758631 0.44547059636670383 0.5679293816426122 0.40850986848670345 0.5706923556293829
60 0.40733317948388503 0.5696539484375001 0.3691610502725098 0.5696539484375001 0.36916163775583755 0.36379769375000004 0.40733261945263166 0.36379769375000004
59 0.36830034955414703 0.5710422112542128 0.33277009717153305 0.5715857310296177 0.3297035907900181 0.3711156227055925 0.3652328432398235 0.37057211046741795
54 0.2751866435783086 0.3817315597575802 0.3305982656819424 0.38136257916964 0.3318146190755442 0.5640168949802405 0.2764029970182946 0.564385870698558
43 0.2724558090365008 0.55772016515139 0.22204397351742955 0.5523701908591562 0.24321181829498073 0.35293041007127607 0.2936222470909797 0.3582803085213004
0 0.22002839697495347 0.544397166969311 0.16748412404763258 0.5358182108429324 0.19875410843656027 0.3443145952504665 0.25129698929720234 0.3528934332844982
64 0.5553944199826901 0.5835444102204755 0.5143905374463884 0.581749929454078 0.5236399804285838 0.37043313546700923 0.5646426129442261 0.3722275889594548
33 0.5601169526116792 0.37345440961595233 0.5907231575844207 0.37370916354917133 0.5890099817029295 0.5795177135450335 0.558403776762475 0.5792629634046697
34 0.6234047827759923 0.586295853247829 0.5884680002726554 0.5843690983109406 0.6008475455957978 0.3599249232045412 0.6357831869480606 0.3618516463854058
35 0.6297410433112418 0.3786601971126112 0.6614052816617004 0.37923832837213656 0.6577497659122855 0.5794380321761639 0.6260855277259907 0.5788599093985184
36 0.660831828210803 0.39212234420871456 0.6984398276138108 0.3923058465298809 0.6975522796682299 0.5741930092761383 0.6599442802657904 0.5740095094176303
37 0.7460418343109723 0.5684144839735099 0.6955869447033365 0.5689244477055442 0.6937501683012215 0.387150776063793 0.7442037184608807 0.3866408191172743
38 0.7322332700668994 0.3899566762447706 0.7824658320394065 0.38505462938143464 0.7991068743468759 0.5555691304859405 0.7488743214202032 0.5604711167773574
39 0.7698882899779846 0.36373199497470543 0.8165957876549328 0.3562061312309195 0.8441545651895694 0.5272337510286552 0.7974470891559804 0.5347595259027907
48 0.5296624618906662 0.7782451680943028 0.5074079455822584 0.7780228962613694 0.509146106765229 0.6040670120839632 0.5313998212130855 0.6042892799560796
47 0.5653118556651862 0.7716215765275424 0.5392454101826161 0.773026605398314 0.5302179161586764 0.6055616043981045 0.5562834624643074 0.6041565995282536
46 0.5580139557979464 0.6084477657667718 0.5905591162523933 0.6064742173269726 0.6026705850990766 0.8061726931012535 0.5701254285758068 0.8081461995220063
45 0.6394453901120869 0.7995318360669064 0.605523097448895 0.8019316973625096 0.5918725881936098 0.6090016163970872 0.6257935361252294 0.6066018014988114
44 0.6753473882505432 0.8158024928042809 0.6432204739212466 0.8182679424912997 0.6277902784320304 0.6172229803844828 0.6599158227760427 0.6147575825358468
42 0.7517654170140986 0.8065104365587109 0.6916426031111769 0.817383102799159 0.6556693097846846 0.6184866624812403 0.7157895599551694 0.6076142331887044
41 0.7629332000644808 0.712511090625 0.7624309389981363 0.712511090625 0.7624309391269435 0.71073646875 0.7629332000000204 0.71073646875
40 0.8512696457182756 0.7160410068265722 0.7946425657077043 0.7269913088939559 0.7664025293566965 0.5809691095366531 0.8230279883586036 0.570018968722993
49 0.49956166159699933 0.7660770272194569 0.47466047163743497 0.7646816481078358 0.4837872048084364 0.601843327718063 0.5086875715269343 0.6032386840978105
50 0.4753133790911761 0.7809086745020353 0.4483430879312209 0.7799875489178172 0.45451841184956265 0.5992212172998581 0.4814876958056402 0.6001423258654327
51 0.41981748392163354 0.5994570482260624 0.4549176268026258 0.6000778524898097 0.45135470150853507 0.8014967123525677 0.4162545589365436 0.8008759214400301
52 0.386238071875 0.60514640625 0.4178804625 0.60514640625 0.4178804625 0.8198757765625 0.386238071875 0.8198757765625
53 0.34403484376912274 0.6051567523526354 0.3835346523451335 0.603516013643153 0.39305259761158595 0.8326214162962947 0.35355279178531873 0.8342621137832825
56 0.3261887004136952 0.8187026084656992 0.25828801545685565 0.8058931658779314 0.29561513631620073 0.6080695169661157 0.3635128637371281 0.6208786692231331
55 0.23986064444807198 0.5812882469745171 0.30121721636839993 0.592698183935038 0.2666118520063492 0.7787626712967043 0.20525533999943946 0.7673529569848112
57 0.17932629161441582 0.555048576053854 0.23930060709983536 0.5620935901738467 0.2209163073740683 0.7185810623220432 0.1609420097875045 0.7115361557237107