63 0.5749084585488617 0.5071959756251869 0.5751634088602486 0.5462845463146884 0.3346201836693581 0.5478505972567848 0.33436599253241184 0.5087627792469479
62 0.3421462104939792 0.570289933322926 0.343523615227582 0.5383285312116173 0.5566667463574504 0.5475117370237945 0.5552899459313494 0.5794725547327604
61 0.30400449941316765 0.6066147149533916 0.30469121468979665 0.5726889468307631 0.555890166051995 0.5777710855458834 0.5552042354737523 0.6116960688072233
60 0.34230469818714937 0.6436930032099665 0.3428411121983572 0.6074199085173418 0.5469667605245832 0.610436604782913 0.5464310653526354 0.6467089895169656
59 0.34627549858851125 0.6821628360841604 0.34563123130965323 0.6472290176023963 0.5373175070117213 0.6436928573057463 0.5379624385626585 0.6786259962873267
54 0.33007985781250004 0.68056253125 0.5306122453125 0.68056253125 0.5306122453125 0.735308890625 0.33007985781250004 0.735308890625
43 0.52013243372744 0.7384064438036319 0.5153771085393828 0.7972178557769365 0.31970070066904555 0.7813959321637672 0.3244572406858879 0.7225858542804625
0 0.4181393217772893 0.7812081869290638 0.40329324667698074 0.842399754807785 0.25649323283630565 0.8067888681102067 0.27134005369566694 0.7455984241323717
64 0.3310569377182446 0.5069618711710907 0.33076133262431995 0.46667153238963716 0.5721777771516372 0.4648984310947058 0.5724740969251343 0.5051880600478487
33 0.5527494730458784 0.4330488213086106 0.5545101526998906 0.4641415272888312 0.33941205888595505 0.4763193559151939 0.33765186723132956 0.44522711816488336
34 0.5558387809353462 0.3951228096503924 0.5569431899116353 0.436064809154449 0.2634559943290924 0.44397816595547795 0.26235237210653395 0.40303693912674954
35 0.3266439313014189 0.4026919432841816 0.32510604098217755 0.3673684915498092 0.546928722354096 0.35771016203139017 0.5484670442295965 0.39303315848269754
36 0.5409746818952499 0.3220524412064534 0.5417394873054491 0.36082004443456644 0.32445219608587195 0.36510508780196466 0.3236878385654336 0.32633792493069136
37 0.5274638886418188 0.2602346183007795 0.5355429787174444 0.321603401105268 0.31768840636243567 0.3502813621867925 0.30961000455567955 0.2889131999948521
38 0.3238978700894677 0.29015597617586497 0.3140822294077452 0.23025022095740894 0.49221152345421615 0.2010636226751653 0.502027487336477 0.2609689695923717
39 0.39423841906261714 0.16934118970282347 0.40827566316716 0.23310773023438142 0.25499477018968264 0.2668491699607879 0.2409579122706873 0.20308296894102232
48 0.5827046856470588 0.5057468413583109 0.583065552574908 0.48058811808135377 0.7437437978917387 0.4828917106978908 0.7433832395154241 0.5080501337453464
47 0.7651206120058305 0.45332056246766284 0.7643780611281272 0.48429419227010356 0.5872222139703354 0.4800462007016653 0.5879651452311236 0.4490729661483652
46 0.820152462591409 0.4029344548480659 0.8223310250399436 0.4401305402728159 0.5882996633308721 0.4538346459957538 0.5861216982380029 0.4166391169569736
45 0.5876774632251909 0.4148511866073174 0.5852519153146432 0.37199491112517374 0.815720037502615 0.35895004206924447 0.8181461335711901 0.4018057583569095
44 0.7847004540815306 0.3094383717821943 0.7893033682871646 0.3496124847176358 0.5829239923377827 0.3732558787365551 0.5783215476551504 0.3330821814659683
42 0.7576909466047255 0.23381498974914314 0.7692389883629858 0.3010904814139518 0.5674109423413256 0.3357328977900435 0.5558635745837819 0.2684580076169422
41 0.6592724046874991 0.21346057176292882 0.6592724047310412 0.2139628327709073 0.6574977812645102 0.2139628328539612 0.6574977812499583 0.2134605718749845
40 0.5153417887268006 0.1920381317073915 0.5162049984705845 0.1097135627038416 0.6453853381525505 0.11106799907230566 0.6445223783355232 0.19339232025192396
49 0.7588014288825207 0.5096063355143635 0.7584756504778625 0.5372587409102034 0.5844444171169698 0.5352073771544913 0.5847705731627002 0.5075553598100632
50 0.7497176189559696 0.5456553423590683 0.7472375837530763 0.5766923374245931 0.5816891116269289 0.5634637617011888 0.5841695432924325 0.5324271939398557
51 0.6009679134034513 0.5861529091130944 0.6034723189834494 0.5601050471887601 0.7522279204434881 0.5744051224654835 0.7497238876230767 0.6004526395784329
52 0.7960703626350778 0.6050065238082034 0.7932339197926694 0.6371259932114569 0.581530867669585 0.6184306030814533 0.5843678806613752 0.5863117760157383
53 0.7979662879962461 0.639759801406978 0.7939876131508754 0.6828128899491922 0.5736395485165531 0.6624498651660995 0.5776190680915079 0.6193977355855873
56 0.5639526983815131 0.7266432089148327 0.5739861034595606 0.6611159703524359 0.7763696728392233 0.692098692082936 0.7663378909362564 0.7576244732683385
55 0.5461875760245221 0.7925253386074632 0.5570726700351543 0.7247351068958443 0.7561810983731903 0.7566988413816443 0.745297816910238 0.824487457517213
57 0.5546021904116287 0.9214990601646939 0.517996048941427 0.8198951132961648 0.6383096574326146 0.7765576978417197 0.6749165744045058 0.8781599607559653