63 0.5153077467081175 0.5690839774134093 0.4710121309652777 0.5686661217298021 0.4729968071425219 0.35835886370196646 0.5172911066895267 0.3587767131761544
62 0.44044085217205975 0.320222720361681 0.4787641461985004 0.32126466448181906 0.4721674799641278 0.5638809072317945 0.43384418625544185 0.5628389801672037
61 0.4313677114960228 0.5674295105840245 0.38122803122939786 0.5654309646325364 0.3919838453829243 0.2956300805864428 0.44212174257313563 0.29762859088344534
60 0.34604244162210307 0.2965061349358464 0.3967823319577519 0.2982925070593537 0.38759527552747386 0.5592276316832814 0.33685538655527125 0.5574412900609178
59 0.33526796973774253 0.5512231997200091 0.29490994614525334 0.5497003365477307 0.30428143400160934 0.3013758655886172 0.344638136617732 0.30289870356070103
54 0.24956671778579675 0.3352350503700725 0.3110067086672643 0.3408240088362607 0.2928354661873982 0.5405714628053103 0.23139548457527326 0.53498258016941
43 0.23185407758637666 0.5108304963186179 0.17237649221067386 0.5053846799577093 0.19458502058660088 0.26285556713941755 0.2540607635955894 0.2683012941621122
0 0.17296043626743085 0.4612129923611224 0.11569539920969873 0.44585946259002207 0.1646688069740776 0.26321137819556356 0.22193265081125446 0.27856473415576816
64 0.5596970827615451 0.5772505639174919 0.5181926824244556 0.5787564301076153 0.5099128893758689 0.3505440123562404 0.5514158647633849 0.3490381730874754
33 0.5948403743045674 0.571822869578593 0.5578415818869189 0.5712457305621614 0.5617515278743213 0.32066181061378873 0.5987489815366871 0.321238938777669
34 0.6423434840667142 0.5711309181119322 0.5977652461235721 0.5727512930924128 0.5887900462969355 0.32582802078244777 0.6333666710880834 0.3242076764766437
35 0.679699151182831 0.5617850969121724 0.6442513370542429 0.5632836588133421 0.6343524417142135 0.3291334304336943 0.6697991476047491 0.3276348917437585
36 0.6704253777234044 0.30436986634354535 0.7122998079340732 0.30261421286506746 0.7229426113772206 0.556444478311245 0.6810681831070724 0.5582001015105927
37 0.7852304656897786 0.5366274546615757 0.723069367026028 0.5422819823550459 0.7038134952086921 0.33060278729021236 0.7659728042035567 0.32494834314715754
38 0.7642956509280339 0.3016751597412723 0.8230048794830509 0.2958730473757633 0.8444226471071943 0.5125810525905133 0.7857134302809072 0.5183830861524246
39 0.8097547650647812 0.2779726667040587 0.8717762515366303 0.26794251219407245 0.9036675749077858 0.46513531130684255 0.8416461179152748 0.4751653517226499
48 0.5440610768119996 0.76121485432324 0.5146143304800717 0.7615936273149003 0.5123968788454931 0.5891800836347527 0.5418425825299664 0.5888013173428797
47 0.5737407130253587 0.784645026657484 0.539207735536479 0.783934309358274 0.5432969730603645 0.5853020463692143 0.5778286183608543 0.5860127506338709
46 0.5774111801940762 0.5876931633034234 0.6165720270919337 0.5869154833465072 0.6212037143670841 0.8201166105554571 0.5820428683343835 0.8208942712482109
45 0.6127876075286167 0.5885808725997834 0.6526939423860085 0.583682853212058 0.6814578331418488 0.8180024742965062 0.6415515217272514 0.8229003697795552
44 0.7272361238098028 0.808773539814579 0.681120616228668 0.8141470688288781 0.6547894409418404 0.5882002713523834 0.7009028517372826 0.5828268614488603
42 0.7629332000625482 0.6921029281250002 0.7624309389999553 0.6921029281250002 0.7624309391251245 0.6903283046875002 0.7629331999999067 0.6903283046875002
41 0.887850866573558 0.675237460295239 0.8182213026134377 0.7079259764604819 0.7423436729253581 0.5463162364596701 0.8119712392775682 0.5136282717528088
49 0.5105558937721071 0.7649385169499114 0.47996313670012114 0.7646399882846423 0.48172957002657313 0.5837045003053712 0.5123212034967537 0.5840030235316722
50 0.48124119491706097 0.7692889160163039 0.4460560088580223 0.7694040252889482 0.445447031725962 0.5830393958999562 0.4806308912955046 0.5829242887708115
51 0.40311039513244395 0.5801734734456171 0.44298303262235095 0.5790451217038352 0.4492033159025368 0.7988228527709745 0.4093306796081606 0.7999511788702242
52 0.39297465581046254 0.8157403649098649 0.3482975431845716 0.813393157161407 0.36055864005413696 0.5800773312235338 0.40523354672893674 0.5824244810445208
53 0.34215999127798113 0.8085608358852563 0.28769012694044704 0.8043569860383737 0.3053620294539314 0.5754335218076407 0.3598292890335415 0.5796372711920136
55 0.22852837812502003 0.6734693874999699 0.22786793282955387 0.6727218036130856 0.2288724532569404 0.671834492824829 0.2295328984786238 0.6725820766089963
57 0.18605456246575613 0.48985814125014715 0.25570651752434514 0.5159049828691247 0.19256065394984034 0.6847467062638445 0.12290891736927279 0.658700279071967