55 0.5501330064496415 0.49573062503214466 0.5501335046866416 0.536413923853267 0.27772834154870907 0.536413778024616 0.27772871622903494 0.4957313454892425
56 0.5418090025636957 0.5378841262053418 0.5425012682285342 0.5739317714009844 0.2877339396238767 0.5788208962845031 0.2870424690016762 0.5427740371240743
53 0.2701038131057203 0.6288720542305616 0.26806203781848126 0.5860888291415819 0.5534612029945265 0.5724667232862721 0.5555040413495362 0.6152488324270345
52 0.5538442362594651 0.6175640249824553 0.5551548374764934 0.6551584820186691 0.2951378202142223 0.6642181495307711 0.2938282056185244 0.6266246468710193
51 0.30491116389634954 0.6909586925884749 0.30632763918686123 0.6498962240206082 0.5491961610771341 0.6582701325918587 0.5477807451962917 0.6993315874397553
47 0.5359358913392498 0.6971367998152945 0.5359366567482766 0.7548973518213291 0.3167698952346427 0.7548970088731388 0.3167705271850991 0.6971378597336855
35 0.2746825753670237 0.8060122141862094 0.27577389018881604 0.7520939354067538 0.5230286891887772 0.7570939670939618 0.5219389908927496 0.8110106902922467
0 0.22604888417390612 0.8398822219547345 0.22704056760233016 0.7908772806941039 0.4226595940135667 0.7948331917152147 0.42166912797392797 0.8438369442008709
57 0.5543457589992613 0.45444676824986846 0.5522545329012019 0.497505066103119 0.2929169954925328 0.48490779339743406 0.29500898007461274 0.44185029653992963
43 0.5408912914425628 0.41845520165915445 0.5391485279146764 0.45365516881182183 0.29137498740351475 0.44138624037038365 0.2931182918872537 0.40618684700586283
54 0.5521568362356675 0.3745245191278635 0.5516026689585942 0.41510694233470263 0.2683968301095092 0.41123736046188486 0.268951674178993 0.3706556426069995
59 0.5508820076109942 0.3348230162542555 0.5513096602101086 0.374191738484216 0.2976007880680527 0.37694563459974034 0.2971736827297491 0.33757745679322854
60 0.5374922613063973 0.2974255680174283 0.5378989996243035 0.33653503064610213 0.2975676865554533 0.33903301956659043 0.29716140859284224 0.29992403305671084
61 0.39528896703916416 0.26424349610311687 0.39421092731731733 0.2728138005923023 0.3361901298910652 0.26551556945912247 0.3372681870089309 0.2569452851578827
62 0.5046463976988207 0.17579929326814628 0.5081729417702263 0.2326744990078383 0.25787040837712993 0.24819318096047766 0.25434435200850203 0.19131845739400113
63 0.41082552562386354 0.1508765022732486 0.4034534137820174 0.20206512776711416 0.1982603951011015 0.17251305168122952 0.20563272750825945 0.12132467270095251
40 0.7704630104256012 0.4523825830139605 0.7720127598305453 0.4795415960518474 0.568277856309237 0.4911647685401048 0.5667285265261626 0.4640061580648126
39 0.7867228513759983 0.42341739211987345 0.7877279760591591 0.454696686981354 0.5644684941846663 0.4618684765313046 0.5634638545864163 0.4305896496399203
38 0.5578459321958462 0.42813681931762726 0.5565629898027282 0.394131839934048 0.8080340860111619 0.38464305655813485 0.8093175363006821 0.41864750854443455
37 0.5554203499256118 0.3950776525074924 0.5522204061379625 0.3603078104613385 0.7858868427782681 0.3388028381221696 0.7890871932216896 0.37357220254124546
36 0.5547069360248997 0.3597173284145765 0.5495518488924063 0.3206861070959449 0.778334621197132 0.2904694690910394 0.7834900803427445 0.3295002252541052
34 0.5337580062852112 0.3234208142091044 0.5219297733465282 0.25933843792741973 0.7553009936519857 0.21626323720598858 0.7671297054799879 0.28034498183598433
33 0.6776294268315723 0.1891215918837046 0.6780165524053245 0.19014744588131804 0.6747438238883205 0.19138245858115663 0.6743566984373501 0.1903566046875056
64 0.5241841609768016 0.20513613186953508 0.49907652327397045 0.12992335060338242 0.6645408983860079 0.0746879671811676 0.6896486776832944 0.14990046497702708
41 0.5635907122899653 0.5153664580965823 0.5632195954195822 0.48878903509484767 0.7895799702456543 0.4856268011783924 0.7899515390022316 0.512203763455837
42 0.7887167325794735 0.5114054022047664 0.7895808868424865 0.5441936968886514 0.5648760664695374 0.5501126780034813 0.5640125215960552 0.5173249619042463
44 0.5658651082278539 0.5838218781645198 0.5663173691946213 0.5455295676574566 0.806887045981739 0.5483687974430693 0.8064355895037352 0.5866603003927409
45 0.7869634714397762 0.6043113875024512 0.7821071602418215 0.6431180944792172 0.5599026457176706 0.6153111677452638 0.564759648663312 0.576505240740281
46 0.7834106051720937 0.6454889525414794 0.7773013490557332 0.6881612411786493 0.555183424675306 0.6563621075349745 0.5612934691600913 0.6136907422935127
48 0.7778792083231565 0.6932052484891125 0.7683345444864926 0.7538176451867757 0.53827569468001 0.7175922965580632 0.5478215778761069 0.6569814248969036
49 0.73203194375 0.7900552484375 0.733806565625 0.7900552484375 0.733806565625 0.7910597687500001 0.73203194375 0.7910597687500001
50 0.5233404540688298 0.8426003085529049 0.5597350351482646 0.7672841428207161 0.7050303998857999 0.8374794996044976 0.6686376460594374 0.9127941075053758