55 0.4728621688925614 0.3306538701457417 0.514087482033915 0.3313985664796115 0.5095039296281811 0.5851231285761408 0.46827861679457783 0.5843784453595139
56 0.43916736464268524 0.3405751483345622 0.4752143958431816 0.3416055959650412 0.46845696093430433 0.5779799921718282 0.43240993045276355 0.5769495616123202
53 0.43244626800867536 0.5776397515625 0.3952785052629224 0.5776397515625 0.39527915948349346 0.2937000890625001 0.43244551790326113 0.2937000890625001
52 0.3470872929450479 0.3398167697456702 0.3937485664179121 0.33993847824233525 0.3931561094409517 0.5670650802681942 0.3464948359506934 0.5669433736892543
51 0.322023145882099 0.3371170059102864 0.3610906506983156 0.3404938081883014 0.34211722459349403 0.5599923721794438 0.3030497259181857 0.5566156208384025
47 0.2620758562621859 0.33824804444020007 0.3179745516983985 0.3420831198234467 0.30370252022282784 0.5500959333272242 0.2478038301713923 0.5462609117849001
35 0.24714148120460777 0.519029532612742 0.18890056570569413 0.5155595321953879 0.200913668131534 0.3139577981420182 0.25915306417596184 0.31742775254167094
0 0.18638667928496488 0.47381150294448476 0.1295564574160153 0.4635765559069793 0.1623686075341766 0.2813973333542392 0.219197652747539 0.2916321720749664
57 0.5161735142280577 0.3243893814697574 0.5561096819751583 0.3250785315108625 0.5515310960023498 0.5903923109512196 0.5115949286189334 0.5897031735537264
43 0.5518454585650261 0.3347081283126715 0.5909815958954141 0.3344277328573038 0.5927547894942791 0.5819065537756548 0.553618652242676 0.5821869443332609
54 0.6305001552796057 0.5878137712570075 0.5939221675818089 0.5887139306902751 0.5867663667102079 0.2979260503613163 0.6233429208147072 0.2970259085660481
59 0.6754600337570764 0.5710601918185022 0.6307769360702196 0.5726327022839387 0.6220988332356683 0.3260392677289651 0.6667803812003967 0.32446678508162935
60 0.7204213878904966 0.5623855440360037 0.6779004401614657 0.5674729351518214 0.6521062365837906 0.3518918007436996 0.6946259198022062 0.34680448577457174
61 0.7744626160175585 0.5430644105795475 0.7122466124594666 0.545872986213025 0.7031747966249213 0.34490513341770246 0.7653891278531546 0.3420965953132096
62 0.7686904080266004 0.31774786630998547 0.8288863149384724 0.31632820624682706 0.8335198314620129 0.5127874981500652 0.7733239254935143 0.514207140394325
63 0.8048461806760088 0.31146695996850365 0.8636791343429877 0.2994787746013067 0.8978718212371177 0.4672751055731438 0.8390389048510087 0.47926316851988104
40 0.5079314985709971 0.6029285999034469 0.5364967769178293 0.6042758751353784 0.529387120866545 0.7549966854628328 0.5008218439350003 0.7536494311508247
39 0.5371322380409538 0.597953529172874 0.5718847255567425 0.6014244937555124 0.5560023756022474 0.7604226651427868 0.521249896009067 0.7569517581430453
38 0.6288230287256056 0.8077466259756337 0.5896798806935521 0.8165428853196234 0.5485208063719256 0.6334123381126139 0.587662423264419 0.6246162557155518
37 0.6725484064770626 0.8178718394010388 0.6332424356905904 0.8263099222258189 0.5870501844020737 0.6111706866614678 0.6263543978507187 0.6027327949376636
36 0.6281490361246824 0.5933608914515073 0.6738736224587001 0.5853658693711381 0.7110893044398381 0.7981788695950817 0.6653647668083522 0.806173711080213
34 0.6692834498005595 0.573717259198164 0.7348635383277724 0.5593439652436804 0.7840171642621954 0.7835852651033837 0.7184371843942472 0.7979582186995592
33 0.858992294810605 0.7389086394218178 0.7850309246266534 0.7579362361658839 0.7309370018617756 0.5476909614978891 0.8048955065976315 0.5286637409508491
64 0.9241835501712785 0.645519064542878 0.8597549134678957 0.6808453961082046 0.7878263250455575 0.5496743101176702 0.8522535368510944 0.5143484634843231
41 0.5030970772053251 0.7579486844601375 0.48061374285953207 0.7576265344265541 0.4828787599808493 0.599595205397751 0.5053613658346876 0.5999173502408067
42 0.4872995183173998 0.7760033360516739 0.4550574665853446 0.7775640218666953 0.4464268764204462 0.5992795909667555 0.47866772401175695 0.597718934357356
44 0.4189166123862833 0.6153087758796099 0.4569160060672175 0.6205000048653556 0.43170140526137857 0.8050421769668933 0.3937020333617056 0.799851052441365
45 0.3859112378095233 0.5965780135725284 0.4230727208744156 0.6040012421297167 0.38319059457933236 0.8036276827283989 0.3460291587866777 0.7962046139634881
46 0.34521599359641186 0.8196564892525949 0.302747269597603 0.8124798679157118 0.3416689191279829 0.5821986541466838 0.38413562167909276 0.5893751037950777
48 0.2812211863407583 0.5577202940775147 0.34758638221853744 0.5745241660686579 0.2950978507936952 0.7817958061830674 0.22873279036514305 0.7649922974789107
49 0.20990032733493535 0.5309936765859516 0.2800966908665714 0.546274650184163 0.2348287220080465 0.7541983833636249 0.16463246151454314 0.7389177239025971
50 0.17432011976427475 0.6922633105569516 0.11609481361529106 0.6795438923933048 0.1555858844958493 0.49879184348217515 0.2138093474308107 0.5115110560150163