55 0.5521991451876147 0.5114700957014104 0.5532383966366297 0.5567247478501514 0.27633517023082277 0.5630799338805127 0.275296968000589 0.5178263320477311
56 0.3080685775431675 0.5936854103977274 0.3076942750992657 0.5596745029348578 0.5332042271269302 0.5571909994740589 0.5335791955594686 0.5912012347989016
53 0.3023019545441912 0.6260217490919766 0.3038125444709294 0.5885143153988137 0.543682366370831 0.5981715753234247 0.5421726485111549 0.6356781694904597
52 0.5271146969107576 0.6391750120649153 0.5227988224031606 0.6823817992250407 0.2796743277473297 0.6580962971348915 0.28399112512011015 0.6148905640427927
51 0.5074065569343702 0.6779364874593212 0.5049412092212151 0.7090835024720257 0.2694104905765471 0.6904399468569019 0.2718765386398445 0.6592936907563574
47 0.27372592919903127 0.7559454656749298 0.2755795010766633 0.7003143910774123 0.4883651977469299 0.7074009501150604 0.48651298663298803 0.7630307176234189
35 0.24530054345154895 0.7990539752088065 0.24987693573962133 0.7465210491445583 0.4530607672855922 0.7642161611517477 0.4484857437497567 0.816747822073981
0 0.3435191890978331 0.7989009214557526 0.3262895215989374 0.8539161583805744 0.20110844442172038 0.8147183347259824 0.21833860015988193 0.7597039753368622
57 0.5470833113749904 0.4684137680070909 0.547589777447115 0.5112992653530468 0.27188721352729317 0.5145516705868817 0.2713816404384488 0.47166705286930416
43 0.5347075449018348 0.4346444060601227 0.5334870621064738 0.4723896347353941 0.28494208551444444 0.4643509924577139 0.28616318823628717 0.42660640162374514
54 0.5346011989220187 0.38807617244142073 0.5355628156029297 0.4305257054846753 0.2748947025771713 0.436427965892946 0.27393379378497684 0.39397913027262077
59 0.5150999785627164 0.3448894834826044 0.5166462870149644 0.3872176640320532 0.28675366063168894 0.3956137938661295 0.2852079174069786 0.35328615418529935
60 0.2892249042132562 0.3580286045347706 0.28647415069178805 0.319959105497062 0.4933351623095632 0.3050116729124311 0.49608628319253967 0.34308077794653147
61 0.4759891499542164 0.24346145362458183 0.4823329417548621 0.3036955393327292 0.2732309646997919 0.32571622822870133 0.26688777121569274 0.26548269702983757
62 0.3114463171315265 0.23606227968749882 0.3114463171874604 0.23505775937498824 0.31322094062102224 0.23505775947162802 0.3132209406289803 0.23606227972009852
63 0.3267874707521514 0.1599799190242546 0.3344083720318167 0.2171976240085013 0.2081084543349334 0.234019096662096 0.20048779391902372 0.17680160557786187
40 0.5643300796874999 0.47312908125 0.7462289265625001 0.47312908125 0.7462289265625001 0.499246609375 0.5643300796874999 0.499246609375
39 0.5624203200288775 0.47358120635090317 0.5606609744675097 0.44197907282779914 0.7426387201123816 0.43184800043798416 0.7443984374303909 0.463449723871546
38 0.7803475926398278 0.3850484690615775 0.783784540324632 0.4232079742348456 0.5525611646061179 0.4440304888145967 0.5491248157845803 0.4058715258038843
37 0.5542953973795193 0.40486052426122004 0.5484073800029137 0.36325268475449946 0.7725671828231953 0.33153175019106607 0.7784556328185772 0.373139036601546
36 0.5433570829698056 0.3626272990602825 0.5365924023232083 0.32279153402325284 0.7645228306469107 0.284086105919255 0.7712878614503325 0.3239213919250114
34 0.7233383530294759 0.20803740201377002 0.7392242407379399 0.2749563907047905 0.5202259567048486 0.326941861698311 0.50434077209934 0.2600234729921143
33 0.6585388714892133 0.1313958887486354 0.6832540195905494 0.19803719142204682 0.48718388247277744 0.2707517065746696 0.4624692325319302 0.20411082362180674
64 0.5943920964922427 0.12851093188281323 0.5814084583513477 0.1915889193376968 0.4680770958473204 0.1682613374245457 0.48106085417396116 0.10518351569970838
41 0.742797235017747 0.5027885595826493 0.742628315406364 0.5308984743053324 0.565962813193778 0.5298355790772485 0.5661321211284758 0.501726057622177
42 0.7613639313235581 0.5329912118860848 0.7611953090101906 0.5627435920147594 0.561533487992051 0.5616103578214817 0.5617026028392047 0.5318584790358316
44 0.7825178509810939 0.589748702423014 0.7759081241806598 0.6279635633505509 0.5556670128138421 0.5898713093008349 0.5622773449842953 0.5516571926627548
45 0.5542446248128954 0.6389001065489007 0.5597395769628974 0.594502635134983 0.7751920687769598 0.6211639560281853 0.7696981380086072 0.6655604921259171
46 0.7631800060612477 0.6772833543098398 0.7562382976419713 0.715604733306545 0.5446539351124784 0.6772797985213364 0.5515963030665034 0.6389592550503942
48 0.5061833726989562 0.7331050492369234 0.5266571805776721 0.6668715309689904 0.7372184474173764 0.7319472844502859 0.7167465373111099 0.798179194579604
49 0.46806207277120393 0.7928741028210564 0.4932965828638771 0.724961052792775 0.6899289721861805 0.7980096146147777 0.6646965102514741 0.8659209224982056
50 0.6033790544972817 0.832034589568936 0.590375340746391 0.8943791574526921 0.4783802028947548 0.8710233197593753 0.49138459134792356 0.8086796713448454