55 0.6423605309601044 0.45917594377796245 0.6424906693548564 0.49099566252913407 0.414416231405653 0.49192609668179604 0.4142866194255248 0.46010689514664654
56 0.42413487187500004 0.43043696562499995 0.629103815625 0.43043696562499995 0.629103815625 0.45806127500000005 0.42413487187500004 0.45806127500000005
52 0.6898584587020196 0.3749833706532141 0.6875741191106499 0.41458174089124744 0.4459391857266155 0.4006406986937445 0.4482240561975459 0.3610428691996815
47 0.6720419741403703 0.28130065364823753 0.6742325834458143 0.33289068953382556 0.47039021502848755 0.3415445859960854 0.4682001254016086 0.28995503642475906
35 0.454869004094121 0.28495470923340777 0.4556066557261147 0.23850003669676623 0.6730067301028839 0.24195143404873748 0.672269492257783 0.28840568574950476
0 0.4660878814682974 0.23457167726835756 0.47219466892590845 0.18367686273185949 0.6703562287551676 0.20745319972437698 0.6642498156616057 0.25834767091056854
57 0.41762942702939654 0.5279624534414129 0.4168477838816216 0.49342461785525377 0.6419046005403288 0.48833004423733417 0.6426868324343786 0.5228672736578406
43 0.6306138373455497 0.5252020402215546 0.631270366093986 0.5530206163102642 0.4209047643455506 0.5579826385142176 0.4202487295780202 0.5301645398190774
54 0.4253387969176856 0.5918902948608294 0.4247276138574989 0.5594555216483911 0.6774643045914672 0.5546914069532357 0.6780761894736997 0.5871254534156056
61 0.4489792850902177 0.712204924659303 0.44898010040958525 0.6499244717178996 0.6761308192458273 0.6499258955490829 0.6761314740908801 0.7122048551078053
63 0.6946071058598591 0.7414135012886771 0.7003929439985086 0.7938169978784833 0.5178343942250194 0.8139666175342315 0.5120497990436661 0.7615642497908726
40 0.39510329823974644 0.49844611921448856 0.394767075462255 0.5191362333205627 0.22433390244179918 0.5163658714799999 0.22467039299363023 0.4956760379872938
39 0.40024715262177324 0.5239603943475537 0.3999556542053142 0.5466387792546216 0.22708107923165244 0.5444156802578238 0.22737289186136422 0.5217376178790948
38 0.4145261682879209 0.5496794487136586 0.4142361606278655 0.5809654080459243 0.19600405762503215 0.578940976979298 0.19629464543641006 0.5476556277562429
37 0.4330078753698672 0.5906577886964791 0.43300826075369514 0.6253138699154401 0.20496876083450388 0.6253141195836944 0.20496910741053398 0.590658789179794
36 0.20279370022456078 0.6867630138432921 0.1982036156182403 0.6459145788176854 0.42025029732826624 0.6209647468236801 0.4248411713911082 0.6618122702983846
33 0.26110945527307194 0.8169541935797144 0.2418980099350847 0.7609016114597136 0.4493078109187536 0.6898242770011348 0.4685199643449778 0.7458754773564513
64 0.3450336652877013 0.8793766420802741 0.31470858878492436 0.8168841444598267 0.47754343019278167 0.7378818141706803 0.5078688058349599 0.8003729426398553
41 0.3965471520676829 0.4751470287327446 0.3956159727264321 0.4954398158781475 0.23722431092846819 0.4881713305183429 0.23815571429270221 0.4678787850673001
42 0.2232705391380705 0.4586234130310317 0.22492151455548992 0.4358430031644393 0.4039598516452543 0.4488166518360457 0.40230917678240985 0.4715967827296462
44 0.4155342223830303 0.4188099599240901 0.41280608279419084 0.4463536407399811 0.19759278337642172 0.4250367815620254 0.20032126189846622 0.39749348610615554
45 0.2039562677362028 0.38525695276949207 0.2084016750561659 0.3534733829443487 0.4153997323803651 0.38242271526247246 0.4109547553121047 0.41420590322694284
46 0.43762127608249557 0.35068690131870855 0.43442768486659133 0.3842099924724765 0.22044807831582602 0.3638249037851731 0.22364201507230064 0.3303022349513834
48 0.4374527495356233 0.2996878129207473 0.42553868633808634 0.3552934256102731 0.22285491883849318 0.3118664473972482 0.2347693694540567 0.25626137247224173