55 0.19335598858378944 0.5450072584931741 0.19204076494213496 0.5008466365460441 0.4480922796875575 0.4932194875000216 0.44940836912610393 0.5373791976215904
56 0.4356708654281647 0.5811150171875 0.1881095208342458 0.5811150171874999 0.1881102380482389 0.541938725 0.4356699203125345 0.5419387250000002
53 0.1531890774965632 0.6164900763352605 0.15508088172327916 0.5730678043594088 0.4434123654124278 0.5856253795438447 0.441521759149623 0.6290464903868829
52 0.4397857671345946 0.6311854022639044 0.43725281363720114 0.6725824533263792 0.17866485243735042 0.6567588296988836 0.18119878869708828 0.6153628486737459
51 0.172443102328657 0.6819584243256798 0.17772476074196675 0.641985642748573 0.43620582134713004 0.6761312215979516 0.4309253549505456 0.7161029335414955
35 0.381252975329744 0.7482496312196213 0.3802165203584309 0.8139231845818982 0.14655385744310934 0.8102319762013961 0.1475921035794272 0.7445602369045521
0 0.33358090842773436 0.8089284789459816 0.3303294847020197 0.8603527304776588 0.11455810235361241 0.8467097068528979 0.11781082759637229 0.7952868742968568
57 0.20688102750693815 0.46992819719384465 0.20888008050337703 0.42624059744130516 0.46345607896648744 0.4378873401926025 0.4614578316341067 0.48157414381647295
43 0.45430344053499994 0.3992961874522141 0.4554655303850268 0.43623218726930507 0.19889082182248785 0.44430184704345127 0.19772935886362575 0.40736646062384335
54 0.46373262592567244 0.35467536893810575 0.4645524760820763 0.39922799554329014 0.167541617049892 0.40469041905087844 0.16672254209777293 0.3601385560186163
59 0.18038185418186004 0.36501955683977133 0.1781576524679167 0.3154987302293121 0.4569551174439539 0.3029750989811068 0.4591799923317694 0.35249525626449085
60 0.20637099029431738 0.31264377416909256 0.20342471868093526 0.2681588170959294 0.4366291113428815 0.25271253825049156 0.4395758027173997 0.29719708788601923
62 0.1802990701842191 0.23017132196855258 0.17995532383952195 0.16572224881700195 0.4061057970428692 0.16451561537523746 0.4064499846236913 0.2289642238236825
63 0.1552472407224741 0.20281493788195182 0.14382417515662382 0.14339389362748173 0.36048645186701833 0.10174257090835644 0.3719097590627598 0.1611633523573682
40 0.6175689208995436 0.504771471875 0.46761309882697333 0.504771471875 0.4676133707096142 0.4806629828125 0.6175686476340161 0.4806629828125
39 0.46137632348825264 0.4795612449370055 0.46196194706521965 0.447351227003773 0.639191939873399 0.4505724580028523 0.6386067284563524 0.4827820684813913
38 0.46248446391416564 0.4480861358249014 0.4615074260692609 0.40751201524679465 0.7060050118069512 0.40162379575852764 0.7069826745110959 0.4421972316402276
37 0.7016876019157507 0.35091819058652857 0.7045308114054478 0.3941594187766533 0.4775915393404375 0.4090784724491351 0.4747489277981458 0.36583778797301436
36 0.46808594745539267 0.3681528457491721 0.462224755582497 0.3236274376656469 0.6795901050318207 0.29501432289706353 0.6854517083842211 0.33953921398554193
34 0.44228296410540224 0.3256717792934886 0.43248373660992456 0.2607520873556948 0.6363701321491817 0.22997686243248044 0.6461698216271543 0.29489597212838864
33 0.6177549668547044 0.15319048475659552 0.6330165118685045 0.21848542178764407 0.4259719182302888 0.2668768329367639 0.4107108779023747 0.20158232245129407
64 0.5661305459666437 0.10483946927450799 0.5777092908421082 0.1716067665220655 0.3884320990011929 0.20443027768370073 0.3768536943508707 0.1376632781787059
41 0.6193938997810164 0.5227507425215301 0.6160383900510169 0.5482751065772588 0.46752675323762105 0.5287519589823246 0.47088252092601124 0.5032279014449019
42 0.6397298922637447 0.5464810807287669 0.6367131334786791 0.5779107256159054 0.46789519651099454 0.5617067785471486 0.47091235639413753 0.5302775767617851
44 0.7060710076705163 0.5775415187112093 0.7038803862217264 0.6139257106533241 0.4615649509059949 0.5993345245834478 0.4637563122926167 0.5629511062835968
45 0.6786623118883881 0.6148253439049616 0.6759460751462711 0.6570581369409344 0.45633143305167323 0.6429321831505801 0.4590484982172711 0.6007002689758002
49 0.4027153728858366 0.7731189948565227 0.42413373136685095 0.7064113102990675 0.6111858797329432 0.7664584602224537 0.5897693404875781 0.8331645871201139
50 0.3528849935638618 0.8323687813444146 0.36948644221263294 0.7659502167647656 0.5445415369782722 0.8096961186095755 0.5279418348117133 0.8761131678893926