55 0.4962436384012108 0.35209932421854107 0.5315795269016235 0.3544070833514709 0.5194825695568852 0.5396227465288691 0.4841466837031021 0.5373150164355035
56 0.4657395727107314 0.3627696605431464 0.4929077856093045 0.3648199851662713 0.479704624478245 0.5397610359259305 0.4525364140625925 0.537710735937504
53 0.44574436845630316 0.565109600760905 0.4092849568967267 0.5631899378184098 0.42002407399616004 0.3592506068453526 0.45648243830237334 0.3611702421412671
52 0.40837191560638075 0.5704063531663872 0.3794259628467671 0.5691698545281795 0.3874671646905199 0.38095275865444106 0.4164123216579583 0.3821892401762682
51 0.3382726867994279 0.349920521970476 0.3836680964207062 0.3490826623921646 0.387482005941024 0.5557094946711476 0.3420865967992768 0.5565473423275613
47 0.2974816531777833 0.38128204786515363 0.34436450160194454 0.38219708402800184 0.34120730755807926 0.5439496304869249 0.2943244593750478 0.5430346046875004
35 0.2536165973532434 0.3542103599243163 0.3048262467450513 0.3614566493088352 0.27963551702157474 0.5394700290143937 0.2284258845011209 0.5322238276789737
0 0.2188232469175091 0.514426886859289 0.1669651125139353 0.4984165771448732 0.21237040414700914 0.35135744372627165 0.26422757976456523 0.36736759663827984
57 0.5553658897561036 0.556357625585923 0.5192826416831622 0.5515204697247068 0.5418552748124057 0.3831533709661797 0.5779376897112343 0.3879904716191063
43 0.5893633016801232 0.5430491576207583 0.5661705244833684 0.5414579837088203 0.5786351180817064 0.3597940236318182 0.6018272857772899 0.3613851758571279
54 0.6174177587424765 0.5648363489296583 0.5892513441478968 0.5623191175416002 0.6064867252102886 0.36948290177882553 0.6346523587391175 0.37200009777664517
59 0.6387574888177596 0.3681182561927271 0.6700548589643631 0.3703325844298907 0.6566463646621514 0.5598371240683606 0.6253489978525977 0.5576228257077834
60 0.6755465014538231 0.3787815979725701 0.70243189834855 0.38058068805766243 0.6903710805804621 0.5608052781048695 0.6634856859374167 0.5590062109374971
61 0.7411896979022004 0.5627603473351459 0.6966250216476055 0.5610207766674917 0.7033398547849856 0.38902682828691365 0.74790340236882 0.3907663766670604
62 0.7983490967168336 0.5532183068891978 0.7548732496497905 0.556754765201909 0.7382872916788301 0.35286052714957816 0.7817618705048517 0.34932412193981943
63 0.8527055985418883 0.5163663811918378 0.8002374398118945 0.5254171080675674 0.7756315473708355 0.3827802552080141 0.8280986774427674 0.3737296196686631
40 0.5273734275291417 0.7976929971323827 0.5072133961079999 0.7971636709992936 0.5121947446081094 0.6074889306615425 0.5323539884395814 0.6080182467178051
39 0.5620742078531293 0.809178818263187 0.5355857082500961 0.8092680536923493 0.5348627966056938 0.5945157386502982 0.5613501134233729 0.5944265051759531
38 0.5646094602443554 0.597030154338248 0.601376346466509 0.5974303303092562 0.5990199603128303 0.8138977381455229 0.5622530741720766 0.8134975713288757
37 0.6124165623153885 0.8269926726692873 0.5762950464264804 0.8220903911021349 0.6043419969560091 0.6154734501741954 0.6404619863886865 0.6203756313416541
36 0.64540431875 0.5971606031250001 0.67654445 0.5971606031250001 0.67654445 0.813664596875 0.64540431875 0.813664596875
33 0.6733926500452299 0.6210341032457423 0.7253264850966161 0.5975200153200144 0.7994070549991648 0.7611140371369717 0.7474734950048969 0.7846276784082518
64 0.8195732248237846 0.7330291715067897 0.765574084834725 0.7431008276207769 0.7353824673017471 0.5812459971886638 0.7893799324572228 0.5711744977964907
41 0.5168261591095415 0.8039041443475662 0.4970801065132946 0.8050602271116031 0.4843653109857087 0.5879185802501339 0.5041104483008212 0.5867625244892657
42 0.46610701113331743 0.5968571282405934 0.4925769299956073 0.5983136167206436 0.48245546976102105 0.7822345525199097 0.4559855532927486 0.7807780917092891
44 0.4317216775458519 0.596779333229328 0.4613524562314524 0.5976299819097566 0.4565519233130999 0.7648257887819873 0.4269211453125763 0.7639751546875014
45 0.4236202738550219 0.7698384650924524 0.38444240922103745 0.7687434776490383 0.3888754135182353 0.6101790004123631 0.4280519981303996 0.6112739701952951
46 0.35765493538633564 0.7965193639634532 0.3191423398217239 0.7889571363111945 0.3577722284686615 0.5922604645901812 0.39628328844446514 0.5998225401399616
49 0.28930185787658047 0.7098491578124998 0.28879959837331626 0.7098491578124998 0.2887995985016687 0.7080745343749999 0.2893018578124611 0.7080745343749999
50 0.24007975160407113 0.5598932101146123 0.293676396016167 0.5873154178730058 0.22575054819287743 0.7200597403569008 0.17215416836177155 0.692637932515241