63 0.46682608486912613 0.5535538799394121 0.431232907047729 0.5551035628238906 0.4229301917515613 0.36440881876551484 0.4585224075788119 0.36285915704735533
62 0.4291740570931779 0.5545589979207795 0.40127177173314976 0.5556557243714926 0.3927137247023893 0.3379306622264251 0.42061520352808657 0.33683395139646843
61 0.4035655991801832 0.5717185948051634 0.3671225178102304 0.5755861228950228 0.3395433813775526 0.3157245539092929 0.37598512400222717 0.31185709962684055
60 0.333697716331244 0.35737522505958874 0.3672052192639512 0.35827834207010745 0.3614704313730499 0.5710379016702442 0.3279629288676915 0.5701347984366325
59 0.3258193259039217 0.5615179403302509 0.29619731324396525 0.5596841385375688 0.30991530362859976 0.33811472685321803 0.3395364204525322 0.3399485008940998
54 0.27914205115837376 0.2910532851524201 0.33853943530527886 0.3007656385359368 0.2973168857197379 0.5528558577307666 0.23791953600016313 0.5431436661325142
43 0.2227158286455051 0.32822360825138397 0.2706066346635225 0.3363557001381334 0.23982603976969585 0.517616895574234 0.19193525829507507 0.5094849006884202
64 0.5052489820154733 0.5525575060517703 0.4659952059708985 0.5539909092070938 0.4587188463833627 0.3547285514503889 0.49797154965904156 0.3532951678088461
33 0.4890894845116236 0.3380704402569195 0.5206013650649766 0.3353027825808606 0.5388636296644336 0.5432215228163199 0.5073517542317632 0.545989141824981
34 0.5674627740663709 0.4359956603632476 0.5080315911252455 0.4315103611796195 0.5220237914079462 0.2461257362438052 0.5814539030398009 0.250610996609795
35 0.5826793376680826 0.5444411459840526 0.534031201047128 0.5428751369533704 0.5414689695992365 0.3118638526688271 0.5901155672116829 0.3134298361166818
36 0.6223002060119143 0.3371780721996871 0.6223004801612433 0.5456966512884683 0.5851329462301464 0.545696441048198 0.5851332021842381 0.3371784107697376
37 0.691029491968493 0.5454574017420784 0.6278308657583693 0.5583093764680657 0.5778479139005412 0.31253238831059105 0.6410443561863985 0.2996806536613437
38 0.6720102708744662 0.32434175396450093 0.7281642183382928 0.3214078518283407 0.7391658814682387 0.5319656237390672 0.6830119378408881 0.5348994853575249
48 0.48589083135789224 0.7743443370090697 0.45690444893591575 0.7732257772419867 0.4648985932337837 0.566112315958993 0.4938837434214065 0.5672308518342163
47 0.5090926898359385 0.7808284366128985 0.48212559778244213 0.779173450236336 0.495384612025191 0.5631683208932955 0.5223505237655672 0.5648232711697374
46 0.5227977066592757 0.5606121901837601 0.5572667640111604 0.5623749822974794 0.5443378794627733 0.8151486239092626 0.5098688255376373 0.8133858784977807
45 0.5937798332689681 0.7979979486637734 0.5595016386615725 0.7987739683871009 0.5541247133249954 0.5612667997451858 0.5884012281680953 0.5604907990018569
44 0.5889888002189991 0.5594798521188213 0.629965525441321 0.558320247299688 0.6371020600727206 0.8104700930025187 0.5961253362924026 0.8116296676781724
41 0.8023382949519373 0.7183126151231858 0.7296744645410627 0.7470545835765771 0.6526979788985727 0.5524684055870145 0.7253593015353772 0.5237269803143532
49 0.43797086875 0.570541259375 0.46308387812499996 0.570541259375 0.46308387812499996 0.7799467609375 0.43797086875 0.7799467609375
50 0.40296912463793433 0.5756792658602038 0.43384496962448793 0.5738589406985607 0.44626432744007616 0.7844855809780318 0.4153884860196513 0.7863058668710061
51 0.370249298707904 0.5842023528428734 0.4017612276087448 0.5823445565676313 0.4158958346436066 0.8220625090770232 0.38438391003955985 0.8239202577163641
52 0.3663436109474105 0.8129676002725704 0.33377161575822356 0.8120458654652202 0.3401179601299873 0.5878493562258706 0.37268842308697003 0.5887710695794731
53 0.26763043546725385 0.570954405497536 0.3089468111035103 0.5747967647931248 0.2879875113028447 0.8001398660874792 0.2466711473439318 0.7962975963698876
55 0.21920183534518856 0.5187855120168475 0.28699331654217985 0.5462780437184205 0.2161837497050101 0.7208615725318049 0.1483925398683823 0.693369526783791