63 0.6423486633535731 0.4618472720258865 0.6431000118636803 0.49946567650144236 0.4183483616116064 0.503952027312174 0.41759764574612745 0.4663342378678793
62 0.6371825713688395 0.443719795546722 0.636579508310092 0.47485215671626385 0.43012731583530694 0.4708515797844831 0.4307308164219421 0.4397196673582876
61 0.6635799700259213 0.4145697909057175 0.6603037083640402 0.45491301122927796 0.42562252862057903 0.43585336003799435 0.4288993514935555 0.39551073850409924
60 0.662675668488987 0.3766060812255204 0.6600829215531121 0.41380654082343504 0.4423367684071309 0.39862940426756943 0.4449299568789229 0.3614294214752656
59 0.7011978600576185 0.3495385221201136 0.6975315828469775 0.38451788390988556 0.45419357230719015 0.35901221861875937 0.4578602521762605 0.3240333226382888
54 0.5749778171875732 0.3204419890076953 0.5749778172637434 0.3214465093750171 0.5732031937444617 0.3214465093974015 0.5732031937554893 0.3204419891172256
43 0.4916220094720529 0.2652331515458228 0.4975476427200647 0.20809897967763727 0.7035320957294289 0.22946158391530602 0.6976069508793898 0.2865953065901391
0 0.6551477894522577 0.22286393603201562 0.656561556286988 0.2170362763846353 0.6885705181381354 0.22480139263785143 0.687156758888932 0.2306290457172996
64 0.4175032520197419 0.5376848027518282 0.41888405856434474 0.49887051319774334 0.6293032225773914 0.5063542650764824 0.6279230892424721 0.5451678949088435
33 0.42479790384265925 0.5725668247962262 0.42507448058006503 0.5403710857544052 0.6248597732170538 0.5420858631764955 0.6245837475386224 0.5742810518746598
34 0.42187232760193183 0.6157791800735466 0.42114614403612904 0.5746693036333128 0.6507277934666718 0.5706123809334288 0.6514548160876075 0.6117214007897155
35 0.4321682937653577 0.6600223701802029 0.4305501183798697 0.6234205026515144 0.6503508921806542 0.6137019585162354 0.6519698128341815 0.6503030582806515
36 0.43910921288261306 0.6962351629699299 0.43585889604867134 0.6646531775184404 0.6803297301951261 0.6394938676531954 0.6835807430687737 0.6710750591708383
37 0.4568027676297106 0.7561384376213056 0.45181778698179187 0.6966942179966977 0.6508289642507634 0.6800064887323044 0.6558151210965661 0.739449393564444
38 0.6785636569393318 0.7614909668011802 0.6788968566078211 0.7672284213617311 0.6027572517485851 0.7716490674611511 0.6024241058842108 0.7659116641345673
39 0.8220385099596115 0.7454056511263828 0.8335940573022071 0.8002973004868872 0.6158458268387221 0.8461237422957103 0.604291964276058 0.7912335485718505
48 0.3992439376615948 0.5019752595296184 0.40008984003895876 0.525576988945499 0.21705247441082065 0.532135198626981 0.21620692343037717 0.5085338101484856
47 0.3957411609638939 0.5529884484374998 0.22360221002202252 0.5529884484374998 0.223602605412907 0.5283776999999998 0.39574086197478664 0.5283777
46 0.39396614761835735 0.5539926730395403 0.3939665634419498 0.584630704383567 0.1614905985761652 0.5846313639453883 0.16149080062848498 0.5539939561944326
45 0.17138946658144505 0.6271809332145311 0.1701988235186036 0.5895030889906439 0.4032031961485245 0.5821387578195668 0.4043946215642791 0.6198157909464093
44 0.17280111810316612 0.6736920806196962 0.1697810462247844 0.6363347614804374 0.4028443590131019 0.6174931945978255 0.40586521425302635 0.6548496613826762
42 0.2179940557076634 0.7610682929226142 0.2036619808100113 0.6962906692512653 0.416311303301768 0.6492473786355227 0.4306444481998142 0.7140234834167232
41 0.27317615414949614 0.8473599099633125 0.2456235364057875 0.7804393959664007 0.4339137391593795 0.7029291114901431 0.46146695097183965 0.7698480437955934
40 0.4600231701441544 0.7987586861155804 0.4466470491825021 0.8844101913867356 0.35026967024202804 0.8693610197702956 0.3636466493435364 0.7837105623220848
49 0.4009154083299791 0.4805819963784174 0.4012237310456612 0.5004478526148232 0.228169396360272 0.5031322941865972 0.22786133519161922 0.48326669679342377
50 0.2235384639213862 0.47937613998486 0.22382585479522277 0.45133246503544955 0.4039823212169722 0.45317760987841693 0.40369529396923554 0.48122092473930894
51 0.3906583938730819 0.43399813055474923 0.38458815618139397 0.46616946005856297 0.17303098072602552 0.4262526704104027 0.17910155868673883 0.3940818085036702
52 0.405172590371194 0.3986222347095081 0.40013822810851707 0.43419828216472944 0.1847128051465461 0.40371343567759355 0.18974755659803577 0.3681378693935763
53 0.4162633092520309 0.3642735606466847 0.4111913746205573 0.3976276540482216 0.17249546822233697 0.36133070381650756 0.17756775835425742 0.32797707575969337
56 0.2091282998475208 0.319614824825701 0.22418866106795576 0.2543139858107013 0.4423278457908282 0.3046216238982634 0.4272682966798129 0.3699217458292967
55 0.4757097469301925 0.2517367902977586 0.452660792137749 0.31485164997493387 0.25284506403943396 0.2418813568610885 0.2758942301720708 0.17876703167818855
57 0.4761102237361001 0.20199052468100026 0.43242072210932747 0.2577854668446227 0.34154062624384096 0.1866236052628839 0.38523004116973425 0.13082884776350498