55 0.5004437082496906 0.5513140532713142 0.46295765284048684 0.5520998903243073 0.45816380772669163 0.3234109176047966 0.49564873538406573 0.3226250922768893
56 0.4601902825622801 0.5453846233302598 0.42487158363860544 0.54447000826794 0.430257126394622 0.33653636261771613 0.465574863242864 0.3374509654252232
53 0.3959396726978639 0.27877437060437166 0.4254767417471612 0.27836326188490707 0.42916931508648304 0.5436529483713695 0.39963224619236826 0.544064050268627
52 0.3978463925637925 0.5372991855522725 0.36107920836923313 0.5378088422644038 0.357824918769893 0.3030158004574538 0.3945910303424398 0.3025061510318355
51 0.35736492590194757 0.5315765443234253 0.31676440574972275 0.5277885742181535 0.33596683355995083 0.3219900280360608 0.3765662802255747 0.325777948061506
47 0.31860778011741786 0.5152348317388978 0.2616069001217056 0.5122173837370139 0.27313538065402554 0.294469260224282 0.3301347320631294 0.29748666768690446
35 0.2600049614160298 0.4864039655581079 0.20044797258265135 0.4771840132384077 0.23694319624883065 0.2414575879348589 0.2964986056294947 0.2506774140769338
0 0.23560746479745376 0.37415295527548614 0.18393432441303048 0.36579617413240506 0.21150302024545908 0.1953359211542288 0.26317541315427206 0.2036926412318005
57 0.5403583314152911 0.5517336918824368 0.5002108204454316 0.5522331180382107 0.4972532536919516 0.31444545403320084 0.5373995053382714 0.31394603571083096
43 0.54043194375 0.3274179234375 0.5745856359375 0.3274179234375 0.5745856359375 0.5377107359375 0.54043194375 0.5377107359375
54 0.6130680967448825 0.5454249699937997 0.5776377769177543 0.5459481186582842 0.5731724933208397 0.24350760024562984 0.6086015845803558 0.24298446036255145
59 0.6108603610924774 0.28879350081523 0.6526708626315667 0.28817072833334495 0.656396395278648 0.5382772193613844 0.6145858939975142 0.5388999821873488
60 0.6987425233440945 0.5121230588616138 0.6585409444293191 0.5171042428090173 0.6292817564946063 0.2809708502460355 0.6694821749590574 0.2759897397452914
61 0.6737388466054881 0.283351271559346 0.742427120709408 0.2771306177985122 0.7626441951700826 0.5003577988980606 0.6939559326445988 0.5065783691826473
62 0.7297790564845172 0.24815501775511872 0.7945813462883962 0.23888212134581083 0.8279509282514255 0.4720725467662187 0.7631486646052963 0.4813453217474736
63 0.7537446983425298 0.1951862143654567 0.8100514840622282 0.18139110551859006 0.8528661911554991 0.35614220542157493 0.7965594429548446 0.36993720888243203
40 0.5004881742505631 0.5821358301290651 0.5250998491189875 0.5842130090742569 0.5098789075095738 0.7645362302224731 0.4852672374222493 0.7624590901162535
39 0.5232422440492428 0.5766903894068719 0.5553032049514286 0.5786954051188581 0.5427391701618944 0.7795728043524819 0.5106782130538932 0.7775678302760458
38 0.5540861977383429 0.5542075838326458 0.5922783435072461 0.5549984084576399 0.5877065490808491 0.7757610867754838 0.5495144038869739 0.7749702799857902
37 0.5808812707888364 0.5445664576340113 0.6230761591054943 0.5388350051532269 0.6539943824316197 0.7664271157366116 0.6117995215556675 0.7721584362742322
36 0.6188200655237779 0.5387483496606491 0.664076649058984 0.5282014926882764 0.7177803241827405 0.7586170418400512 0.6725238267755458 0.7691636517915056
34 0.669512807861679 0.5439219171875 0.6690105468258025 0.5439219171875 0.6690105469241416 0.54214729375 0.6695128078125663 0.54214729375
33 0.8681739455752222 0.6979474984688341 0.7944835937826156 0.7147214142570687 0.7422512634719851 0.4852776503188072 0.8159386441434435 0.46850408360918766
64 0.8879959813020832 0.575865128125 0.8874937218229206 0.575865128125 0.8874937219270578 0.5740905062500001 0.8879959812500147 0.5740905062500001
41 0.48229715352840685 0.7782198456782538 0.4565556768066017 0.7759651284256373 0.47402322141908826 0.5765816453726058 0.49976362245456585 0.5788363146929585
42 0.4389636627751088 0.5629486875542038 0.475728207986549 0.5640438477819066 0.4691204157118136 0.7858394370462332 0.4323558715248055 0.7847443015416642
44 0.40292123468520913 0.5686871774199179 0.4381682727579346 0.5703108906095775 0.42746990287673725 0.8025169066750829 0.39222286728943345 0.8008932328244237
45 0.3690102050575206 0.5600093426691619 0.4057135399166327 0.5642092922424491 0.3789000333385957 0.7985017928886998 0.34219671589141853 0.7943019457952745
46 0.3324049747848221 0.5427493374685581 0.37375919445321415 0.5512152883183636 0.32502214001601715 0.7892547632411667 0.2836679853609212 0.7807890206691407
48 0.26536681069933366 0.5203486301580927 0.33247455226285183 0.5339137486425578 0.2872566854852039 0.7575841362373208 0.22014903479919212 0.7440193189992533
49 0.20944150451600763 0.4774339551464673 0.2699342460335856 0.48979207056294405 0.2256553072314773 0.7065150900051734 0.1651626374348325 0.6941572200882742
50 0.12405826255167085 0.5723158828125 0.12355600151079216 0.5723158828125 0.12355600161424718 0.5705412593749999 0.12405826249994334 0.5705412593749999