75 0.26269130026901166 0.508030155609454 0.2316019549568864 0.5103295378885316 0.226828688950377 0.4457943411061162 0.25791774055392125 0.44349496979871855
75 0.2713272327882805 0.5173612911504537 0.2612069569029245 0.5167375447792404 0.26382662103117127 0.47423721461379215 0.27394683232080297 0.47486095899499836
75 0.31274315258485785 0.5267208532132787 0.30354538877759296 0.5246277348435467 0.3120938739646135 0.48706636642528506 0.3212915849160254 0.48915947852964764
67 0.2912243132616368 0.5338128901979602 0.269925584729549 0.5361996197660466 0.26706382532745465 0.5106634809018303 0.28836246718753955 0.5082767562500003
67 0.31769673222288475 0.5647225794550316 0.30418987387008656 0.5347539248876385 0.3367992421511872 0.520058216425851 0.35030612498553637 0.5500267825602158
75 0.3604884409103306 0.4892063364596234 0.38996925308811115 0.49144263488410783 0.3859261657484012 0.5447378550958415 0.3564453545958486 0.5425015660770036
28 0.3771901786998342 0.5027172746195573 0.37189289575496787 0.5025985499837969 0.37472783334874293 0.3761188300323664 0.3800250230724487 0.37623755359657884
75 0.3913161104634355 0.5202254153849445 0.4057025966761785 0.5233548577175083 0.3988023835225931 0.5550733325788269 0.3844158999385172 0.5519438985818825
75 0.6292597925428254 0.5783904574686788 0.6219235183367573 0.5790831123348115 0.618440672488191 0.5421978080747317 0.6257769003990461 0.5415051554153587
67 0.6374867523672947 0.5113008184373227 0.6555185072469385 0.5133012263523228 0.6482491779480597 0.5788214708771819 0.6302174248659185 0.576821073907776
28 0.6482455602584878 0.5152678489916477 0.6397445235464829 0.5150608564231028 0.6429573930121251 0.3831229891032656 0.6514582698523554 0.3833299796724918
75 0.6813109889886846 0.4694198229637759 0.7060272541922359 0.4731695788201777 0.6906428641469802 0.5745666660742473 0.6659266058350113 0.5708169408267529
67 0.7493307505853863 0.5332578148795297 0.7342537795097996 0.5547335157231812 0.7110580638129704 0.5384503874324121 0.7261350208352724 0.5169747359938214
75 0.7520291120575848 0.5298401513662645 0.7424629185167078 0.5312274277414464 0.7382516167240283 0.5021898953316359 0.7478177669062234 0.5008026221461064
67 0.7070652639398531 0.5802333232508533 0.7330829544226845 0.5965598347339875 0.7105059910429645 0.6325340856101177 0.6844883501687491 0.6162076381719863
67 0.654004472580823 0.653196242843338 0.6293350783482765 0.6379924360514916 0.6508790355642304 0.6030400849550822 0.6755482806011059 0.6182438313746464
67 0.35232525944570625 0.6181271103023788 0.34513180401597765 0.6476832528949006 0.31008928708502026 0.6391554223372905 0.3172828109375132 0.609599381249947
67 0.30465002718483447 0.5932514634809256 0.2929688503974148 0.6172491654044249 0.26077787659846763 0.6015814546030991 0.27245906874998127 0.5775838312500136