67 0.475687322226122 0.2729959662612742 0.45708538911446794 0.2590700121182623 0.48107650566510074 0.2270239488586918 0.4996784012195121 0.2409498821989376
67 0.4376767488687392 0.32208231065703197 0.4335854902938081 0.2855665684695447 0.47372099753499697 0.28106985757705855 0.47781231495935117 0.3175855328998482
76 0.3787642314214281 0.4880900768512751 0.3766456027987033 0.46229812484494603 0.4396356298062756 0.45712421061209624 0.4417543650436073 0.48291604470609517
76 0.43333624393631 0.4877354365385491 0.4310731467817277 0.5067455369158862 0.3756602345118836 0.5001491217741895 0.37792340033854543 0.48113910092038575
28 0.5692312087531946 0.46517109745771046 0.5691070655565227 0.4729793736159436 0.43873741977176905 0.47090608537502154 0.43886163437503 0.4630978812500135
67 0.4836295871280072 0.6206672433029823 0.4839029444035532 0.6457653267133767 0.4336630669706665 0.6463122542856329 0.4333898327275847 0.6212142922679695
28 0.5989646464684029 0.6294679311907175 0.5987126982412292 0.63557256496165 0.4876435825170802 0.6309883694630564 0.4878955930803386 0.6248837999889318
76 0.41780280810678505 0.6795397868757437 0.4263282962659787 0.6388137296516986 0.463596733618715 0.6466143862549844 0.4550714247252472 0.6873402871098935
76 0.4525848685358369 0.7331917751592512 0.4307017047574391 0.7478700972059855 0.40443027167191303 0.7087094328160813 0.4263132715627762 0.6940311861494989
76 0.4022666796508929 0.6829900480080509 0.39211321602431326 0.6936501745870112 0.35567950423762795 0.6589528111422785 0.3658329189760252 0.6482927396284345
67 0.33323999101389745 0.5706496294865891 0.34734798951978973 0.5499122194677544 0.38565119379859425 0.5759679324920639 0.37154328958058613 0.5967052585727254
25 0.2406777743821067 0.4256386287749648 0.24108027226372997 0.41706045951496845 0.3215665427565 0.4208365708062522 0.3211640913722249 0.42941469562357804
76 0.36690516738565293 0.4192315348154075 0.36019486436839543 0.44800208567685623 0.29232296680231684 0.4321726566240299 0.2990333592863408 0.4034022360217633
28 0.23875927535118535 0.42145817280101594 0.23833820073195966 0.4269712249294025 0.18235193281725515 0.4226952340132797 0.18277302564661113 0.4171822017145122
76 0.34552312387688744 0.37641128562575554 0.3739103645027626 0.3910164292149839 0.3565546334142482 0.424748183247077 0.3281674156249892 0.4101430734375102
75 0.30549571372193896 0.39272564404892013 0.3098758069077121 0.37421453121694565 0.3586931252857539 0.38576510440063455 0.35431309573573344 0.40427616212746437
75 0.36490094514033444 0.3584702461136472 0.36490100297658046 0.3814778729530989 0.3073748160809373 0.38147789753980094 0.3073748328512238 0.35847034575181325
67 0.3843074162286939 0.35733874882854405 0.383855104701297 0.3781187278463137 0.35164011050164845 0.37741749483337433 0.352092458697598 0.3566375533053647
76 0.36028098849192247 0.33011184410323613 0.3778117117529973 0.29575139459539296 0.4087881680970895 0.3115551269997529 0.39125751299388867 0.345915518122238
76 0.41375537862711553 0.25756783612696343 0.43131826031503806 0.2671300349918078 0.4148412294651962 0.2973926687109924 0.3972783575986796 0.2878304838036118