75 0.2593034768497091 0.5659973789718395 0.2813357045088196 0.5440017140913406 0.31041637317252935 0.5731279228325363 0.28838422431692834 0.5951235089236746
75 0.3073010627210806 0.565820016126516 0.31440426990650394 0.5714931634985468 0.30257063133649353 0.5863082637867024 0.2954674326172153 0.5806351258502017
75 0.3406165620624506 0.5783265451051394 0.36526634220979304 0.5832482955808809 0.3579110438633961 0.6200821094990766 0.33326126861982175 0.615160375891611
75 0.3851078008422064 0.5985934728827916 0.39266078737296084 0.6032337070106831 0.3839490329136197 0.6174123742937154 0.3763960518380145 0.6127721473156547
75 0.40037829062499997 0.603145346875 0.40546845 0.603145346875 0.40546845 0.6168009546875 0.40037829062499997 0.6168009546875
75 0.3010069640824895 0.6089285677155123 0.28894152625048264 0.6300367731309233 0.24694321234358085 0.6060331606689714 0.2590086511248728 0.5849250500147386
75 0.3473729895061979 0.6295338594707481 0.3366805483660755 0.6597514322671035 0.29297273849556404 0.6442872696317338 0.30366524374994697 0.6140698328125244
67 0.34441067997090613 0.6538328943973143 0.35066699443484595 0.6388431458044392 0.38212290407739147 0.6519702835544282 0.37586664961452243 0.666959981276368
75 0.3422050223742872 0.6359188011566549 0.3509456755678002 0.6389105518484068 0.343463997642516 0.6607661206588741 0.33472334773500734 0.6577743767937879
75 0.37929048281250743 0.6732441281250099 0.37289570554025886 0.6705689357629819 0.38089455701049246 0.6514510932369754 0.3872893107737809 0.654126280017461
75 0.3968300156152509 0.6710609444898548 0.3874702337268445 0.6725559805999383 0.3844740518641174 0.6538005644796238 0.39383379843752664 0.6523055312499988
26 0.43019209584508644 0.5894897396358879 0.4125523473278463 0.5912507903995774 0.4064977360458215 0.5306090487095066 0.424137303402631 0.5288480070267266
75 0.4849438006086757 0.631924037330554 0.47730021514939835 0.632534500995023 0.47573238952884367 0.612905981383973 0.48337594652616644 0.612295518863098
75 0.48153239375005796 0.6140434999999936 0.48856652735923944 0.6132409448714832 0.4903694151257696 0.6290408213822793 0.4833352817213381 0.6298433753027624
75 0.5093432622986711 0.6168896400453726 0.5149960692347122 0.617453974269951 0.513074075729719 0.6367038549958837 0.5074212689478372 0.6361395218138124
75 0.5223979138748973 0.634357625 0.5151863428851584 0.634357625 0.5151863565645272 0.6163006249999998 0.5223979026827692 0.6163006249999998
75 0.5457748614412594 0.6276753668811549 0.5413170007007011 0.6275058273623602 0.5419785992304469 0.6101120857608243 0.5464364453124517 0.6102816249999996
75 0.5512273012247988 0.6296629222384793 0.5443504582942751 0.6280152409593875 0.5490518642695861 0.6083955952499933 0.5559286820999887 0.6100432733889828
75 0.5680711322924026 0.6245767502080417 0.564846492715219 0.6243192101893863 0.5660484257734879 0.6092717103464087 0.5692730562500401 0.6095292500000002
75 0.627508557141482 0.6393750485164569 0.6072486705460278 0.6440944505496219 0.5985452232851003 0.6067356640108523 0.6188049679996084 0.6020162791968042
75 0.6520114670014436 0.6273609727805184 0.6356654096543934 0.6310163794275592 0.628648487499845 0.5996418956259961 0.6449944500000129 0.5959865000000066
67 0.6529132867945009 0.6320478876715193 0.6398663117939805 0.5844123483437178 0.6770823461865803 0.5742203456481674 0.6901294257162363 0.6218557152352169
28 0.6606195208514691 0.5809389975291184 0.6567042770819853 0.5811095627311743 0.6549013931794434 0.5397289380390548 0.6588166093749805 0.5395583734375022
28 0.6600185359375246 0.5245108734374996 0.6649426857519529 0.5239814544152591 0.6703033981860926 0.573837199393462 0.6653792487275041 0.5743666161947975
28 0.6741504448241358 0.538666622340878 0.6801335748348265 0.5390648382090766 0.6771287674810083 0.5842073378685827 0.6711456376201568 0.5838091235408585
75 0.6882638287651162 0.5989959953766643 0.6841174044955096 0.6006518080903372 0.6787087323516516 0.5871090589632548 0.6828551468749993 0.585453248437511
75 0.6900667078125 0.5854532484375 0.6960763421875 0.5854532484375 0.6960763421875 0.6020055 0.6900667078125 0.6020055
75 0.7261877459245625 0.5868788377360727 0.7206842267951288 0.5824833267741284 0.724321625000016 0.577929498437494 0.7298251404801022 0.5823250071265293
75 0.706428058291408 0.638832537353542 0.7219177703125297 0.6275862499999775 0.7348173291785542 0.6453508449680825 0.7193276377149687 0.6565971081627104
75 0.6828551542615742 0.67272875 0.6750426162660688 0.67272875 0.6750426318458267 0.653919375 0.6828551400565175 0.653919375
75 0.6466882773474936 0.6785697852465948 0.6345956173071272 0.6604614451527278 0.6479843930776497 0.6515217120101923 0.6600770469667623 0.6696300224588656
76 0.6473328812101045 0.6653718459739406 0.6434678923982347 0.6499377880199901 0.6727060163191254 0.642616931238628 0.6765710356141881 0.6580509427304535
75 0.6365809729398961 0.6779953734118515 0.6317141896745397 0.6787357240236022 0.6293103401935696 0.6629358493993703 0.6341771078124339 0.6621955000000034