28 0.26030412319710194 0.6003099807070719 0.25469962856334405 0.6004283376616694 0.2526269051571717 0.5022868663363877 0.2582313054658698 0.5021685103919261
28 0.2649940680795453 0.5965167438955339 0.2596090867638168 0.596025356747698 0.2681811970601302 0.5020954319519731 0.27356609302592005 0.5025868151545214
67 0.2708593146248859 0.6466220949015579 0.24955513713575783 0.6478818001945703 0.24705129120673064 0.6055401535166461 0.26835529602738006 0.6042804533568625
28 0.27157095803477205 0.6004102034239925 0.26717686155473075 0.6002072147719579 0.2695032919506275 0.5498526170676996 0.27389734927135123 0.5500556048074163
78 0.23035829235504934 0.6029675438395643 0.28417932563218073 0.594127520303097 0.29674571782902603 0.6706268592479728 0.2429247004744184 0.6794668164337403
78 0.288257866121171 0.6002472853525295 0.34182301910686874 0.6007271710073774 0.34097678708917556 0.6951724770438534 0.287411634170212 0.6946925958651965
78 0.3326757696898994 0.626292358133848 0.37064371004635177 0.627276521820814 0.36832443413686633 0.7167397144111521 0.3303564941273862 0.7157555597253397
78 0.3700026315430023 0.6426477988496314 0.41246192097332823 0.6477593653411811 0.40250563522636185 0.7304497634087851 0.3600463538120948 0.7253382415002004
28 0.3814179934746562 0.5521157965738055 0.39234729540157787 0.5523228264862141 0.3905086050004911 0.6493786999437249 0.3795793031249559 0.6491716718749992
78 0.40915044750659035 0.6618816737428114 0.43972470122582763 0.6657674886822459 0.43011674403908273 0.7413534277769643 0.39954249621223425 0.7374676445087673
78 0.45646413664667307 0.7506485214012829 0.4289025657270713 0.7474401822554395 0.4383362688353145 0.6664141088118366 0.4658973597474869 0.669622419744891
78 0.5034868901334448 0.764572503764544 0.4600881612230978 0.767487047746939 0.45309877078204863 0.663421421464745 0.49649651835352415 0.6605069105479933
78 0.5020326366264953 0.6755897834872675 0.5497912520839918 0.6751285986301901 0.5506711315716757 0.7662317187526247 0.5029125161760248 0.766692898995669
78 0.5498035137171655 0.6702616173344633 0.5809565190388639 0.6728859850211254 0.5737659179749244 0.7582302827188967 0.5426129157101514 0.755605939542283
78 0.5734927042784648 0.6605718242638517 0.6044305991300689 0.661395420211942 0.6018062525123469 0.7599627031453962 0.5708683580497791 0.7591391160188206
78 0.5944780553096507 0.6761564580715367 0.6245570217862451 0.6709517150946638 0.6402010671259859 0.7613472056806213 0.6101221139609834 0.7665518964428506
78 0.6743677016416996 0.764539388246879 0.6378359051878988 0.7707239261834791 0.6216147668386611 0.6749195595719405 0.6581457966227617 0.6687350881868731
67 0.6602976657520685 0.7348006172285206 0.6417057333754883 0.7383835206340025 0.6317302800840707 0.6866276985050318 0.6503220061065349 0.6830448155362496
67 0.6689914859375676 0.6947132749999957 0.6809018982569341 0.6936358953011799 0.6844991098803348 0.733396913036592 0.6725886981901112 0.7344742880561419
78 0.6611021903960363 0.6516284762229235 0.7200643161215794 0.6499203509569852 0.7234866731654392 0.7680379674362429 0.6645245485539135 0.7697460708379686
67 0.7649721501707063 0.72980270625 0.7293008619524244 0.72980270625 0.7293012071229441 0.6417058359375 0.764971833066852 0.6417058359375
28 0.7410686577992465 0.5259853653633391 0.7520375056392368 0.5265255919462292 0.7457859770812547 0.6534448110283991 0.7348171296875989 0.6529045906250027
9 0.7319875088933259 0.9092442607446327 0.7041563100017356 0.9102027049956862 0.7002493958127616 0.7967678931079649 0.7280797862024428 0.7958094626575114
9 0.67443788656783 0.9441986475614325 0.6471459421238706 0.9453845321720372 0.6413043528071967 0.8109656893125803 0.6685953230917221 0.8097798258067906
9 0.6108697596292814 0.8152433452665453 0.6311551461276395 0.8143351919083508 0.6367691840277985 0.939707483290383 0.6164837985397753 0.9406156214637504
9 0.5486009674679053 0.8017950875962065 0.5746212528392789 0.8011543873398062 0.5776725741284281 0.92504836737201 0.5516522891854265 0.9256890572074361
9 0.45319731283996134 0.8005827313262905 0.4837606214292691 0.8007992917316149 0.482865737600946 0.9270672071025188 0.4523024290303965 0.92685065028689
9 0.4009556362325384 0.7970688128786647 0.4328960560894757 0.7993158838785036 0.42266592908697476 0.944697401012191 0.39072551378558273 0.9424503731853697
9 0.38218181978766097 0.9494255363546168 0.34708151044947044 0.9478541469116712 0.3537103967720441 0.799833435674546 0.38880934499059094 0.8014047949399955
9 0.2888346525488714 0.7548516213787841 0.32266254242449577 0.7592613671515308 0.3050101029728012 0.8946492005461264 0.27118222730348407 0.8902395301338665