75 0.5791730927534218 0.7070333679849474 0.5791732295945167 0.7383232953776055 0.5129582639933687 0.7383232365260531 0.5129583549610288 0.7070335371153585
67 0.6020007490839134 0.721261239850393 0.601302435090247 0.7398791069086338 0.5794934973107502 0.7390611951820789 0.5801918546875413 0.7204433734374514
67 0.6015768727165778 0.6599947480745463 0.6147786488896827 0.697897655602672 0.5392190505884855 0.7242111506877942 0.5260176506807284 0.6863085623230137
76 0.5568406080458317 0.6574251065938339 0.5565156936855828 0.640763356712728 0.5851152696639019 0.6402057020439661 0.5854402301905566 0.65686740480967
76 0.5801918020224548 0.6206138256945053 0.5801918695043469 0.6365071275197474 0.5292573702239451 0.6365071811438546 0.5292573802375955 0.620613956814349
76 0.5739703587639724 0.582585330617923 0.5791559668876971 0.6180337800785909 0.5218105289224013 0.6264214188468329 0.5166251318406694 0.5909731588769696
25 0.4823720968888665 0.6110763498530114 0.482457058849036 0.5982033622601739 0.5731458769253095 0.5988015710013275 0.5730610233166544 0.6116744502268123
28 0.38745621504381234 0.6275278724379768 0.38686201784730656 0.6212749746656219 0.5130773091871106 0.6092815106554307 0.5136715732166977 0.6155343354601467
28 0.39349157031244886 0.6155338281249946 0.39325615298639605 0.6104628785796464 0.4862374819741717 0.6061462554248281 0.4864729410695645 0.6112171616636665
75 0.5699663488563829 0.3944185928354083 0.5698061376626811 0.4002519161012321 0.5248967687342656 0.3990184731133592 0.5250569953124113 0.39318516562499534
75 0.5409394007969013 0.39357835958417076 0.5409394182869391 0.38331669542052255 0.574615095121203 0.38331673374229963 0.5746150980841094 0.3935783773790436
67 0.5871054893593737 0.38484396902248375 0.545157258076415 0.3891457137345216 0.542620736310937 0.36441131915511665 0.5845688496983712 0.3601095805255486
67 0.5270341605411204 0.3644539463707741 0.5261508540971818 0.3439202998078596 0.5890527137862591 0.3412144435815597 0.5899360866595771 0.36174802073366585
28 0.5478331123008502 0.3429902508263318 0.5475228286629772 0.352007076500852 0.4429344460743323 0.3484078538926842 0.4432447774798902 0.3393910780877267
67 0.5173320879686116 0.3138287890680328 0.5184143873667608 0.2827539464721101 0.592982306549743 0.2853508863218669 0.5919001160799553 0.3164256252607656
26 0.5538509100689453 0.2588057281604569 0.5509639314193464 0.29264308386114657 0.4099282238956903 0.28060983343589657 0.41281537952318104 0.24677267915050344
67 0.6005589982603396 0.30364196812859645 0.5965815378663137 0.26285179633715217 0.689888935762724 0.25375348761961186 0.6938665395857697 0.2945434957392846
28 0.7858746787277369 0.2413404887216837 0.7886187570450147 0.2576618024296374 0.6794154735229085 0.276021306434356 0.6766714749995799 0.2597000624999652
78 0.6043352496178613 0.34774985133856356 0.6035038568430764 0.30170366956492656 0.670594695858199 0.30049229997983073 0.6714262379542788 0.3465383300426539
67 0.670991804384812 0.3102424061007065 0.6670858496624987 0.34228740161865 0.6294774403244219 0.3377034015126207 0.6333834463093808 0.30565846521474277
75 0.6703462054094871 0.3480114198967248 0.670346241196512 0.3572631247435229 0.6174440399930745 0.35726323371267216 0.6174440304894233 0.3480115550186091
28 0.8033262399204659 0.2904380647507802 0.8078690158818063 0.32058129948457115 0.673842853463384 0.3407788329892414 0.6693002986859256 0.3106358000839837
75 0.6293011007879841 0.3870376988530047 0.6290408508820065 0.37956457998211063 0.6718099976562826 0.37807518241324384 0.6720702654994284 0.385548282555567
75 0.6239239823319167 0.379283184549602 0.6235258114468252 0.3731582681342137 0.6582120180279389 0.37090344452590535 0.6586102002014513 0.377028348753204
75 0.659387018785992 0.599969856548274 0.660096932618444 0.6087051055549971 0.627215192584913 0.6113770346607484 0.6265053072311275 0.6026418121755986
75 0.6510387282369265 0.6132216506654075 0.6508360723546502 0.6186250958737377 0.6211480508236491 0.6175117270799035 0.6213507211588194 0.6121082969109314
67 0.6097653717835101 0.7141711235444566 0.6166102994513949 0.6662132331285782 0.691501612020943 0.676900712682674 0.6846571122558771 0.7248582172889011
28 0.7932858977557089 0.7379362933735792 0.782385444298825 0.7608049367537524 0.6659004654341061 0.7052896941806747 0.6768009943637026 0.6824213691716295