67 0.36313136875 0.517090009375 0.40151664531250003 0.517090009375 0.40151664531250003 0.5798676453125 0.36313136875 0.5798676453125
25 0.3746882265625 0.477749359375 0.38129214375 0.477749359375 0.38129214375 0.523786290625 0.3746882265625 0.523786290625
28 0.3817049211562562 0.48109749763011905 0.3776810639511723 0.4811987254445877 0.3756173522285735 0.3991692834840849 0.37964116406249104 0.39906805624999914
75 0.4968591896856651 0.6040851768268722 0.49197868196324634 0.6042188627642161 0.4911513439066084 0.5740178143719671 0.4960318252593652 0.5738841287953067
76 0.4997987265653592 0.5689654836444699 0.5150368411326554 0.5698323851475809 0.5122334136917743 0.6191049298203245 0.4969952994479172 0.6182380321891225
75 0.6128420371001084 0.5145789041909361 0.6225551361885664 0.51594723506878 0.6182767470065755 0.546314815974942 0.6085636486270687 0.5449464884881748
75 0.6349557400302501 0.5057589600462543 0.6416520163252244 0.5052086804196338 0.6438551606279361 0.5320162652535038 0.6371588844776852 0.5325665437093811
75 0.6385161509514319 0.504874810883957 0.6482435213300732 0.5024767120301437 0.6560017437180932 0.5339437266790488 0.6462743755351994 0.5363418193884575
75 0.6950971839506792 0.6720287530473095 0.6770486278929866 0.6715053051005044 0.6780096711125907 0.6383749747933295 0.6960581078111545 0.6388984210078347
67 0.6387605931296321 0.6960199270073949 0.6217890482982966 0.622802492216508 0.6724523728520353 0.6110604867317221 0.6894241787723558 0.6842775416284033
25 0.6625918035691711 0.6846363587908545 0.6707832262527518 0.6825758532606513 0.6833801365977479 0.7326466182742446 0.6751887180977292 0.7347071123070796
75 0.6838378109624728 0.7153835901618147 0.6764114299393214 0.7166571359395674 0.6693911842604621 0.6757261558293703 0.676817501562482 0.6744526156249985
75 0.669439608571679 0.7171278620179595 0.6617185986547156 0.7191580969602918 0.6538372764115365 0.6891897695108836 0.6615582377608007 0.6871595412786071
75 0.626049878125059 0.671104474999992 0.6332764375632678 0.6696042910870461 0.6391325929897675 0.6978100982466956 0.6319060349289884 0.6993102776598915
75 0.6208747344618359 0.7034897476658212 0.6036161851432098 0.7040765822546353 0.6012891509145675 0.635645139168896 0.6185474596171616 0.6350583086719684
75 0.5786408128491303 0.7131969491586991 0.5658966600129816 0.7151961726667548 0.558649594192957 0.6690058425487573 0.5713936232415335 0.6670066289620834
75 0.5435198923020153 0.6743019532044935 0.5571315751307111 0.6722886618147632 0.5644284005686586 0.7216146579276367 0.5508167200509888 0.7236279386448053
28 0.6735022205263022 0.729112145052468 0.6812675242555315 0.7262290283096544 0.707283568549542 0.7962878318150326 0.6995182778092612 0.7991709236150861
28 0.6702141080263573 0.8276299654467962 0.6572525950640511 0.8296394943678318 0.6363431210108956 0.6947962251694056 0.6493042387659216 0.6927867270568555
75 0.376643611780878 0.6550042391026452 0.388099590187835 0.6596254927459605 0.37271611212679545 0.6977555089817163 0.36126014457420297 0.6931342748843282
67 0.386215268904607 0.6454841094342029 0.37401019806009117 0.6737411397692824 0.32285959510613793 0.6516503447599726 0.33506471406246874 0.6233934718750096
75 0.3846977978762425 0.6625514411658302 0.39777146669223384 0.6646023638341072 0.3913316297782785 0.7056475198955671 0.3782579630260443 0.7035966061076564
75 0.3065276893532882 0.7290529755898683 0.2580547368961561 0.7145430624781748 0.2787589209842736 0.6453885593033396 0.3272311812620501 0.6598983611366365