67 0.27585706603531435 0.5484343988495993 0.3049795022233184 0.5061765501000605 0.348632861361466 0.5362581469246639 0.31951063241490374 0.5785158109891354
28 0.29985827125722153 0.37822827410440907 0.3278776583471199 0.379520403219857 0.3216190735636246 0.5152280114531427 0.293599687351616 0.5139358942893711
75 0.33511004665501787 0.5218925247521345 0.3591226183719982 0.5250601063119327 0.3522921961097154 0.5768349948206042 0.328279627076995 0.5736674271180991
75 0.6342834154174852 0.5921489171875 0.6283325068176282 0.5921489171875 0.6283325189024254 0.5692369703125 0.6342834033326881 0.5692369703125
75 0.6353682833265566 0.5687747206028269 0.6400711222164546 0.5685420843245783 0.6411296065953138 0.5899376178199351 0.6364267677381577 0.5901702536584017
75 0.6643211224615015 0.583541400704277 0.6577995597950803 0.5834146633159847 0.6583926771397728 0.5528984954953371 0.6649142053736341 0.5530252325490366
75 0.6663815054837414 0.5460427883772274 0.6735626437504152 0.5462204047974487 0.6727129778087146 0.5805696358728009 0.6655318395609129 0.5803920199762409
75 0.7147599152556268 0.5583494988962533 0.7061637229935513 0.558934195386611 0.7036318631616041 0.5217138157187347 0.7122280027100487 0.5211291210304707
75 0.7291506395572469 0.5397790349085655 0.7176618995752051 0.5519844803534624 0.7015053496118071 0.5367779688219108 0.712994070435002 0.5245725456673698
67 0.7070332201601559 0.6205734442608477 0.6897138830098584 0.6028127257505655 0.7203794943324056 0.5729125166832877 0.7376987662678403 0.5906731658562544
75 0.7020212649289306 0.6346603699910811 0.6952227942126683 0.6348658838386732 0.6946989979022646 0.6175401994944858 0.7014974461682186 0.6173346859863524
75 0.693399494756477 0.6347217358235462 0.6891583292026553 0.6348755854150461 0.6882979833837908 0.6111609682583018 0.692539129835609 0.6110071190138697
67 0.6791952626396096 0.6015529683561678 0.6939092759816958 0.6260722212750245 0.6510392944666137 0.6517952830654313 0.6363254153220623 0.6272761468955256
67 0.3665013197926328 0.6095037209595143 0.34936337723195265 0.6440854475907289 0.2928769337174799 0.6160950285512344 0.3100149124912832 0.5815135064877411
67 0.24929122013338656 0.5690677538054156 0.2659293002116101 0.5516315950150975 0.298023717938122 0.5822539839582682 0.2813857070694894 0.5996900749164997