67 0.548437061458344 0.7241394026059106 0.5061757842430552 0.6950216613547496 0.5362562881913391 0.6513696873548308 0.5785172284636246 0.6804872665847049
28 0.3782277892772754 0.7001416059412604 0.379520520938172 0.672122147152563 0.5152281455485763 0.6783815916001414 0.5139358303271138 0.70640065189674
75 0.5218922613878476 0.6648898488163528 0.5250607171318507 0.6408772674394125 0.5768356710816533 0.6477079991745822 0.5736673540097854 0.6717204552907244
75 0.592148917187501 0.3657165814164606 0.5921489244072973 0.37166748536853217 0.5692369700994959 0.3716674961520106 0.5692369705365081 0.3657165998732613
75 0.5687747273658488 0.3646317137707229 0.5685420635624041 0.3599288730882121 0.5899375998907317 0.35887040328502157 0.5901702689504873 0.3635732384157018
75 0.5835414023553085 0.3356788723702121 0.5834146574419492 0.3422004230261195 0.5528984864445192 0.34160733857980274 0.553025241415412 0.3350857981733254
75 0.5460427824771159 0.33361848905305025 0.5462204318656632 0.32643734257570944 0.580569643372769 0.32728703265110026 0.5803920067039599 0.33446816669909274
75 0.5583494712000174 0.2852400869576352 0.5589342457775501 0.2938362629758672 0.5217138359331557 0.2963681653276271 0.5211290764269734 0.2877720035423674
75 0.5397788186725165 0.2708496292978231 0.5519848802753131 0.28233767822216044 0.5367785490428787 0.29849400996221087 0.5245724982218007 0.287005972083879
67 0.6205736291906305 0.2929669417689442 0.6028117772922315 0.3102850849449793 0.5729122203362067 0.27962020444622915 0.5906740376714197 0.2623020937774679
75 0.6346603584347577 0.2979787371228254 0.6348659072900773 0.30477719527489033 0.6175402034418767 0.3053010068769053 0.6173346601549383 0.2985025541308492
75 0.6347217347480409 0.3066005049097507 0.6348756104127915 0.3108416632649379 0.6111609827329403 0.3117020254832454 0.6110071119672966 0.30746087186574805
67 0.6015529305421978 0.32080442927943514 0.626073154317055 0.3060921838322406 0.6517955017212671 0.348961050124353 0.6272753064296239 0.36367325797697264
67 0.609503002924157 0.6335004158497034 0.6440862932621485 0.6506350541613355 0.6160964205063237 0.7071200238832486 0.5815132026068568 0.6899854958771153
67 0.5690691737698899 0.7507073579924934 0.5516308017034817 0.7340715697939735 0.5822521370041613 0.7019781920222352 0.5996904174968449 0.7186138982345733