76 0.29440190689217616 0.45611942009153933 0.25659793193699443 0.45834922728509614 0.2518478391059489 0.37781792508819223 0.28965142748347716 0.37558812933041996
75 0.3155384779099677 0.4336472006748936 0.33160516174757504 0.43404621416940586 0.33084909632361814 0.4644881168221215 0.31478241251477357 0.4640891041586369
76 0.5278490084444911 0.516283239688582 0.49488283909465736 0.519394302599044 0.4897700699257257 0.4652199632879562 0.522735972131386 0.46210891309203117
67 0.6175576611855149 0.498612259881968 0.5958890190954662 0.49878854592280264 0.5953199151446142 0.42882630079917666 0.6169883437499948 0.4286500156249999
67 0.691695605027121 0.4806201920304278 0.6422228895396529 0.48339927746404815 0.6384135476142774 0.415586050111916 0.6878857976397512 0.41280697792831783
67 0.7375508269764168 0.4320265665360145 0.727528370142295 0.4730135657543881 0.6974870321419075 0.4656680039818407 0.7075095470862607 0.42468109075186794
67 0.6782150879754454 0.48117571135759374 0.7105723084348483 0.47754021102491057 0.7203657152042524 0.5646980115189522 0.688008499042212 0.5683334864748122
67 0.6852600259643395 0.5413168275814053 0.6534713879608489 0.5447260980547266 0.6481324176687622 0.49494749280393524 0.6799208080012704 0.4915382356766445
28 0.7114982021546439 0.5323405239889344 0.7216657799867789 0.5290827214108941 0.7553246550811537 0.6341213741666419 0.7451570916977062 0.6373791448061714
28 0.7233055092898439 0.6599922700152088 0.7178036365389744 0.660784331410749 0.7033785694231938 0.5605951962690023 0.7088803419113674 0.5598031421237115
67 0.33534558016117444 0.5422983568097939 0.3012632674899578 0.5382775594734214 0.3076604989187217 0.4840568410549706 0.3417425251337818 0.48807762137782545
76 0.3048276222931463 0.484954308975031 0.28956290286203057 0.5173696724054202 0.24965951106423745 0.49858007075401123 0.2649242546875712 0.46616481562495693