67 0.4502483309299805 0.6755887446944797 0.4502487164511422 0.7121233556366882 0.3396895352379943 0.7121237425883906 0.33968957635022434 0.6755895610822082
78 0.4617082212025707 0.6365337489042695 0.46408493914248083 0.6751230104630455 0.34730281937333984 0.6823138015893453 0.3449265793677796 0.6437249935072777
28 0.2291306374982014 0.6865494906249932 0.22974873112980276 0.6777970419003816 0.34804656399319356 0.6861492542084818 0.3474285856851793 0.6949015948586369
9 0.35603647295977225 0.6469043234210754 0.3551090959664407 0.6691701230938824 0.25993263923555787 0.6652059585616863 0.26086021880507815 0.6429403707535345
76 0.4062314374523339 0.6427972722769842 0.4027100265697072 0.6159452471826473 0.47246300440872346 0.6067986686953235 0.4759845672095935 0.633650514571475
78 0.4696483953795223 0.39631518672780136 0.4728754906333279 0.42121533022480256 0.3712652952328881 0.43438307124591974 0.3680383781780847 0.40948308928946897
78 0.36227208884838547 0.40189789506040713 0.3614693809728351 0.37242096019489956 0.4652283999419069 0.3695952763169028 0.4660312828403903 0.39907203350925424
9 0.24858174278722345 0.4371196260210263 0.24704766564434522 0.4161051470851272 0.3659604383357191 0.4074245101071106 0.367494663823436 0.4284388270294586
9 0.3629329622202704 0.379981155538201 0.3641992310464275 0.4023288481811258 0.23055935411355222 0.40990021027428936 0.22929327425970314 0.3875526978985284
78 0.37382727922158665 0.38202516347657467 0.3660766984426118 0.33746671987232485 0.4344973656009188 0.32556586930692416 0.4422480778306408 0.37012414928614534
28 0.25311284062490813 0.3410318671874441 0.2538892525188885 0.3347352195929339 0.37226675486681415 0.3493309041521889 0.37149038629797815 0.35562751287853445
28 0.25184833251228156 0.3682508209730996 0.2516120394440122 0.36024188554688 0.3611573727115456 0.3570097036950085 0.3613937128376392 0.3650185907692029
75 0.45572841108059947 0.29504488022272374 0.4556210263953062 0.3005038614793581 0.43297929657376244 0.30005846898058314 0.43308668674580986 0.29459949332080554
67 0.4908168471956742 0.32546134752785794 0.4818829671835374 0.35016571751747944 0.4213355338620204 0.3282704355752069 0.43026945013457407 0.303566143731975
78 0.5184999559224934 0.37149915086720653 0.4627485490076424 0.38301944349373884 0.45397203262587027 0.34054731261296756 0.5097231840096583 0.3290270473256635
25 0.5576362466141518 0.32504955320949674 0.5600047242278379 0.3342175141045176 0.4774985470618276 0.35553145734337904 0.47513011643502523 0.34636353683792154
28 0.6303244248679221 0.3338622468091172 0.6309389461397359 0.33628583098409237 0.5787052524809724 0.34952958370211623 0.5780907390625316 0.34710600625001575
28 0.5521922571082314 0.33041276712226036 0.5508755296549452 0.32688994228013357 0.6046943901450277 0.3067746247117747 0.6060111217755093 0.31029743959863876
28 0.6151087396007142 0.37105119095068234 0.6143633766951098 0.3676528942500607 0.6943876359677006 0.35010139615771385 0.6951330096551374 0.3534996773028204
25 0.5005286884204452 0.39201895910092677 0.4991284833552072 0.38312173369097025 0.607997229282887 0.365988901061135 0.6093974799675834 0.3748860698285186
75 0.5349879133816557 0.39838679955247897 0.5358402672952707 0.40560787520617814 0.5113418066034683 0.4084994305695589 0.5104894646952971 0.4012783658458384
76 0.5287853464818681 0.3717284562070438 0.5315433100886366 0.3905040248579909 0.48258310675248595 0.39769540690422134 0.479825203789801 0.3789198924306665
75 0.5413626928578879 0.37104153799175854 0.5420525810086474 0.37792992973856193 0.5227406079769708 0.37986397158633867 0.5220507281250093 0.372975587500017
78 0.5811978592739706 0.5679790542391663 0.5786930928613856 0.5920932482225891 0.5107837985889319 0.5850398877469051 0.513288692185256 0.5609258383436236
28 0.5436921113885091 0.5813235136739151 0.5438046051502852 0.5729111584528305 0.6315373088061733 0.5740839485457176 0.6314248808588445 0.5824962386749516
28 0.5992985968749736 0.6111369390625424 0.6006932117173847 0.6042569569451963 0.7206611352731898 0.6285718167391748 0.7192666113729729 0.6354517190447807
25 0.5207680947986546 0.6016208756879111 0.5219813579864194 0.5909931492552915 0.6071014823710357 0.6007091348048219 0.6058883105101813 0.6113367777536957
76 0.5030285634400116 0.608143351294662 0.5073145346848378 0.5809126047048612 0.5487354678568863 0.5874313092573881 0.5444496131307233 0.6146619518919837
78 0.472279856083901 0.6478310276688426 0.48433882044787424 0.6014839901227833 0.5938364478754465 0.6299702303980965 0.5817780762031362 0.6763167587071303
76 0.49284412345514284 0.7103914790573385 0.45650940351049485 0.692851320182177 0.48161989886000356 0.6408423515528057 0.5179542500000025 0.6583824046874929
9 0.6783022231546738 0.6500929384729489 0.6746915310498025 0.6731983395995965 0.5808780627249917 0.658539326273971 0.5844889322019071 0.63543414016313