75 0.548992364896776 0.7253163773825696 0.547651624524633 0.7386675718588213 0.476276009487151 0.7315008175466443 0.4776168437499564 0.7181497296875001
75 0.4745443428843146 0.7152299867949111 0.4752470546480936 0.704035968923399 0.5254142857969555 0.7071846384992606 0.524711638413919 0.7183785956612015
75 0.5351732293192981 0.6777921459426206 0.5346910879738971 0.6902751763074508 0.4966298387050756 0.6888052159672532 0.4971120275033627 0.676322235043134
67 0.595576347939641 0.6369220331312833 0.5975339603621705 0.6720037265717624 0.5096455748903281 0.6769068601628978 0.5076882870750978 0.6418254760252488
28 0.457929176002267 0.6792939382960944 0.456629506357217 0.6732545438913708 0.5187230870441226 0.6598936515395671 0.5200227849726389 0.6659330075282721
28 0.4409635648456742 0.662816619269811 0.4407875871786473 0.6606803006462774 0.5087410575133617 0.6550832399670097 0.5089170484374108 0.6572195438745977
28 0.432982590624988 0.6492151671875143 0.43285877000880646 0.6477971786645188 0.47947685449344135 0.6437268314204359 0.4796006810012159 0.6451448134259034
28 0.5198247200679589 0.6416321783666962 0.5201430281334751 0.6452768931021655 0.4799189550050187 0.6487893018214972 0.4796006625000473 0.6451446015624623
75 0.6296890439723484 0.39047970318066044 0.628319867639334 0.3809354106984794 0.6577407781055626 0.37671500649506784 0.6591099681329524 0.38625928239418916
75 0.5979891375000079 0.3797133249999443 0.59605458047929 0.36622785597980795 0.6146978188818366 0.3635535008343047 0.6166323877836248 0.37703895547376515
75 0.6034677817480087 0.28223798117179116 0.6032491608669943 0.2892049268515696 0.584335279561401 0.2886114181463281 0.5845539059835119 0.2816444781894288
75 0.5818631589646657 0.2839343352100821 0.578865537426168 0.2762581898186134 0.5927926175322682 0.2708196351286882 0.5957902409899134 0.27849577563534383
26 0.418918806842953 0.3543791537899441 0.42896422965338843 0.3131893630274581 0.5370511324639438 0.3395486679187415 0.5270059906102915 0.38073821527999224
75 0.5190996875001019 0.398250323437542 0.5196682929433791 0.39428676841367094 0.5372553059427219 0.3968096442039808 0.5366867052429143 0.4007731949722979