76 0.2759458277290605 0.4776004851249753 0.32721880365772904 0.4669558759568521 0.33932713957858596 0.5252750727133532 0.2880541791075757 0.5359196334740611
67 0.3353844804421442 0.5373871736890382 0.31118458356081646 0.5348302854703704 0.31833718721350124 0.4671404696268532 0.3425368338403132 0.4696973445018644
67 0.339010695368529 0.553183989705738 0.3339299361820167 0.47927819504265395 0.3908695292433322 0.4753641560840866 0.39595059429746016 0.549269618909927
76 0.4586138734375 0.5257100453125 0.48709327187499996 0.5257100453125 0.48709327187499996 0.5985321015625 0.4586138734375 0.5985321015625
76 0.5079245903597212 0.600176269289402 0.4804314611078553 0.6016031753793604 0.47742296262015316 0.5436397265217389 0.5049158142082888 0.5422128276555572
76 0.53497172473908 0.606902453125 0.5250657738799873 0.606902453125 0.5250658431965576 0.5315692906249999 0.534971664844079 0.5315692906249999
28 0.4741920965752797 0.5128338488893932 0.47064912902840206 0.5127226803086291 0.47390538142349214 0.40895313510443526 0.47744829727662363 0.40906430287266543
76 0.5382987679497546 0.5369457977036558 0.5586100028617693 0.5374343103825199 0.5569468366854835 0.6065782242786715 0.5366356018722627 0.6060897145495632
28 0.5530422016280454 0.4359559389391255 0.5569466422211917 0.4362748279274785 0.548261651223811 0.5426054973894536 0.5443572109375054 0.5422866109375003
67 0.5861775240172165 0.509686306009985 0.6118954320068042 0.5114267495672703 0.6061799048133025 0.5958753712313302 0.5804619981066708 0.5941349401587455
67 0.6234329880275027 0.6177518714936454 0.6234331203983174 0.5573796158575096 0.6687077770098995 0.5573797976227923 0.66870789033851 0.6177518041860898
28 0.5980047453124371 0.5171315359374978 0.5947740790668377 0.5168847426698537 0.6011024924747517 0.4340484692030158 0.604333119424723 0.43429526094844795
28 0.5932618554655846 0.5102789713778915 0.5891134492500214 0.5102045913972676 0.5905349442890611 0.43093043022322697 0.5946833024577245 0.43100480976759475
28 0.6206421453125586 0.5234203046875016 0.6162892060925742 0.5229949123636481 0.6231115025693725 0.453189582315533 0.627464395911602 0.4536149723560979
75 0.6061046321283357 0.5141381890771968 0.6194057738057381 0.5108590541687589 0.6310514778825791 0.558093448149684 0.6177503408673601 0.5613725700467268
67 0.6913424061083333 0.5334991576688476 0.7264686525605839 0.539272182640575 0.7119319723367425 0.6277125157949461 0.6768057366148241 0.6219395364492893
28 0.7071476192871842 0.47084522522064887 0.7098876077423029 0.47115053320896244 0.7021857053734948 0.5402660391548503 0.6994457171875865 0.5399607328125049
28 0.6964358635742656 0.45080136740165 0.7016072149746151 0.4510997496964182 0.6965300293568362 0.5390876646897398 0.6913586781250842 0.5387892843750028
28 0.6900538522194211 0.5422891447251514 0.687846833489175 0.5423053865571962 0.6874187436628745 0.48413789644485994 0.6896257421874452 0.48412165468750024
76 0.431487074284405 0.6775762311050807 0.4423693316474555 0.6785822229451022 0.43973658320282993 0.7070577027126634 0.428854326256328 0.7060517139067619
76 0.5480514747663392 0.7180343739068595 0.5344071600687812 0.7150072035260236 0.541949213268822 0.6810183886190386 0.5555934302957439 0.6840455477562001
75 0.41626694244905593 0.6202071464586123 0.4305331607561129 0.6227393245329953 0.4239263690170674 0.6599571984235943 0.4096601531250599 0.657425029687506
67 0.38470426948413206 0.587939281236556 0.42416871914269905 0.5939483064345581 0.4128032698425841 0.6685825090491462 0.3733388297290503 0.6625735270529881
25 0.3885433926600399 0.7280292402312343 0.3837509842418285 0.7274320467223835 0.3919145882697421 0.6619302626263781 0.39670693001858126 0.6625274519136088
28 0.3840062969874225 0.7243146592708395 0.38774708051755624 0.7250933566211932 0.3799833137084079 0.7623835036162019 0.37624253120270623 0.7616048096237309
78 0.3466308004822167 0.5650469771187255 0.393268145140496 0.5776939832133117 0.37507683971603 0.6447692149524498 0.32843952668031307 0.6321222897812283
67 0.37875003138537977 0.63368764093339 0.34480709127740283 0.6360784296064764 0.3413199860212899 0.586574016443131 0.3752626153758456 0.5841832387269263
28 0.34933125542511334 0.6305548137102889 0.3558904982949116 0.632235193053691 0.3296890991693999 0.7344964844408386 0.323129863111717 0.732816123517513
28 0.36616153217357805 0.6340686232420243 0.37330731561621633 0.6349339443741685 0.36126959899991107 0.734327274648467 0.35412381718754204 0.7334619625000044
28 0.35976199000378983 0.631126540618928 0.36587486014980186 0.6314005266474879 0.36192814966329934 0.7194432897978182 0.3558152796874765 0.7191693062500012
67 0.2965536314770816 0.618126692615213 0.2619411539782277 0.5611015540688538 0.3197237858103108 0.5260329093583751 0.35433624148981835 0.5830577115236675
75 0.3300563210458449 0.6206714496001735 0.30661177647675686 0.6171147414629173 0.31195595334884274 0.5818922725615283 0.3354003471783926 0.5854489690492145
76 0.5102333453125001 0.5560329312500001 0.5187611328124999 0.5560329312500001 0.5187611328124999 0.5940799828125 0.5102333453125001 0.5940799828125