26 0.502731848206281 0.7244806217743697 0.4961292248869995 0.7620945983210325 0.3593004951410421 0.7380788757589468 0.36590356868077833 0.700465483962515
76 0.5065791016048706 0.6839453958619872 0.5622287808461124 0.6732938467242178 0.5713763522259114 0.7210789067377277 0.5157266888737695 0.731730400386338
76 0.5379252152840763 0.6270207978648347 0.5957659408931022 0.6395070250802168 0.5840265447592401 0.6938809952701348 0.526185841853021 0.6813948380059206
76 0.6070742901179074 0.6054635397332969 0.6063321219210138 0.6420022710416569 0.5396815800925197 0.6406483047745734 0.5404239743913877 0.6041098040490779
28 0.4324857626816083 0.6156171340340997 0.4331473426703951 0.6047644817500369 0.55388740745002 0.6121234508670985 0.5532259571049281 0.622975979488053
76 0.6242339179825649 0.5702016248967428 0.6091452229702554 0.6166192661393473 0.5541394544669629 0.5987405468046787 0.5692282747717172 0.5523231461502399
28 0.43190930000002936 0.5845972328124623 0.43249543269882906 0.5761215985053929 0.5565901509602327 0.584701777222986 0.55600411795524 0.593177318200892
28 0.43376146249920566 0.5755669781249572 0.43438238139106033 0.566990161964279 0.5570392113838807 0.5758682934185448 0.5564183907919187 0.5844450181587779
76 0.6689860520330058 0.4843610266813705 0.6689863033396932 0.5182246952549011 0.5874910072687953 0.5182249490930746 0.5874909667459178 0.4843614916672449
76 0.6450757757419296 0.4842525575765981 0.6447721817328329 0.4967069444762592 0.6067703728896277 0.4957805877118172 0.6070740013416298 0.48332623608495373
76 0.6056418790327598 0.4810101405704678 0.6068615281241136 0.4697540938237815 0.6418376865123037 0.4735436444445807 0.6406180688215954 0.4847996624157944
76 0.5871370092777397 0.4818377501911645 0.5876524074302552 0.45066875199106254 0.670252536652697 0.4520343264952209 0.6697373245104927 0.48320314282632854
28 0.4318039725376366 0.49688624454416636 0.43213374834431306 0.4887721763568502 0.5905988926690497 0.49521110799218027 0.5902692177743347 0.5033250800113757
67 0.590176560125542 0.28245918858950053 0.6052250419734264 0.325326111584215 0.5244782551511662 0.35367124280119455 0.5094299822383164 0.3108044968579031
76 0.6229004438147285 0.2694229932287719 0.6542521224349684 0.24691708886521552 0.687597877912367 0.2933681005396687 0.65624624617476 0.31587394955571646
76 0.6622180276282279 0.3661539247775542 0.6562331721642067 0.3219636430255039 0.7437931262777511 0.31010544934900774 0.7497781488578994 0.3542955228552896
28 0.8329067514193866 0.2937001391172397 0.8349587694596039 0.3014743682408364 0.7337205871997412 0.32819531074474056 0.7316686140625279 0.32042112031254977
28 0.8512734185813997 0.30920639319098336 0.8538208867075809 0.3207130883339134 0.7474415558817782 0.34426332529476616 0.7448941593750078 0.33275669218750004
75 0.689968547193871 0.3727964847268744 0.6893666634504143 0.36497814859376515 0.7152619221689065 0.36298470560781043 0.7158638163188016 0.3708030303808753
76 0.7177403637865609 0.6271441020884054 0.7165786369408806 0.6417803127285637 0.6644207064967986 0.6376406883064109 0.6655825005748284 0.6230045512855971
76 0.6573480718398059 0.6667371316602284 0.6617746009040957 0.6555741876586891 0.7592334545045105 0.6942144991148941 0.7548070685498942 0.7053773218233996
76 0.7430133035505833 0.6529638843926575 0.7341565489655295 0.695896789245185 0.654625023417907 0.6794917345352669 0.6634820374155197 0.6365591821088725
28 0.7374188515625519 0.6742277203125342 0.7400764620323343 0.665210482914411 0.8179603544356269 0.6881613709917752 0.815302832884413 0.6971785324501388
28 0.7954962865575226 0.7126360873728914 0.793794294578106 0.7173481580570881 0.7544538989066041 0.7031405326417927 0.75615590067639 0.6984284830231685
76 0.6421323059749966 0.6749805652297721 0.6649799254524851 0.7015475453732801 0.6165478227406993 0.7431925981231445 0.5937003969740999 0.7166258011498405