26 0.24356856403051097 0.54751234195729 0.21495118850373274 0.5511144173952804 0.1974174928203638 0.4118226700821515 0.22603428004924808 0.40822063244082835
67 0.33412266015841396 0.5662554706102839 0.3154742739362746 0.566888956049979 0.3139902728266861 0.5232052551872726 0.332638523030937 0.5225717720697473
67 0.3556884835478513 0.5772372533433567 0.3319141922183917 0.5783679075117494 0.32812576962021467 0.4987125950959632 0.3518997505145762 0.49758194832599023
28 0.34152467499995964 0.40139974062500017 0.34714060858152607 0.40138359017250785 0.3474209598997504 0.49886327622394433 0.3418050263187524 0.4988794265676944
75 0.6465148581585254 0.580979252087261 0.6410316589364129 0.5814539760637039 0.6375849288833706 0.541646923900797 0.643068090624979 0.5411722015625042
67 0.6959559378185531 0.5782016597013502 0.649740948851445 0.5875406506956233 0.637327095016758 0.5261141275604146 0.683541608524024 0.5167751862838638
28 0.6646408586551615 0.5247481199767812 0.654677399164143 0.5245547108981337 0.6563899115546974 0.43634493261573515 0.6663532422236358 0.4365383404425111
28 0.6654705500000091 0.4243353312499998 0.6718504950398483 0.4242848309554659 0.6726150914631717 0.5208736500996205 0.6662351464268568 0.5209241500406506
28 0.6741360096077642 0.4440281956809225 0.6843985333387081 0.4445562871727869 0.6799938598630888 0.5301473746612039 0.6697313363910098 0.5296192865319216
75 0.6979256673042755 0.5565811945407552 0.6922378212741478 0.5570964366626059 0.6904220001607655 0.5370530070592865 0.6961098272404342 0.5365377658010323
75 0.7380402385954312 0.542214718552636 0.7304505250381226 0.5432842089367736 0.7264837340410395 0.515135891840371 0.7340734133437081 0.5140664039065879
67 0.7001267208345325 0.6714743957670378 0.6895586469162254 0.6509610507051399 0.7159067432313577 0.6373888029230121 0.726474825501441 0.6579020873448156
67 0.6790566303727701 0.6710408234135676 0.6519519569869772 0.6495648357406986 0.6916327533778031 0.5994904897860289 0.7187372085577408 0.6209663433794937
67 0.6360603035398071 0.6352425229845791 0.6672991471774594 0.6278145230508325 0.6784321795091728 0.6746291131836519 0.6471933480333973 0.6820570775329717
67 0.36008060067285896 0.6389657419025769 0.3397782500167068 0.6941378733383456 0.28401123295452635 0.6736189846089002 0.30431372870430096 0.6184471781016728
25 0.31225381788738105 0.6544065180957476 0.3216862696751832 0.657452661609787 0.30156193128959785 0.719759335963181 0.29212948904910263 0.7167132132964031
28 0.3327360420497598 0.6738968891179424 0.34090099389527495 0.6750125990801616 0.32778075566102416 0.7710139402776779 0.31961580624999897 0.7698982421875071
28 0.3256994797062589 0.6883609105293598 0.33157875263668757 0.6889284906262408 0.3244756097544723 0.7624948957954278 0.3185963374999119 0.761927320312496
28 0.29387421355954757 0.7300436301939184 0.29764575463138954 0.7304468581714721 0.294587358050876 0.7590484016642389 0.290815817187422 0.7586451749999947
67 0.29532622779856865 0.6152568213985578 0.28743301312431413 0.6387091105230231 0.2523385018744193 0.6268988426467813 0.26023175781244845 0.6034466359375275
75 0.2960186476392437 0.6589726496078487 0.29028455777290674 0.6584984028174851 0.2924729055688431 0.6320428122620905 0.29820696562501325 0.6325170578125033
67 0.23800447120697754 0.6336826002813587 0.25742376555683677 0.6252391120685402 0.27047724229259984 0.6552572504762096 0.251057963964854 0.6637007115438543