67 0.28218387223705577 0.5079398256515218 0.27506345245933517 0.5653484580946389 0.22609140396968996 0.5592747839133373 0.2332120202617034 0.5018663839737074
67 0.2689590049405979 0.4976399597131786 0.315665709131963 0.49045524288374487 0.328867873124409 0.5762731770295005 0.28216118053683203 0.5834578426219943
28 0.29984962048854413 0.49906671644567646 0.2920417392996342 0.5002792472840798 0.2785057594838918 0.413122240215219 0.28631354374999773 0.41190971718750186
28 0.30632803210698967 0.4917914831525219 0.3003706254894496 0.49171314272605904 0.3015846459285285 0.3994015018881222 0.3075419782131803 0.3994798418271421
28 0.30395340937502624 0.42501531875000004 0.31185147280609726 0.42463542092327544 0.316059462523981 0.5121137220740332 0.3081613992654866 0.5124936175052772
28 0.3331270343750248 0.41190971718750036 0.3392694808520673 0.411693547769417 0.3423225161316168 0.4984401559545639 0.3361800697249464 0.49865632406304694
67 0.33075294282468803 0.4999673963522303 0.36080579101496824 0.5025925401859648 0.3524170089941663 0.5986194131481074 0.32236416336070306 0.5959942905658033
76 0.35485153575837103 0.5483777591035905 0.37764422449367885 0.5499262760325407 0.3742192175852779 0.6003341369183591 0.3514265295544874 0.5987856268343312
28 0.3755306298199912 0.54608611577589 0.36502419970145183 0.5469957594000374 0.35334088025751953 0.4120613832351681 0.36384710394440845 0.41115174859449294
76 0.6349864156350122 0.5061224665742939 0.6758582470520196 0.5112133399866091 0.6693569236655321 0.5634044103376524 0.6284850962736073 0.5583135588114242
25 0.6568818499224562 0.5492768642011573 0.6461130397066199 0.5485744942089116 0.6516255438983762 0.4640642225093287 0.6623942127062037 0.4647665878516812
28 0.6733728072198346 0.4094133944107477 0.6842645452380793 0.4110738790411683 0.6666056712761019 0.5268975450363249 0.6557139363550277 0.5252370744595153
28 0.650644626562439 0.41315786875000027 0.6610310107846544 0.41291933386663277 0.6636865012496855 0.5285383956429024 0.6533001171014803 0.5287769285419657
67 0.7179694072383427 0.5490051884334014 0.6981886540435198 0.5468549393116438 0.7020104399978209 0.5117008397072746 0.7217910805917427 0.513851082633478
75 0.780979290983737 0.585535762383315 0.7607840323132677 0.5895922807802485 0.7489172417003829 0.5305190452053353 0.7691122984422236 0.5264625477815641
67 0.7301711276934384 0.6569553683805025 0.6715447339342973 0.6594842395291729 0.667738790608837 0.5712490840913959 0.7263642146800748 0.5687202339176293
28 0.7836225118612674 0.7039770680651565 0.7739090922455034 0.7119994310780697 0.7213283921572611 0.6483439388044004 0.7310417093749493 0.6403216437499984
28 0.7591982421249668 0.7420457741959715 0.742236308933002 0.7507968352243923 0.6956978282524915 0.6606061126577192 0.7126594595338247 0.6518551457190256
28 0.6991395169853831 0.7417661274730298 0.6940465688965105 0.7434719546814647 0.6757430467577024 0.688833182120287 0.68083593593758 0.6871273656249928
28 0.685246314779306 0.7732497335403049 0.673365848656772 0.7779185246652115 0.6405415361193718 0.6944056318583152 0.6524217921347599 0.6897368866479745
25 0.677563877234661 0.6764729804540178 0.6660356258108777 0.6795651056581551 0.6434070000746033 0.5952099482459239 0.6549350667545468 0.5921178491517621
25 0.6330676361375254 0.5912778466457476 0.6455477409239165 0.590288659349856 0.6533645037083033 0.6888972320032756 0.6408844000587806 0.6898864097854124
76 0.6234164886606095 0.6473679082430149 0.6195300130260648 0.5945573803322999 0.6757356246279187 0.5904215065072815 0.6796223581546883 0.6432317543511816
78 0.3551768671875 0.6228475062500001 0.3890996875 0.6228475062500001 0.3890996875 0.6640365421875 0.3551768671875 0.6640365421875
78 0.35592126825076775 0.6610593262091813 0.2992957653976873 0.6546918681934443 0.3046100981831614 0.6074400384835223 0.361235085219505 0.6138074672019342
25 0.3656665357966631 0.6345899716966359 0.37699036717174295 0.6355312337552197 0.37029933769963463 0.7160166467263568 0.3589755072771368 0.7150753924802833
28 0.35924747218996345 0.7139626238672624 0.3659593173399571 0.7151145282716653 0.35171186418858724 0.7981166870226044 0.3450000218749665 0.7969647937500016
28 0.33135889460515955 0.6617906201782815 0.34739327344993853 0.665583377227985 0.31659548752236333 0.7957648852957641 0.3005611281249685 0.791972184374993
28 0.3117551641875025 0.6584196698217571 0.3248785323881975 0.6633759929831597 0.28315392552701724 0.7738376200244093 0.2700305906249696 0.7688813609374961
25 0.31379465077839086 0.7055796324461115 0.3008210346438318 0.7019472394059283 0.3225430457648599 0.6243750087699935 0.33551646204398367 0.6280073721632108
78 0.31300198895507947 0.6070797553487752 0.29803465649604277 0.6477546245147504 0.2436656928582579 0.6277503546407823 0.2586331227299752 0.5870757092997512
67 0.29922538782943775 0.6072512953060004 0.2852147641592637 0.6586520063968088 0.24588984733031793 0.647934093486057 0.2599005948715103 0.5965335827802086
28 0.27526562351260964 0.6561259471786132 0.28485784811061876 0.6592796117503243 0.2504491725920843 0.7639219959289028 0.24085696562497105 0.7607683687499882
28 0.22390271954179752 0.744967603879659 0.21499420114560053 0.7407102351603138 0.259419339499118 0.6477650744718172 0.26832769526515676 0.6520223976518247