9 0.2993806624519948 0.3112140035550704 0.32740943809960754 0.3118714329545292 0.32409938097339364 0.45298621667376165 0.2960706054983575 0.4523287927174391
9 0.39264429158538405 0.3472377183410431 0.41838159734129476 0.34914753020765754 0.4078963171372152 0.49044383893656607 0.38215901312889855 0.4885340444166281
9 0.4112292611898738 0.34183080433838603 0.43606418996762386 0.34194831997521286 0.4354111483227143 0.47995093233779385 0.41057621954837487 0.4798334177211452
9 0.4378471143925253 0.35737390389293777 0.46122610080828963 0.35669840195839214 0.4652122982452056 0.49465275757568616 0.44183331210376764 0.4953282534213787
9 0.5355707846063069 0.49807411825907033 0.5135281025623044 0.4983116395379398 0.5122267186316094 0.37752901997433236 0.5342690411216608 0.3772915006489767
9 0.5864259316361995 0.485134094159416 0.564662366029097 0.484353239321632 0.5688457738334591 0.3677677043105163 0.5906090043994254 0.3685485530656618
9 0.6205173269730722 0.4943842382174334 0.5983821408517542 0.4932892221956291 0.604548862889601 0.36864370858880924 0.6266836813763348 0.3697387154150217
9 0.6884037602792432 0.4590580715853342 0.6651544610386964 0.4612583384597912 0.6537294606041542 0.3405393799710326 0.6769784122749343 0.33833912985392517
9 0.6566885375792708 0.7843420680950466 0.634796639257388 0.7869890881057017 0.6203738435336845 0.667724136127803 0.6422651715704433 0.6650771507706342
9 0.5880639312600806 0.7778642888229323 0.5669750001137572 0.7790378382797564 0.5604833826214417 0.6623957953739281 0.5815717794590682 0.6612222607270337
75 0.5289995383739097 0.598250023405319 0.5419212463024223 0.5985056985926106 0.5409357517618218 0.6483063282684396 0.5280140438665057 0.6480506542951885
78 0.508503530575581 0.5633615946951789 0.5309076383016418 0.5640894079203771 0.5282608922213967 0.6455548203641538 0.5058567847516997 0.6448270125937633
28 0.5159175062500481 0.6978569031249997 0.5197500376829112 0.6978147756789291 0.5202652647427612 0.7446801243614989 0.5164327333137635 0.7447222515913403
75 0.4527349393940767 0.5825394768194276 0.46927633813186276 0.5816394066284498 0.4725465672362361 0.641732641346698 0.45600516890738163 0.6426327064805676
75 0.47042248409650256 0.6020941479549325 0.47531972011927337 0.601493647034625 0.4811420801551094 0.6489708971850218 0.47624484463187855 0.6495713953662009
75 0.43055675462119325 0.6645559174227275 0.42156252733354904 0.6636922710834792 0.427233027020975 0.604646208887574 0.4362271517265981 0.6055098502628365
9 0.4153789509248327 0.7857686534852473 0.392532560186055 0.7844012516504287 0.39969888603957315 0.6646931093547634 0.422544673064408 0.6660604930718987
9 0.3250600551829166 0.6735363935786023 0.34890496469006393 0.6742258373863934 0.34544569979470907 0.7938481209448096 0.32160079065533864 0.7931586863590877