67 0.5366358787842955 0.25686300170360055 0.547912784935761 0.28207759589247605 0.5067683054751342 0.30047844770343946 0.49549145610842515 0.2752639016695785
67 0.5817304678827213 0.3147864709771944 0.5758401802787603 0.3501391023115763 0.5069069920566562 0.3386539760233981 0.5127973773514896 0.30330146670895236
25 0.6205168788034143 0.31453572997718626 0.6214281753781279 0.323029076197884 0.5735078497438053 0.32817047620072176 0.5725965750001478 0.31967714999999514
78 0.5475455577305866 0.39868901289474634 0.4823779412325848 0.3798653545546669 0.49675067485009095 0.3301095349738477 0.5619179393721652 0.3489331393138577
67 0.6156836328659665 0.34790361613941134 0.6193288910161527 0.38187701341929603 0.5296417686511177 0.3914994310063284 0.5259966975348789 0.35752620226752657
28 0.6802765562333661 0.35673988349079855 0.6805560003230084 0.3613057519244239 0.6131557574560702 0.3654305172852062 0.6128763312498222 0.3608646656249647
28 0.5852927564710626 0.3581906579977261 0.5844699435947405 0.3518972320535976 0.660052308733384 0.34201572767800575 0.6608751431282371 0.34830912762500305
28 0.5796090880884321 0.3294387508508225 0.5786798118269871 0.3192687246322695 0.680956832998163 0.30992330974432225 0.681886154992867 0.3200932852860514
28 0.569521525189657 0.31792003159551235 0.5684174832325652 0.3142598815801058 0.6243750338931022 0.29738138125287433 0.62547908143938 0.3010415209637162
76 0.4823376749266117 0.4923446928017472 0.4818316583792921 0.48305598163020935 0.5211647056481752 0.480913365269517 0.5216707477233058 0.49020204931044126
76 0.5260337202804521 0.4922218106613756 0.5258605772327201 0.5065273224514591 0.4833510019567484 0.5060127702106597 0.4835241906249621 0.49170730468747076
76 0.548408619314273 0.5297133175800508 0.5491993315807804 0.5606883069552656 0.48944470601804824 0.5622133455157735 0.488654151562514 0.5312385109374957
28 0.5487849109374565 0.5513065062500452 0.5486270538044664 0.5434992497390778 0.6937702075277912 0.540564299948515 0.6939281569292461 0.5483714591719554
78 0.553214340221416 0.5609663538942121 0.5548421070147924 0.5971602475131965 0.47629678679038534 0.600691919978843 0.47466928178107537 0.5644982766942402
78 0.5610330081614165 0.5920502478382336 0.5639935979663733 0.6153378398628027 0.4946569720077605 0.6241513880723993 0.49169654842830823 0.6008639461867828
78 0.5622828012517402 0.6083093621588516 0.5714544591845652 0.6366982541491716 0.5126467142292768 0.6556948164450833 0.5034752548398274 0.6273060933972135
78 0.5138570811948284 0.6920672399836512 0.5114193502193984 0.6326865976416536 0.5883697627430138 0.6295278986116971 0.5908079344792441 0.6889080819821218
75 0.5821615763132968 0.7502116982030764 0.5802166057767408 0.7378545044870926 0.6218200268501732 0.731307331432176 0.6237650446798852 0.7436644663453118
67 0.5865458526376415 0.7128914775159285 0.5759103267089358 0.7372924546681743 0.5325404159949585 0.7183918419710132 0.5431759807291883 0.6939909903168062
67 0.6077882849705247 0.6855979310415217 0.608587769686892 0.6952725002269468 0.5578033550191321 0.6994684505533414 0.5570039260588828 0.6897939334597282
28 0.7341250897668488 0.6590278778354776 0.7338848026149662 0.6833812560987049 0.5917416045273285 0.6819774154166183 0.591982241659025 0.6576243819738217
28 0.5999003116450012 0.6562847413978842 0.6004329561393433 0.6498930691944462 0.6625596406463501 0.6550695294438765 0.6620270388730205 0.6614611616659822
67 0.42388826885405706 0.7285732041589672 0.41370103879648923 0.6899175795890614 0.4933749781185952 0.6689234067360006 0.5035624236284093 0.7075786922928269
28 0.4441490116540763 0.7143049174240397 0.44816652775307375 0.7231210434077096 0.35732849539988365 0.764508705501205 0.35331109594744703 0.755692678618667
28 0.33467591406247266 0.7371478124999986 0.3323157997705266 0.7291695178454033 0.4229636490829307 0.70235817639647 0.42532381134333264 0.7103363886337639
67 0.4542293528256778 0.6255704745717376 0.453459718606382 0.6060092733311887 0.4787412914294009 0.6050146791306079 0.4795109700944522 0.624575833981666
67 0.47709122867581755 0.600145087232732 0.4450286539293984 0.6042193806537531 0.44147662485363526 0.576269065425128 0.4735390388603946 0.5721947823737782
78 0.40591137486342177 0.3752034022484169 0.41040178820890105 0.34033128002717705 0.4686827082733771 0.34783565788770376 0.46419241941828204 0.38270766789490707
78 0.48380329195435934 0.310273206811658 0.47555177238655233 0.35746212195857496 0.41016220798201175 0.3460282023027811 0.418413849699391 0.2988394420968733
67 0.4091043698166459 0.3141734759337737 0.40740634826465794 0.3249630099532704 0.3895376287040335 0.32215096218641504 0.3912356578781555 0.31136143756112694
78 0.40135907120657066 0.3012869411856454 0.41537188019628957 0.23964478711661127 0.4923235665221455 0.25713744526477633 0.47831099715688197 0.31877939009953804
75 0.48157199181844135 0.24558523720729125 0.4789381847192544 0.25426308202480435 0.44183045864247106 0.24300071740718152 0.44446427280900025 0.2343228851565277
25 0.3811268386490383 0.240053270017138 0.38544676429910396 0.23059327015906658 0.4481936527532753 0.25924616631025454 0.4438737562802544 0.2687061413809132
25 0.4203749655894171 0.3584210243835606 0.4185624188426118 0.36589720534606424 0.3434830893045273 0.3476952749066587 0.3452956570271226 0.34021912470383453
28 0.41095008967636204 0.27185484676212157 0.4084305440578646 0.27878308950755254 0.3450267085735277 0.25572588142913905 0.34754626250003184 0.2487976578124867