67 0.41763453022190333 0.7424338442417806 0.41965339108776334 0.7637694889472406 0.3928633788403886 0.7663039483171944 0.3908445893563339 0.7449683696705758
67 0.4262271199913812 0.733856962624461 0.4136653908365133 0.7156896505083725 0.44270325844445324 0.6956146525896295 0.4552649690618864 0.7137818946885464
67 0.4343348222081431 0.6704945378884483 0.4601092104626332 0.6464214699849502 0.4824284263122536 0.6703148738397836 0.45665411628135644 0.6943878612649557
75 0.4008958796874822 0.32495469687499795 0.4011011424190656 0.31584285595921263 0.42897752059957384 0.3164707927127612 0.4287722705470287 0.32558262127279713
75 0.4132151880850188 0.2797035026084574 0.41584329575528045 0.2878520621596402 0.3801655895308613 0.29935865550780005 0.3775374976740977 0.29121010939882797
75 0.4063826320643784 0.2646404533184477 0.4112026420298207 0.28162303709329634 0.36588007344232665 0.29448615764628905 0.36106010332355254 0.27750360802063395
67 0.42089106233913753 0.26990249239091957 0.4084646767829554 0.2786576384599761 0.3884597626940831 0.250264757718593 0.4008861244313948 0.24150962351140717
67 0.48466540403376257 0.2820797806579522 0.4752684192833385 0.2954652085692534 0.43164935487061484 0.26484393600211825 0.44104633089671097 0.25145853800074186
75 0.4829718069864839 0.29337203189059413 0.48252813984458953 0.27273967366706076 0.5217280528222545 0.2718967437955642 0.522171753995508 0.2925290672380243
76 0.5507725233137535 0.33314723653397993 0.5075266896362791 0.36017196499250237 0.47258483546227126 0.3042584814500324 0.5158304582025721 0.27723384011860247
78 0.5139665439731971 0.3971799141323319 0.5065248584290885 0.34300122468738403 0.56455542889546 0.33503077205634546 0.5719972618826432 0.3892092852592923
67 0.5512257244660077 0.3871654459180073 0.5368082378066674 0.3482269440797045 0.5858389232004129 0.3300734027151889 0.6002564585485288 0.3690117928096065
28 0.6608994940208959 0.32225882926987415 0.6628392056121584 0.3285452235461902 0.5795618816808883 0.3542399443053147 0.5776222031249745 0.34795357812495503
28 0.6975280298694315 0.3549301644882834 0.6979633922577477 0.3621066418079526 0.5945390065088532 0.36838024786917845 0.5941036872488894 0.3612038104257427
75 0.5820098242429594 0.3807085785077014 0.5876978863780096 0.3969549664776574 0.545552245649219 0.4117098958570533 0.5398642350803584 0.39546355164221025
76 0.5557214164963398 0.507022849487207 0.5539511378967745 0.487814611876457 0.6226755489851712 0.4814811371936002 0.6244459169863603 0.5006892750821734
67 0.5116796482411701 0.6749212943372845 0.5216487889048267 0.6959901223798831 0.48396646104129104 0.7138175357321429 0.4739974295267757 0.6927488005828164
67 0.4453791832988827 0.7609601181953728 0.4357314263444323 0.7457764845421144 0.47864869749423633 0.7185111434777087 0.4882964433631969 0.7336946906514528
75 0.4921543426040671 0.7171685065847268 0.4946190666679513 0.7044357854195314 0.5298005482420649 0.7112449156464495 0.5273358807098703 0.723977587143983
75 0.4840374462521595 0.7291469685272548 0.485806352489476 0.7173089829139307 0.5153672316447455 0.7217254311677418 0.5135983690533976 0.7335633776425063