76 0.3014824143876922 0.46159008560293885 0.27599656358927405 0.4635943881656651 0.2737131201131433 0.43456016578306866 0.29919887031246617 0.4325558671875017
76 0.30661382764913014 0.43177019986340853 0.3569498787978773 0.45552185948038426 0.3360957444156156 0.49971432834718305 0.285759745214591 0.4759627510736524
75 0.35036210627993114 0.4451265029727584 0.356120172319379 0.44569850451852694 0.35419156015279896 0.4651117062130324 0.3484334942274927 0.4645397054414427
67 0.6618403605748426 0.4856423960772384 0.6433139966692352 0.4918256660555129 0.6276928505551496 0.4450244323699158 0.6462190937500054 0.4388411843749893
28 0.6158177484375074 0.3115634953124987 0.6237128659983 0.31133493955546965 0.6276310670862131 0.4466778328321524 0.6197359496014769 0.44690638678988054
67 0.7277478900726919 0.43064110859144666 0.705463743858104 0.47318324405560735 0.6656948226635677 0.45235289118494876 0.6879789839276782 0.40981088472766325
67 0.7059636432782099 0.48263532328355224 0.7192823360796865 0.5018045185505519 0.68142142499903 0.5281080134478857 0.668102808419917 0.508938886301966
67 0.6543592141157433 0.5572390376610237 0.6319576625281798 0.5446544663866493 0.6549817382762058 0.5036734310205803 0.6773831530006191 0.516257954095958
76 0.6198113736248843 0.5957347138086191 0.5951229860994545 0.5965976812502184 0.5929688699591225 0.534973147540267 0.6176569986973846 0.5341101845888251
76 0.5933614377970571 0.6173189251964462 0.5671153308237535 0.6193830990095931 0.5616321317971824 0.5496689342266838 0.5878779151969411 0.547604773165261
28 0.6330391542689995 0.7301985849709387 0.6261963565632414 0.7310996794150806 0.6078695494290969 0.5919465073997887 0.6147121624999272 0.5910454250000032
28 0.5937927026194529 0.7394354212839392 0.5839000618860837 0.7402953222709258 0.5719845144584497 0.6032317380985361 0.5818768890625279 0.6023718484375021
28 0.3604296048700917 0.6080350551661253 0.36714438254739434 0.608449232619185 0.3595083662506795 0.7322308597727412 0.3527935890624576 0.7318166874999996
75 0.30468609599302 0.5441216722702149 0.29790007329961554 0.5401804444740232 0.30710366760843044 0.5243350587887335 0.3138896743889745 0.5282762807095331